2444.927438 0.0000000 0.0000000 0.0000000 -0.0000000 -0.0000000 -0.0000000 1.0000000
2449.726974 -0.0159049 0.0019000 0.0020467 -0.0230001 -0.0234274 -0.0016739 0.9994596
2450.176930 -0.0212004 0.0017630 0.0025987 -0.0197110 -0.0329624 -0.0049876 0.9992498
2450.226925 -0.0215539 0.0016507 0.0024776 -0.0199935 -0.0340309 -0.0059966 0.9992028
2450.326915 -0.0223030 0.0014883 0.0025195 -0.0179261 -0.0368715 -0.0089308 0.9991193
2451.226828 -0.0369104 0.0013489 0.0023272 -0.0116701 -0.0598234 -0.0303794 0.9976783
2451.826770 -0.0473483 0.0017448 0.0020333 -0.0105249 -0.0758210 -0.0403217 0.9962503
2451.926760 -0.0481527 0.0019270 0.0022490 -0.0105624 -0.0795517 -0.0410329 0.9959298
2452.826673 -0.0655060 0.0035399 -0.0019995 -0.0036697 -0.1111453 -0.0509167 0.9924922
2453.276630 -0.0715196 0.0040365 -0.0025282 -0.0086578 -0.1261648 -0.0615207 0.9900620
2456.326335 -0.1109206 0.0126943 -0.0080432 -0.0125701 -0.1852961 -0.1218130 0.9750226
2456.726296 -0.1168606 0.0143510 -0.0102696 -0.0144929 -0.1905644 -0.1324171 0.9725950
2457.026267 -0.1230496 0.0166545 -0.0113977 -0.0165205 -0.1996191 -0.1391792 0.9697981
2457.576214 -0.1340081 0.0198982 -0.0158183 -0.0166689 -0.2186200 -0.1547223 0.9633216
2457.826189 -0.1392121 0.0218905 -0.0191171 -0.0160071 -0.2271201 -0.1627943 0.9600304
2457.876184 -0.1405024 0.0218405 -0.0202344 -0.0162797 -0.2278892 -0.1647080 0.9595169
2458.026170 -0.1426899 0.0217785 -0.0219792 -0.0159828 -0.2308927 -0.1663294 0.9585237
2458.376136 -0.1485095 0.0271661 -0.0253076 -0.0018214 -0.2421562 -0.1746742 0.9543825
2458.476126 -0.1532687 0.0263063 -0.0279698 0.0046200 -0.2494823 -0.1770823 0.9520395
2458.676502 -0.1589396 0.0268207 -0.0323611 0.0165430 -0.2625161 -0.1796438 0.9479134
2458.980345 -0.1650237 0.0279069 -0.0368360 0.0337563 -0.2769883 -0.1824338 0.9427915
2459.084542 -0.1670739 0.0288705 -0.0381892 0.0423895 -0.2825761 -0.1823163 0.9408053
2459.136493 -0.1684355 0.0292225 -0.0400735 0.0465554 -0.2846790 -0.1830428 0.9398329
2459.438499 -0.1724640 0.0292794 -0.0435358 0.0692532 -0.2966870 -0.1818805 0.9349333
2459.541946 -0.1744795 0.0288361 -0.0450479 0.0775573 -0.3026032 -0.1817665 0.9324039
2460.248475 -0.1860552 0.0315324 -0.0542289 0.1201044 -0.3318161 -0.1815549 0.9178839
2460.751923 -0.1909551 0.0331401 -0.0597293 0.1413327 -0.3448831 -0.1787253 0.9105701
2462.051877 -0.2097823 0.0413172 -0.0753858 0.1858428 -0.3806629 -0.1794599 0.8878921
2463.651129 -0.2223396 0.0498423 -0.0888840 0.1943242 -0.4022521 -0.1762741 0.8771310
2465.925405 -0.2386535 0.0667752 -0.1136073 0.1762552 -0.4142680 -0.1890289 0.8726879
2466.025395 -0.2386391 0.0667866 -0.1138120 0.1697786 -0.4124618 -0.1919798 0.8741820
2467.675236 -0.2507307 0.0886767 -0.1283560 0.0847305 -0.3870430 -0.2403980 0.8861305
2467.925211 -0.2511129 0.0889131 -0.1294029 0.0778236 -0.3827987 -0.2436946 0.8877059
2468.275178 -0.2544536 0.0935311 -0.1317562 0.0650821 -0.3881266 -0.2506636 0.8844715
2469.525057 -0.2594867 0.1017757 -0.1391712 0.0344338 -0.3818396 -0.2663094 0.8843597
2469.625047 -0.2609741 0.1019731 -0.1398624 0.0334860 -0.3808967 -0.2671078 0.8845620
2470.075398 -0.2626170 0.1049630 -0.1428303 0.0263360 -0.3768689 -0.2705975 0.8854678
2470.891756 -0.2671663 0.1092881 -0.1495713 0.0217968 -0.3769235 -0.2725857 0.8849580
2471.754572 -0.2713662 0.1138797 -0.1555905 0.0194789 -0.3714818 -0.2741710 0.8868214
2472.505783 -0.2760677 0.1194526 -0.1620560 0.0071231 -0.3645157 -0.2808050 0.8878210
2472.955937 -0.2782710 0.1216262 -0.1649407 0.0071812 -0.3696464 -0.2800872 0.8859239
2473.305508 -0.2810162 0.1218962 -0.1697567 0.0226909 -0.3796870 -0.2716714 0.8840348
2473.454862 -0.2818205 0.1217638 -0.1705763 0.0363164 -0.3858184 -0.2646504 0.8830546
2475.145394 -0.2892473 0.1198009 -0.1883434 0.1326456 -0.4275033 -0.2144034 0.8681458
2475.687479 -0.2915043 0.1208004 -0.1928873 0.1528681 -0.4347886 -0.2036339 0.8637844
2476.824350 -0.2980165 0.1271590 -0.2018300 0.1428415 -0.4281614 -0.2080126 0.8677586
2476.974335 -0.2978752 0.1282398 -0.2027001 0.1449863 -0.4282691 -0.2066025 0.8676866
2477.224311 -0.2986937 0.1283188 -0.2025371 0.1493549 -0.4291288 -0.2042077 0.8670875
2477.674268 -0.2987640 0.1301652 -0.2046877 0.1426162 -0.4244895 -0.2074174 0.8697398
2477.774258 -0.2985647 0.1303380 -0.2053544 0.1358754 -0.4214536 -0.2107058 0.8715032
2478.324205 -0.3024456 0.1365038 -0.2070913 0.1048670 -0.4104484 -0.2279460 0.8766845
2478.824156 -0.3056276 0.1428608 -0.2082247 0.0684469 -0.3891102 -0.2489658 0.8842648
2479.174122 -0.3062813 0.1448286 -0.2087578 0.0405513 -0.3764147 -0.2638543 0.8871576
2479.674074 -0.3044664 0.1499437 -0.2078554 0.0036955 -0.3641449 -0.2831562 0.8872471
2480.074035 -0.3032247 0.1516585 -0.2069576 -0.0247142 -0.3515412 -0.2980579 0.8871130
2480.324011 -0.3031765 0.1522478 -0.2067358 -0.0404105 -0.3433309 -0.3061877 0.8869836
2480.523992 -0.3016874 0.1537184 -0.2058151 -0.0505587 -0.3374426 -0.3117523 0.8867846
2480.873958 -0.3017398 0.1542956 -0.2063882 -0.0614289 -0.3323914 -0.3172607 0.8860520
