2469.725037 0.0000000 0.0000000 0.0000000 -0.0000000 -0.0000000 -0.0000000 1.0000000
2471.247509 -0.0224290 0.0027921 -0.0000650 -0.0071812 -0.0016936 -0.0000576 0.9999728
2471.349495 -0.0225431 0.0027446 0.0001862 -0.0068271 -0.0018661 0.0001418 0.9999750
2471.502878 -0.0251110 0.0042565 0.0005502 -0.0082310 0.0018218 -0.0000320 0.9999645
2471.904874 -0.0303114 0.0054780 0.0006397 -0.0203732 0.0057330 -0.0009493 0.9997756
2472.005891 -0.0316259 0.0055350 0.0006331 -0.0219402 0.0059321 -0.0008628 0.9997413
2472.656085 -0.0433040 0.0068247 0.0011814 -0.0293030 0.0057172 -0.0017417 0.9995527
2473.005933 -0.0469096 0.0070223 0.0012212 -0.0255034 0.0007944 -0.0011586 0.9996737
2473.355662 -0.0544120 0.0041259 0.0007715 -0.0010339 -0.0032734 -0.0000150 0.9999941
2473.454862 -0.0545454 0.0036341 0.0003203 0.0083044 -0.0044500 0.0006727 0.9999554
2473.653795 -0.0546616 0.0025075 -0.0011243 0.0265079 -0.0086620 0.0019146 0.9996092
2474.152601 -0.0549219 0.0054551 -0.0028316 0.0627932 -0.0137171 0.0046175 0.9979216
2475.438708 -0.0766178 -0.0092579 -0.0065233 0.1389932 -0.0232897 0.0058067 0.9900025
2476.029050 -0.0839520 -0.0078446 -0.0084586 0.1413114 -0.0230212 0.0069510 0.9896731
2476.624369 -0.0905512 -0.0069266 -0.0078885 0.1314034 -0.0164791 0.0074231 0.9911642
2476.824350 -0.0924494 -0.0071824 -0.0091508 0.1369203 -0.0181237 0.0080234 0.9903838
2477.024331 -0.0970554 -0.0077514 -0.0090528 0.1397067 -0.0166326 0.0080025 0.9900209
2477.374297 -0.0969875 -0.0078595 -0.0088844 0.1452605 -0.0153096 0.0083023 0.9892402
2477.674268 -0.0971350 -0.0076037 -0.0092428 0.1352731 -0.0139679 0.0083782 0.9906745
2479.174122 -0.1132605 0.0034803 -0.0095694 0.0102121 0.0056621 0.0028685 0.9999277
2479.674074 -0.1176070 0.0096568 -0.0081709 -0.0333774 0.0069605 -0.0027728 0.9994147
2480.024040 -0.1188700 0.0148351 -0.0058076 -0.0637185 0.0107706 -0.0055873 0.9978942
2480.124030 -0.1180685 0.0174863 -0.0070211 -0.0689908 0.0102879 -0.0062914 0.9975444
2480.723972 -0.1176533 0.0176999 -0.0072014 -0.1081354 0.0156073 -0.0096546 0.9939668
2481.673880 -0.1171297 0.0161654 -0.0069087 -0.1094136 0.0136714 -0.0093286 0.9938585
