2469.725037 0.0000000 0.0000000 0.0000000 -0.0000000 -0.0000000 -0.0000000 1.0000000
2470.891756 -0.0144190 0.0007677 -0.0012612 -0.0113577 -0.0002769 -0.0005804 0.9999353
2471.502878 -0.0205228 0.0004527 -0.0018204 -0.0095222 0.0017349 -0.0002074 0.9999532
2471.704715 -0.0226102 0.0011784 -0.0018342 -0.0145748 0.0044429 -0.0007624 0.9998837
2471.955580 -0.0257366 0.0020400 -0.0016532 -0.0227237 0.0057621 -0.0011897 0.9997245
2472.206050 -0.0300587 0.0026726 -0.0018635 -0.0295152 0.0101975 -0.0018355 0.9995106
2472.505783 -0.0336021 0.0026642 -0.0023465 -0.0306815 0.0073676 -0.0019320 0.9995002
2472.955937 -0.0377369 0.0022780 -0.0028427 -0.0292244 0.0019487 -0.0015820 0.9995697
2473.255651 -0.0420058 0.0007796 -0.0035669 -0.0145783 -0.0029616 -0.0004200 0.9998893
2474.102764 -0.0499733 -0.0056389 -0.0068324 0.0564598 -0.0113475 0.0032260 0.9983352
2474.202182 -0.0514962 -0.0056677 -0.0072035 0.0641646 -0.0134473 0.0037162 0.9978418
2474.650598 -0.0558163 -0.0080879 -0.0093787 0.0924390 -0.0203200 0.0044745 0.9955009
2475.145394 -0.0605948 -0.0120330 -0.0115737 0.1226082 -0.0198920 0.0060204 0.9922375
2476.424389 -0.0737152 -0.0112917 -0.0142134 0.1271283 -0.0171945 0.0072082 0.9917111
2476.674364 -0.0777819 -0.0118021 -0.0147196 0.1316597 -0.0166674 0.0076739 0.9911252
2476.774355 -0.0781784 -0.0115181 -0.0151146 0.1337187 -0.0182042 0.0078345 0.9908211
2476.874345 -0.0797214 -0.0119557 -0.0157980 0.1356851 -0.0172752 0.0082256 0.9905673
2476.974335 -0.0800342 -0.0123236 -0.0161689 0.1367252 -0.0172001 0.0079485 0.9904278
2477.624272 -0.0847032 -0.0120599 -0.0164029 0.1362227 -0.0136324 0.0078349 0.9905535
2478.774161 -0.0968716 -0.0041874 -0.0144572 0.0463576 0.0011317 0.0037035 0.9989174
2478.824156 -0.0977219 -0.0041787 -0.0150875 0.0419624 0.0025580 0.0029426 0.9991116
2479.924050 -0.0999293 0.0075492 -0.0134660 -0.0585981 0.0101506 -0.0049662 0.9982177
2480.124030 -0.1000788 0.0103124 -0.0162775 -0.0707234 0.0104224 -0.0059322 0.9974239
2481.423905 -0.0993532 0.0091431 -0.0121422 -0.1128646 0.0165396 -0.0095995 0.9934263
2481.523895 -0.0980165 0.0082506 -0.0134154 -0.1128319 0.0155856 -0.0093136 0.9934483
2481.673880 -0.0980417 0.0093175 -0.0137729 -0.1108969 0.0135348 -0.0083752 0.9937045
