2444.927438 0.0000000 0.0000000 0.0000000 -0.0000000 -0.0000000 -0.0000000 1.0000000
2449.726974 -0.0146461 0.0019006 0.0021898 -0.0230531 -0.0239865 -0.0014637 0.9994454
2449.826964 -0.0151903 0.0019976 0.0025924 -0.0217531 -0.0259767 -0.0017770 0.9994243
2449.976949 -0.0171802 0.0017467 0.0022617 -0.0206933 -0.0283346 -0.0029176 0.9993801
2450.276920 -0.0212146 0.0010624 0.0023049 -0.0185562 -0.0355648 -0.0075066 0.9991669
2450.776872 -0.0289478 0.0012663 0.0027307 -0.0133485 -0.0488072 -0.0199341 0.9985201
2451.376814 -0.0381229 0.0009101 0.0022289 -0.0111821 -0.0638846 -0.0329106 0.9973518
2451.826770 -0.0458372 0.0016643 0.0020765 -0.0105629 -0.0762041 -0.0401966 0.9962257
2452.076746 -0.0477465 0.0015719 0.0014631 -0.0090328 -0.0841413 -0.0415495 0.9955462
2452.726683 -0.0597391 0.0027184 -0.0007653 -0.0035539 -0.1023357 -0.0482771 0.9935714
2452.826673 -0.0636834 0.0028596 -0.0025972 -0.0039467 -0.1114235 -0.0507989 0.9924660
2453.726586 -0.0742844 0.0042641 -0.0027007 -0.0082456 -0.1351588 -0.0671794 0.9885095
2454.076552 -0.0775643 0.0048274 -0.0028495 -0.0089676 -0.1400781 -0.0753815 0.9872261
2456.676301 -0.1118293 0.0128964 -0.0097931 -0.0145176 -0.1905920 -0.1314148 0.9727251
2457.326238 -0.1254490 0.0171740 -0.0146432 -0.0186605 -0.2104134 -0.1462881 0.9664253
2457.526218 -0.1294472 0.0180949 -0.0164018 -0.0184523 -0.2171581 -0.1516548 0.9641072
2458.076165 -0.1410699 0.0213426 -0.0225603 -0.0159811 -0.2320359 -0.1671647 0.9581023
2458.176155 -0.1406071 0.0210626 -0.0227931 -0.0118532 -0.2352589 -0.1702291 0.9568358
2458.376136 -0.1449231 0.0252035 -0.0241177 -0.0029059 -0.2437588 -0.1744975 0.9540042
2458.526122 -0.1505692 0.0247726 -0.0283370 0.0050938 -0.2540228 -0.1768685 0.9508754
2458.576117 -0.1529872 0.0253028 -0.0302290 0.0077441 -0.2568390 -0.1778933 0.9499094
2458.929619 -0.1605913 0.0270963 -0.0359834 0.0295507 -0.2750302 -0.1819935 0.9435908
2458.980345 -0.1612176 0.0271323 -0.0366595 0.0335575 -0.2784041 -0.1819719 0.9424708
2459.084542 -0.1634254 0.0274309 -0.0383346 0.0418835 -0.2838893 -0.1819980 0.9404942
2459.387891 -0.1679654 0.0272901 -0.0427157 0.0638331 -0.2958030 -0.1818107 0.9356125
2459.489521 -0.1691109 0.0275561 -0.0439044 0.0723160 -0.3010063 -0.1814490 0.9334034
2459.796524 -0.1761058 0.0293643 -0.0488709 0.0916634 -0.3158351 -0.1835038 0.9263760
2460.398896 -0.1833083 0.0306288 -0.0571020 0.1268853 -0.3360166 -0.1803868 0.9156711
2460.902580 -0.1896984 0.0333407 -0.0627174 0.1472027 -0.3530849 -0.1791172 0.9064102
2461.602137 -0.2014908 0.0366642 -0.0729641 0.1669799 -0.3732555 -0.1842590 0.8937823
2465.525819 -0.2362152 0.0676776 -0.1123530 0.1921866 -0.4226957 -0.1804772 0.8670759
2465.875410 -0.2369305 0.0677893 -0.1131682 0.1790663 -0.4161670 -0.1872047 0.8716047
2465.975400 -0.2372428 0.0685275 -0.1121359 0.1736723 -0.4138850 -0.1903285 0.8731049
2466.425357 -0.2344695 0.0700883 -0.1211622 0.1417945 -0.4130502 -0.2053953 0.8758405
2466.875313 -0.2347174 0.0716452 -0.1248545 0.1108730 -0.3990163 -0.2227173 0.8825476
2469.075100 -0.2501548 0.0944920 -0.1362950 0.0436545 -0.3818742 -0.2612176 0.8854557
2469.275081 -0.2516863 0.0963442 -0.1386173 0.0400037 -0.3850744 -0.2625962 0.8838329
2469.475061 -0.2528412 0.0978432 -0.1392698 0.0351328 -0.3843122 -0.2650187 0.8836487
2469.675042 -0.2562521 0.1001413 -0.1389693 0.0321451 -0.3820755 -0.2665136 0.8842825
2470.736931 -0.2616659 0.1068348 -0.1464105 0.0222487 -0.3754373 -0.2720494 0.8857432
2470.943687 -0.2634560 0.1087421 -0.1487288 0.0217741 -0.3793181 -0.2718247 0.8841691
2471.451994 -0.2656623 0.1102695 -0.1526391 0.0243050 -0.3781989 -0.2706724 0.8849359
2472.306356 -0.2713557 0.1172897 -0.1592472 0.0082247 -0.3647856 -0.2801397 0.8879108
2473.105646 -0.2746945 0.1212185 -0.1650959 0.0098521 -0.3749086 -0.2779487 0.8843591
2473.553627 -0.2782723 0.1200091 -0.1707817 0.0445079 -0.3923304 -0.2598790 0.8812258
2475.145394 -0.2864477 0.1185567 -0.1863621 0.1324273 -0.4287885 -0.2137400 0.8677089
2475.390431 -0.2867185 0.1191104 -0.1891755 0.1393651 -0.4338002 -0.2103309 0.8649600
2475.537454 -0.2878290 0.1190951 -0.1899214 0.1498614 -0.4357135 -0.2047312 0.8635859
2476.924340 -0.2929707 0.1264703 -0.2005948 0.1445509 -0.4298738 -0.2056883 0.8671828
2477.074326 -0.2933485 0.1270115 -0.2007688 0.1462415 -0.4296834 -0.2049305 0.8671730
2477.524282 -0.2944075 0.1282011 -0.2023623 0.1480229 -0.4274872 -0.2039409 0.8681889
2477.674268 -0.2940955 0.1284269 -0.2025781 0.1425375 -0.4259656 -0.2067449 0.8691909
2478.324205 -0.2968487 0.1337175 -0.2059807 0.1045629 -0.4118631 -0.2274248 0.8761925
2478.474190 -0.2976306 0.1348397 -0.2072102 0.0938359 -0.4074993 -0.2328686 0.8780156
2478.574180 -0.2975199 0.1362585 -0.2067723 0.0847001 -0.4036608 -0.2373328 0.8795209
2479.424098 -0.2989785 0.1444335 -0.2077306 0.0211695 -0.3711278 -0.2735309 0.8871285
2479.924050 -0.2975867 0.1482840 -0.2062247 -0.0169117 -0.3559867 -0.2933927 0.8870785
2480.074035 -0.2972844 0.1482701 -0.2068690 -0.0252249 -0.3530571 -0.2975870 0.8866546
2480.723972 -0.2960410 0.1515700 -0.2053842 -0.0585347 -0.3357494 -0.3155607 0.8855888
2480.873958 -0.2957689 0.1514255 -0.2051177 -0.0615508 -0.3340801 -0.3170506 0.8854834
2481.923856 -0.2953913 0.1513393 -0.2049565 -0.0586703 -0.3395285 -0.3147045 0.8844429
