2469.725037 0.0000000 0.0000000 0.0000000 -0.0000000 -0.0000000 -0.0000000 1.0000000
2471.247509 -0.0201883 0.0002965 -0.0019888 -0.0080173 -0.0019091 -0.0001025 0.9999660
2471.502878 -0.0223266 0.0003894 -0.0021639 -0.0095524 0.0014818 -0.0002061 0.9999533
2471.704715 -0.0250942 0.0011440 -0.0023038 -0.0146215 0.0043864 -0.0007524 0.9998832
2471.804883 -0.0260178 0.0011302 -0.0023921 -0.0175494 0.0049297 -0.0009056 0.9998335
2472.406208 -0.0356168 0.0026370 -0.0025835 -0.0304189 0.0077354 -0.0020224 0.9995053
2473.005933 -0.0426899 0.0022467 -0.0035659 -0.0269053 0.0005042 -0.0013980 0.9996369
2473.255651 -0.0464138 0.0006965 -0.0043328 -0.0147201 -0.0030322 -0.0004131 0.9998870
2473.653795 -0.0498386 -0.0028024 -0.0061660 0.0247094 -0.0089993 0.0018108 0.9996526
2473.852650 -0.0519773 -0.0042891 -0.0067531 0.0371326 -0.0094067 0.0024984 0.9992629
2475.145394 -0.0652786 -0.0124910 -0.0123853 0.1229017 -0.0206905 0.0062136 0.9921837
2475.537454 -0.0712935 -0.0143901 -0.0157217 0.1435716 -0.0227792 0.0066335 0.9893555
2476.129395 -0.0783744 -0.0133312 -0.0157545 0.1345149 -0.0219401 0.0072184 0.9906424
2476.624369 -0.0852722 -0.0127230 -0.0154953 0.1293563 -0.0162694 0.0076458 0.9914352
2476.924340 -0.0864277 -0.0126350 -0.0168969 0.1368123 -0.0179145 0.0085798 0.9903979
2477.174316 -0.0878597 -0.0129667 -0.0160976 0.1406572 -0.0173361 0.0084870 0.9898702
2477.274306 -0.0884630 -0.0131635 -0.0165746 0.1429701 -0.0169104 0.0085915 0.9895452
2477.574277 -0.0929607 -0.0127281 -0.0164588 0.1383970 -0.0138644 0.0082408 0.9902455
2477.724263 -0.0939410 -0.0122107 -0.0169473 0.1300212 -0.0128999 0.0085223 0.9913906
2478.474190 -0.1040183 -0.0099763 -0.0177815 0.0745533 -0.0071501 0.0065346 0.9971700
2479.724069 -0.1107617 0.0029039 -0.0156004 -0.0381257 0.0074592 -0.0039119 0.9992375
2479.924050 -0.1117135 0.0047908 -0.0141837 -0.0596256 0.0102842 -0.0062937 0.9981480
2480.324011 -0.1098342 0.0085200 -0.0147403 -0.0877302 0.0128212 -0.0078011 0.9960312
2480.773967 -0.1096940 0.0083320 -0.0151705 -0.1118062 0.0155534 -0.0099093 0.9935589
2481.673880 -0.1110052 0.0060535 -0.0154179 -0.1128579 0.0142361 -0.0107068 0.9934515
