2469.725037 0.0000000 0.0000000 0.0000000 -0.0000000 -0.0000000 -0.0000000 1.0000000
2471.247509 -0.0206937 0.0017476 -0.0012920 -0.0074224 -0.0016531 -0.0003095 0.9999710
2471.502878 -0.0231195 0.0018477 -0.0014470 -0.0089414 0.0019067 -0.0004021 0.9999582
2471.804883 -0.0260888 0.0025834 -0.0017418 -0.0169455 0.0050707 -0.0010148 0.9998431
2472.155896 -0.0320015 0.0042370 -0.0011100 -0.0284197 0.0110135 -0.0018729 0.9995337
2472.505783 -0.0367156 0.0038984 -0.0021280 -0.0302678 0.0072260 -0.0019384 0.9995139
2472.656085 -0.0396134 0.0039559 -0.0023430 -0.0300104 0.0057307 -0.0020371 0.9995311
2473.205498 -0.0472986 0.0024420 -0.0031234 -0.0196205 -0.0016220 -0.0012212 0.9998055
2473.355662 -0.0476405 0.0019214 -0.0038946 -0.0014287 -0.0040745 0.0000575 0.9999907
2473.454862 -0.0474863 0.0015236 -0.0041976 0.0079003 -0.0054056 0.0008800 0.9999538
2474.053085 -0.0536172 -0.0039116 -0.0065404 0.0512580 -0.0104925 0.0031319 0.9986254
2474.152601 -0.0555461 -0.0052636 -0.0071099 0.0587098 -0.0117995 0.0032327 0.9982001
2475.145394 -0.0640815 -0.0114084 -0.0117398 0.1232292 -0.0207201 0.0061931 0.9921426
2476.325840 -0.0798686 -0.0106815 -0.0147360 0.1300827 -0.0185184 0.0069452 0.9913059
2476.624369 -0.0826383 -0.0109864 -0.0146583 0.1299103 -0.0165770 0.0076354 0.9913578
2476.824350 -0.0858949 -0.0119917 -0.0164270 0.1351577 -0.0177593 0.0080121 0.9906325
2476.974335 -0.0871908 -0.0120424 -0.0161471 0.1373118 -0.0172590 0.0080682 0.9903446
2477.324302 -0.0899032 -0.0127420 -0.0157985 0.1423463 -0.0154210 0.0084541 0.9896607
2477.524282 -0.0918033 -0.0126637 -0.0157078 0.1398490 -0.0133837 0.0085740 0.9900452
2477.574277 -0.0915093 -0.0130673 -0.0157362 0.1383255 -0.0138084 0.0083012 0.9902558
2478.824156 -0.1075644 -0.0044833 -0.0147960 0.0418100 0.0029584 0.0033202 0.9991157
2479.774064 -0.1090633 0.0062827 -0.0129048 -0.0435433 0.0082181 -0.0039825 0.9990098
2481.273919 -0.1104081 0.0103266 -0.0117724 -0.1135870 0.0168791 -0.0099138 0.9933352
2481.373909 -0.1088010 0.0117410 -0.0132629 -0.1123207 0.0162497 -0.0104120 0.9934846
2481.773871 -0.1098933 0.0134569 -0.0129851 -0.1099002 0.0130712 -0.0089986 0.9938160
