2444.927438 0.0000000 0.0000000 0.0000000 -0.0000000 -0.0000000 -0.0000000 1.0000000
2449.726974 -0.0157343 0.0020361 0.0022192 -0.0229601 -0.0235468 -0.0015893 0.9994578
2449.776969 -0.0155568 0.0017349 0.0024149 -0.0224487 -0.0247495 -0.0015601 0.9994404
2450.126935 -0.0203441 0.0018780 0.0027096 -0.0205763 -0.0317014 -0.0037497 0.9992785
2450.226925 -0.0213261 0.0017564 0.0027545 -0.0199613 -0.0342749 -0.0059269 0.9991955
2450.476901 -0.0255983 0.0015354 0.0027268 -0.0164982 -0.0416827 -0.0132160 0.9989073
2451.226828 -0.0371141 0.0013246 0.0023939 -0.0116898 -0.0597743 -0.0304338 0.9976794
2451.426809 -0.0403326 0.0018774 0.0029440 -0.0113552 -0.0648999 -0.0329397 0.9972833
2452.426712 -0.0530137 0.0016569 0.0014797 -0.0050974 -0.0899454 -0.0452320 0.9949060
2452.576698 -0.0571637 0.0021898 0.0006660 -0.0033989 -0.0953389 -0.0467995 0.9943383
2452.726683 -0.0613438 0.0025657 -0.0005778 -0.0036592 -0.1020665 -0.0483258 0.9935963
2453.026654 -0.0694391 0.0040429 -0.0027096 -0.0089025 -0.1235624 -0.0565351 0.9906850
2454.026557 -0.0800357 0.0049520 -0.0026006 -0.0089172 -0.1383799 -0.0743487 0.9875443
2456.176349 -0.1092998 0.0118463 -0.0082604 -0.0118546 -0.1844278 -0.1187722 0.9755712
2456.326335 -0.1103496 0.0132052 -0.0080220 -0.0123377 -0.1858359 -0.1215137 0.9749601
2456.826286 -0.1181584 0.0148643 -0.0105407 -0.0161144 -0.1943569 -0.1340685 0.9715922
2457.676204 -0.1356245 0.0199546 -0.0174382 -0.0162761 -0.2217348 -0.1585469 0.9619936
2457.776194 -0.1386270 0.0210325 -0.0190819 -0.0166864 -0.2256339 -0.1613744 0.9606088
2457.976175 -0.1413112 0.0203402 -0.0219934 -0.0170772 -0.2307667 -0.1660772 0.9585789
2458.426131 -0.1509058 0.0240232 -0.0275773 0.0002047 -0.2468221 -0.1753055 0.9530723
2458.626112 -0.1578590 0.0240426 -0.0319613 0.0092463 -0.2592887 -0.1787135 0.9490761
2458.676502 -0.1574483 0.0236851 -0.0320679 0.0149753 -0.2643704 -0.1792867 0.9474916
2458.980345 -0.1650374 0.0266661 -0.0377434 0.0330794 -0.2778426 -0.1823353 0.9425832
2459.136493 -0.1677027 0.0266429 -0.0408398 0.0453315 -0.2858734 -0.1828756 0.9395627
2459.489521 -0.1728109 0.0273001 -0.0448712 0.0719251 -0.3006403 -0.1817475 0.9334934
2459.594331 -0.1748118 0.0280033 -0.0469433 0.0787114 -0.3055348 -0.1820786 0.9312897
2459.695586 -0.1772257 0.0288692 -0.0483047 0.0850248 -0.3109477 -0.1833296 0.9286941
2460.248475 -0.1860876 0.0303529 -0.0555466 0.1194361 -0.3327663 -0.1813271 0.9176722
2460.701533 -0.1903095 0.0315347 -0.0599714 0.1373273 -0.3432891 -0.1793947 0.9116531
2462.152440 -0.2115142 0.0405438 -0.0790152 0.1883004 -0.3832350 -0.1775974 0.8866414
2464.444750 -0.2282236 0.0538578 -0.0990030 0.1964020 -0.4111543 -0.1744643 0.8728921
2465.875410 -0.2389485 0.0651732 -0.1167307 0.1778520 -0.4165045 -0.1877767 0.8715690
2465.975400 -0.2394709 0.0651717 -0.1168473 0.1722455 -0.4139556 -0.1909398 0.8732206
2466.075391 -0.2383803 0.0668474 -0.1188019 0.1674325 -0.4139092 -0.1931851 0.8736848
2466.375362 -0.2427672 0.0727818 -0.1242246 0.1453214 -0.4132754 -0.2045581 0.8753520
2466.475352 -0.2432414 0.0730518 -0.1244532 0.1368562 -0.4095013 -0.2092482 0.8773792
2466.775323 -0.2437497 0.0748863 -0.1232701 0.1155957 -0.3986821 -0.2211578 0.8824849
2468.775129 -0.2557502 0.0948418 -0.1378255 0.0523410 -0.3845997 -0.2566967 0.8851273
2469.375071 -0.2588141 0.0993232 -0.1414481 0.0373175 -0.3841683 -0.2641568 0.8838797
2469.725037 -0.2618574 0.1013511 -0.1417911 0.0307322 -0.3811048 -0.2674275 0.8844757
2470.891756 -0.2691003 0.1096535 -0.1529599 0.0214080 -0.3776646 -0.2726334 0.8846368
2471.804883 -0.2731612 0.1146137 -0.1588483 0.0177126 -0.3713179 -0.2749332 0.8866910
2471.955580 -0.2733003 0.1153134 -0.1600438 0.0130906 -0.3694628 -0.2770937 0.8868737
2473.205498 -0.2818968 0.1230548 -0.1710578 0.0134999 -0.3770405 -0.2760527 0.8839984
2473.454862 -0.2835658 0.1222461 -0.1732783 0.0358276 -0.3869309 -0.2644619 0.8826442
2474.451427 -0.2892030 0.1220266 -0.1846892 0.0951174 -0.4200848 -0.2332342 0.8718275
2475.095616 -0.2914792 0.1210335 -0.1898000 0.1286564 -0.4267960 -0.2161056 0.8686720
2476.524379 -0.2968458 0.1265791 -0.2016598 0.1350807 -0.4253435 -0.2115086 0.8695403
2476.874345 -0.3012134 0.1291935 -0.2053736 0.1436276 -0.4288226 -0.2070750 0.8675265
2476.974335 -0.3022745 0.1298717 -0.2068486 0.1448820 -0.4285395 -0.2071085 0.8674498
2477.524282 -0.3020437 0.1303006 -0.2078298 0.1477384 -0.4267085 -0.2046370 0.8684567
2477.724263 -0.3015494 0.1310387 -0.2094227 0.1393269 -0.4238351 -0.2090424 0.8702029
2477.874248 -0.3013002 0.1313688 -0.2101851 0.1306847 -0.4203228 -0.2138837 0.8720688
2478.324205 -0.3033041 0.1352662 -0.2110418 0.1039142 -0.4114774 -0.2277386 0.8763694
2479.174122 -0.2990350 0.1350729 -0.2165599 0.0371055 -0.3797083 -0.2624578 0.8863186
2479.824059 -0.3041017 0.1479645 -0.2125333 -0.0088102 -0.3600798 -0.2885893 0.8871196
2480.074035 -0.3038876 0.1507208 -0.2109596 -0.0255415 -0.3527427 -0.2979195 0.8866590
2480.723972 -0.3022662 0.1532160 -0.2105330 -0.0592307 -0.3354643 -0.3160600 0.8854725
2480.873958 -0.3030108 0.1533620 -0.2113089 -0.0620278 -0.3331446 -0.3179348 0.8854856
