2444.927438 0.0000000 0.0000000 0.0000000 -0.0000000 -0.0000000 -0.0000000 1.0000000
2449.726974 -0.0152331 0.0014891 0.0016055 -0.0231815 -0.0236377 -0.0016432 0.9994504
2450.176930 -0.0197433 0.0010728 0.0019835 -0.0200590 -0.0335787 -0.0047213 0.9992236
2450.226925 -0.0205340 0.0009602 0.0017948 -0.0203016 -0.0344026 -0.0059293 0.9991843
2450.326915 -0.0218035 0.0008188 0.0019452 -0.0182075 -0.0369849 -0.0090368 0.9991091
2450.976852 -0.0311078 0.0007671 0.0020646 -0.0124501 -0.0538553 -0.0246424 0.9981670
2451.226828 -0.0352820 0.0008804 0.0018357 -0.0118668 -0.0603300 -0.0301533 0.9976524
2451.826770 -0.0454950 0.0012091 0.0015143 -0.0107600 -0.0764521 -0.0401756 0.9962054
2452.026751 -0.0476507 0.0008539 0.0010106 -0.0109841 -0.0825423 -0.0412935 0.9956712
2452.726683 -0.0589915 0.0021244 -0.0009266 -0.0037923 -0.1028825 -0.0481920 0.9935182
2452.826673 -0.0633005 0.0024794 -0.0028873 -0.0040593 -0.1116840 -0.0507895 0.9924368
2453.026654 -0.0672551 0.0036435 -0.0031224 -0.0090200 -0.1240948 -0.0565273 0.9906179
2455.576407 -0.0997847 0.0092284 -0.0081162 -0.0102832 -0.1769768 -0.1081818 0.9781974
2456.326335 -0.1074516 0.0113139 -0.0093009 -0.0130094 -0.1863830 -0.1216479 0.9748302
2456.676301 -0.1119358 0.0126051 -0.0103872 -0.0146645 -0.1907306 -0.1314185 0.9726952
2457.326238 -0.1251419 0.0169098 -0.0148582 -0.0187516 -0.2108428 -0.1461975 0.9663436
2457.826189 -0.1351323 0.0201369 -0.0200940 -0.0164919 -0.2285200 -0.1623757 0.9597608
2458.326141 -0.1444491 0.0227156 -0.0261303 -0.0083577 -0.2402719 -0.1721042 0.9552904
2458.426131 -0.1485884 0.0236957 -0.0284458 0.0004298 -0.2469927 -0.1749747 0.9530888
2458.476126 -0.1494051 0.0245390 -0.0292851 0.0041777 -0.2510314 -0.1764389 0.9517537
2458.576117 -0.1533625 0.0246807 -0.0316759 0.0076890 -0.2567742 -0.1781525 0.9498787
2458.676502 -0.1556977 0.0252513 -0.0331317 0.0160827 -0.2639642 -0.1792267 0.9475980
2459.084542 -0.1637094 0.0266715 -0.0399384 0.0416086 -0.2838089 -0.1818470 0.9405599
2459.337284 -0.1676461 0.0265748 -0.0444001 0.0618080 -0.2950560 -0.1816369 0.9360180
2459.489521 -0.1695707 0.0268655 -0.0462526 0.0722126 -0.3006062 -0.1815321 0.9335241
2459.594331 -0.1717317 0.0269046 -0.0478705 0.0786856 -0.3055755 -0.1817580 0.9313411
2459.796524 -0.1762444 0.0285446 -0.0508707 0.0914969 -0.3156604 -0.1835151 0.9264497
2461.302502 -0.1954946 0.0345002 -0.0699226 0.1581120 -0.3631338 -0.1808164 0.9002444
2461.902424 -0.2071626 0.0381589 -0.0781209 0.1798327 -0.3794250 -0.1825443 0.8890301
2462.302070 -0.2100205 0.0405026 -0.0813468 0.1926121 -0.3869531 -0.1755951 0.8844966
2462.401704 -0.2100080 0.0405296 -0.0811462 0.1948131 -0.3895851 -0.1739259 0.8831881
2464.048661 -0.2384532 0.0528437 -0.1042668 0.1956367 -0.4005201 -0.1788176 0.8771170
2465.085364 -0.2330387 0.0601778 -0.1110361 0.2084566 -0.4241137 -0.1705375 0.8646331
2465.875410 -0.2306380 0.0629865 -0.1140428 0.1779030 -0.4177305 -0.1861624 0.8713182
2465.975400 -0.2306215 0.0631330 -0.1142860 0.1721944 -0.4152896 -0.1890730 0.8730034
2466.075391 -0.2297592 0.0640723 -0.1152628 0.1670291 -0.4152818 -0.1911701 0.8735538
2466.475352 -0.2361686 0.0717727 -0.1222306 0.1369664 -0.4103717 -0.2080270 0.8772457
2467.475255 -0.2449061 0.0836458 -0.1287985 0.0905572 -0.3930656 -0.2354298 0.8842350
2468.475158 -0.2494703 0.0915549 -0.1351198 0.0590217 -0.3885197 -0.2524550 0.8842145
2469.125095 -0.2516077 0.0950505 -0.1378706 0.0425293 -0.3824006 -0.2611809 0.8852941
2469.425066 -0.2536937 0.0980751 -0.1405311 0.0372288 -0.3847782 -0.2634479 0.8838298
2469.625047 -0.2553869 0.0986164 -0.1422057 0.0327205 -0.3824452 -0.2661891 0.8841993
2469.875023 -0.2563893 0.1000969 -0.1418644 0.0291310 -0.3782072 -0.2682453 0.8855254
2470.635558 -0.2607340 0.1045702 -0.1486592 0.0216826 -0.3744952 -0.2724675 0.8860275
2471.604231 -0.2665561 0.1104514 -0.1563707 0.0202901 -0.3725509 -0.2733108 0.8866202
2473.105646 -0.2748870 0.1194234 -0.1689925 0.0093243 -0.3744272 -0.2780050 0.8845510
2473.454862 -0.2778087 0.1191159 -0.1728975 0.0358468 -0.3868892 -0.2642461 0.8827263
2473.802477 -0.2790082 0.1180850 -0.1758755 0.0569203 -0.3970823 -0.2531417 0.8803437
2474.302014 -0.2822473 0.1174666 -0.1824740 0.0875346 -0.4144066 -0.2369273 0.8743399
2475.145394 -0.2851754 0.1168456 -0.1899266 0.1321923 -0.4287085 -0.2137481 0.8677822
2476.624369 -0.2912795 0.1229054 -0.2013720 0.1379688 -0.4272099 -0.2093844 0.8686855
2476.924340 -0.2924971 0.1250934 -0.2041255 0.1443679 -0.4294265 -0.2058509 0.8673962
2477.074326 -0.2926427 0.1252030 -0.2039886 0.1457855 -0.4294014 -0.2048043 0.8674193
2477.574277 -0.2925665 0.1256730 -0.2051241 0.1461095 -0.4275612 -0.2038974 0.8684868
2478.324205 -0.2975257 0.1325448 -0.2080233 0.1039949 -0.4116752 -0.2267676 0.8765187
2478.474190 -0.2984411 0.1342530 -0.2087678 0.0933424 -0.4074244 -0.2322115 0.8782769
2479.174122 -0.3006783 0.1415398 -0.2109181 0.0401726 -0.3776232 -0.2632582 0.8868382
2479.524088 -0.2997391 0.1456858 -0.2094110 0.0130954 -0.3687725 -0.2773212 0.8870898
2479.824059 -0.2998986 0.1467389 -0.2085591 -0.0080969 -0.3597229 -0.2885970 0.8872687
2480.224021 -0.2983059 0.1495900 -0.2075876 -0.0350848 -0.3478515 -0.3022927 0.8867849
2480.523992 -0.2962947 0.1496269 -0.2066811 -0.0512519 -0.3390498 -0.3111749 0.8863344
2480.823963 -0.2969116 0.1514248 -0.2063714 -0.0607029 -0.3344786 -0.3159481 0.8857856
2481.923856 -0.2972800 0.1502127 -0.2071848 -0.0594031 -0.3389837 -0.3143768 0.8847196
