2469.725037 0.0000000 0.0000000 0.0000000 -0.0000000 -0.0000000 -0.0000000 1.0000000
2470.943687 -0.0153619 0.0010608 -0.0010331 -0.0109916 -0.0011787 -0.0003425 0.9999388
2471.804883 -0.0239762 0.0011388 -0.0021709 -0.0174802 0.0051483 -0.0008832 0.9998336
2472.005891 -0.0269359 0.0019335 -0.0021796 -0.0229584 0.0061605 -0.0011891 0.9997168
2472.356351 -0.0324164 0.0026320 -0.0020140 -0.0303417 0.0086194 -0.0020141 0.9995004
2472.855789 -0.0369853 0.0021259 -0.0030974 -0.0304235 0.0031539 -0.0017849 0.9995306
2473.255651 -0.0419230 0.0008230 -0.0038809 -0.0145867 -0.0030883 -0.0004143 0.9998888
2473.355662 -0.0429597 -0.0002665 -0.0045324 -0.0023176 -0.0044040 0.0004002 0.9999875
2473.752897 -0.0465580 -0.0027952 -0.0056557 0.0289047 -0.0086883 0.0020558 0.9995423
2473.953411 -0.0476452 -0.0043334 -0.0064078 0.0437072 -0.0100414 0.0029632 0.9989895
2474.202182 -0.0511740 -0.0059267 -0.0076971 0.0641038 -0.0137328 0.0039008 0.9978411
2474.947112 -0.0572619 -0.0108161 -0.0111554 0.1138973 -0.0208541 0.0056869 0.9932574
2476.029050 -0.0706466 -0.0126688 -0.0143018 0.1391679 -0.0231615 0.0071624 0.9899720
2476.674364 -0.0761257 -0.0120457 -0.0152663 0.1316888 -0.0174738 0.0077894 0.9911065
2476.774355 -0.0767807 -0.0116605 -0.0156306 0.1338071 -0.0189194 0.0080166 0.9907944
2477.174316 -0.0804241 -0.0125447 -0.0154740 0.1405041 -0.0170212 0.0085119 0.9898972
2477.274306 -0.0808083 -0.0121342 -0.0155619 0.1429673 -0.0166957 0.0086861 0.9895484
2477.574277 -0.0840171 -0.0119715 -0.0159046 0.1383477 -0.0139479 0.0082743 0.9902509
2477.724263 -0.0837066 -0.0116225 -0.0160199 0.1298647 -0.0134658 0.0082724 0.9914058
2478.274210 -0.0907254 -0.0113927 -0.0170938 0.0907770 -0.0095238 0.0057603 0.9958090
2479.374103 -0.0995888 0.0006727 -0.0133333 -0.0108576 0.0078945 -0.0017868 0.9999083
2479.924050 -0.0984780 0.0053128 -0.0111146 -0.0589144 0.0092174 -0.0055814 0.9982049
2480.374006 -0.0989319 0.0085801 -0.0113655 -0.0887354 0.0126891 -0.0078756 0.9959433
2480.773967 -0.1000847 0.0089041 -0.0128738 -0.1109400 0.0156545 -0.0106442 0.9936468
2481.873861 -0.0997594 0.0088575 -0.0120569 -0.1096881 0.0123381 -0.0092788 0.9938462
