2444.927438 0.0000000 0.0000000 0.0000000 -0.0000000 -0.0000000 -0.0000000 1.0000000
2449.726974 -0.0152688 0.0020014 0.0021047 -0.0229747 -0.0236598 -0.0016225 0.9994547
2449.826964 -0.0155296 0.0022257 0.0025642 -0.0216517 -0.0258358 -0.0017938 0.9994301
2449.976949 -0.0178269 0.0019374 0.0021854 -0.0205547 -0.0280442 -0.0030241 0.9993908
2450.226925 -0.0207700 0.0017957 0.0026209 -0.0199317 -0.0343337 -0.0058533 0.9991945
2450.676882 -0.0272439 0.0012356 0.0023576 -0.0136450 -0.0466207 -0.0185757 0.9986467
2451.226828 -0.0357001 0.0015239 0.0023824 -0.0115797 -0.0601953 -0.0303788 0.9976571
2451.676785 -0.0435744 0.0019935 0.0028190 -0.0116454 -0.0722062 -0.0374364 0.9966189
2451.826770 -0.0463096 0.0021997 0.0023363 -0.0103051 -0.0760639 -0.0404759 0.9962278
2452.426712 -0.0520361 0.0020973 0.0016866 -0.0048516 -0.0900145 -0.0455510 0.9948864
2452.726683 -0.0596987 0.0025313 -0.0007903 -0.0036678 -0.1024156 -0.0485114 0.9935514
2452.976659 -0.0675651 0.0039095 -0.0023653 -0.0072842 -0.1206970 -0.0561300 0.9910744
2455.776388 -0.1028271 0.0110578 -0.0069810 -0.0112529 -0.1794383 -0.1112821 0.9773902
2456.326335 -0.1078053 0.0124924 -0.0076485 -0.0125164 -0.1861556 -0.1219152 0.9748467
2457.126257 -0.1213735 0.0165996 -0.0118741 -0.0163860 -0.2028468 -0.1429576 0.9685804
2457.426228 -0.1267920 0.0185332 -0.0138683 -0.0175633 -0.2141660 -0.1496099 0.9651121
2457.776194 -0.1349080 0.0211183 -0.0176322 -0.0164672 -0.2262732 -0.1617353 0.9604015
2458.076165 -0.1398495 0.0211579 -0.0230125 -0.0157297 -0.2320680 -0.1672792 0.9580787
2458.476126 -0.1498266 0.0247849 -0.0293979 0.0048092 -0.2500086 -0.1778388 0.9517594
2458.626112 -0.1529684 0.0258355 -0.0311852 0.0109671 -0.2596867 -0.1788449 0.9489241
2458.830833 -0.1574510 0.0259247 -0.0357076 0.0228674 -0.2702462 -0.1813553 0.9452801
2459.084542 -0.1631844 0.0273160 -0.0397141 0.0422989 -0.2831459 -0.1828543 0.9405336
2459.438499 -0.1681744 0.0272662 -0.0446708 0.0689582 -0.2975186 -0.1821377 0.9346408
2459.695586 -0.1735825 0.0285651 -0.0484383 0.0856071 -0.3105484 -0.1839892 0.9286437
2459.746055 -0.1743434 0.0290272 -0.0487436 0.0893480 -0.3134676 -0.1839197 0.9273233
2460.348683 -0.1831374 0.0304387 -0.0562817 0.1249883 -0.3344624 -0.1820083 0.9161800
2460.852763 -0.1893234 0.0330144 -0.0621892 0.1456532 -0.3501903 -0.1798502 0.9076375
2461.502147 -0.1993755 0.0381216 -0.0698266 0.1633415 -0.3696170 -0.1843842 0.8959383
2462.401704 -0.2103480 0.0422722 -0.0782681 0.1955508 -0.3893687 -0.1748233 0.8829432
2464.938993 -0.2377580 0.0608273 -0.1079394 0.2044073 -0.4168554 -0.1744226 0.8683468
2465.775420 -0.2351609 0.0654408 -0.1125309 0.1830388 -0.4183917 -0.1861474 0.8699393
2465.875410 -0.2350520 0.0657345 -0.1127927 0.1788121 -0.4162860 -0.1881241 0.8714021
2466.325366 -0.2322798 0.0699336 -0.1168604 0.1507267 -0.4174378 -0.2007386 0.8733449
2466.425357 -0.2321200 0.0701157 -0.1170426 0.1420354 -0.4137498 -0.2049722 0.8755704
2466.625337 -0.2313210 0.0707016 -0.1199592 0.1236225 -0.4051270 -0.2160461 0.8797237
2467.925211 -0.2434956 0.0854906 -0.1258073 0.0774795 -0.3849243 -0.2432928 0.8869267
2469.825028 -0.2555711 0.1011813 -0.1384713 0.0311716 -0.3789805 -0.2684091 0.8850756
2470.995143 -0.2633306 0.1089541 -0.1490284 0.0224256 -0.3790819 -0.2728490 0.8839386
2471.298255 -0.2635897 0.1091805 -0.1505324 0.0255983 -0.3807939 -0.2705969 0.8838089
2472.106039 -0.2683407 0.1154018 -0.1566523 0.0112828 -0.3650602 -0.2794938 0.8879679
2472.455927 -0.2718259 0.1189670 -0.1603815 0.0085101 -0.3652490 -0.2814348 0.8873078
2472.905942 -0.2706924 0.1194112 -0.1620822 0.0064239 -0.3703035 -0.2806097 0.8854898
2474.352365 -0.2819227 0.1192486 -0.1801177 0.0906359 -0.4158424 -0.2370311 0.8733135
2474.997107 -0.2825384 0.1180398 -0.1836136 0.1259687 -0.4270479 -0.2181500 0.8684311
2476.029050 -0.2891324 0.1224404 -0.1946340 0.1462902 -0.4344743 -0.2072245 0.8642276
2476.624369 -0.2903576 0.1247610 -0.1974794 0.1388309 -0.4270564 -0.2103064 0.8684009
2476.924340 -0.2910906 0.1254435 -0.1995248 0.1446935 -0.4297030 -0.2066126 0.8670239
2477.324302 -0.2913120 0.1262665 -0.2000598 0.1497722 -0.4297711 -0.2036876 0.8668197
2477.674268 -0.2904196 0.1268581 -0.2014526 0.1422425 -0.4263081 -0.2066043 0.8691049
2478.074229 -0.2934641 0.1307591 -0.2051900 0.1205063 -0.4177235 -0.2194608 0.8733970
2478.574180 -0.2949715 0.1338534 -0.2078180 0.0843170 -0.4033637 -0.2382725 0.8794399
2478.824156 -0.2975987 0.1387451 -0.2061646 0.0678280 -0.3905694 -0.2485863 0.8837759
2479.024137 -0.2973130 0.1412172 -0.2066565 0.0522894 -0.3814349 -0.2578135 0.8861747
2479.174122 -0.2979729 0.1412059 -0.2065603 0.0403255 -0.3778779 -0.2639263 0.8865242
2480.723972 -0.2945161 0.1497806 -0.2042796 -0.0589889 -0.3356658 -0.3160830 0.8854041
2480.873958 -0.2941821 0.1503678 -0.2039302 -0.0616113 -0.3339947 -0.3174487 0.8853688
2481.673880 -0.2930591 0.1494322 -0.2036285 -0.0602313 -0.3373241 -0.3155347 0.8848855
2481.923856 -0.2927725 0.1489709 -0.2029310 -0.0594351 -0.3400703 -0.3143377 0.8843142
