2444.927438 0.0000000 0.0000000 0.0000000 -0.0000000 -0.0000000 -0.0000000 1.0000000
2449.726974 -0.0153904 0.0017733 0.0018707 -0.0231011 -0.0236190 -0.0016118 0.9994528
2449.826964 -0.0158487 0.0018607 0.0022302 -0.0218112 -0.0257052 -0.0018765 0.9994299
2449.976949 -0.0178570 0.0014884 0.0017587 -0.0208039 -0.0280722 -0.0029818 0.9993850
2450.176930 -0.0206365 0.0014742 0.0019788 -0.0198495 -0.0331504 -0.0048238 0.9992416
2451.026848 -0.0330285 0.0007076 0.0016707 -0.0117212 -0.0542165 -0.0258561 0.9981256
2451.626790 -0.0429985 0.0013415 0.0020732 -0.0116738 -0.0711379 -0.0367789 0.9967198
2451.676785 -0.0441696 0.0013504 0.0019940 -0.0119179 -0.0720155 -0.0374394 0.9966294
2452.426712 -0.0525970 0.0012299 0.0006976 -0.0052578 -0.0898380 -0.0452893 0.9949123
2452.826673 -0.0650775 0.0028076 -0.0028003 -0.0039771 -0.1110951 -0.0509362 0.9924957
2454.676494 -0.0858974 0.0061917 -0.0039151 -0.0087921 -0.1522793 -0.0846877 0.9846632
2455.026460 -0.0911352 0.0076371 -0.0048397 -0.0096085 -0.1629280 -0.0935276 0.9821481
2455.576407 -0.1022916 0.0105990 -0.0069792 -0.0098268 -0.1760475 -0.1082649 0.9783606
2457.026267 -0.1216686 0.0159807 -0.0121258 -0.0167448 -0.2000203 -0.1390106 0.9697358
2457.276243 -0.1271768 0.0173932 -0.0140584 -0.0181398 -0.2077530 -0.1460745 0.9670429
2457.576214 -0.1325416 0.0193972 -0.0164062 -0.0168069 -0.2190029 -0.1544622 0.9632739
2457.826189 -0.1378870 0.0210410 -0.0198340 -0.0162763 -0.2275358 -0.1623626 0.9600005
2458.126160 -0.1424046 0.0217138 -0.0230633 -0.0141191 -0.2329974 -0.1676915 0.9578061
2458.176155 -0.1433113 0.0222163 -0.0237698 -0.0113096 -0.2341349 -0.1700989 0.9571412
2458.326141 -0.1463954 0.0230168 -0.0259141 -0.0085840 -0.2394098 -0.1720060 0.9555225
2458.476126 -0.1510453 0.0250608 -0.0284866 0.0042569 -0.2503652 -0.1761882 0.9519752
2458.880493 -0.1605905 0.0263527 -0.0366034 0.0262324 -0.2720361 -0.1807015 0.9448043
2458.980345 -0.1633741 0.0267930 -0.0384219 0.0333858 -0.2773968 -0.1817194 0.9428226
2459.287288 -0.1685320 0.0274579 -0.0422236 0.0592621 -0.2928657 -0.1816028 0.9368768
2459.387891 -0.1694521 0.0272740 -0.0438365 0.0637706 -0.2952560 -0.1812327 0.9359017
2459.489521 -0.1708725 0.0272670 -0.0452075 0.0721037 -0.3002864 -0.1809869 0.9337413
2460.802571 -0.1898430 0.0318932 -0.0624209 0.1413308 -0.3466549 -0.1782852 0.9099837
2461.051855 -0.1936286 0.0337464 -0.0653277 0.1520567 -0.3559447 -0.1786505 0.9045807
2462.801508 -0.2140357 0.0428509 -0.0833152 0.1942818 -0.3943049 -0.1739893 0.8811957
2463.201508 -0.2178699 0.0450640 -0.0867336 0.1924187 -0.3980733 -0.1757059 0.8795682
2465.085364 -0.2382303 0.0615888 -0.1119981 0.2086703 -0.4224507 -0.1707787 0.8653479
2465.875410 -0.2358574 0.0645653 -0.1150767 0.1781786 -0.4162852 -0.1867264 0.8718327
2465.975400 -0.2359290 0.0642775 -0.1148780 0.1723554 -0.4139338 -0.1895794 0.8735057
2466.075391 -0.2352090 0.0654806 -0.1159709 0.1673930 -0.4138525 -0.1919066 0.8740009
2466.275371 -0.2338084 0.0673006 -0.1178100 0.1526268 -0.4179993 -0.1979374 0.8733856
2467.525250 -0.2586732 0.0928593 -0.1255639 0.0918974 -0.3885660 -0.2382907 0.8853185
2469.125095 -0.2546574 0.0973441 -0.1351980 0.0431436 -0.3819366 -0.2609170 0.8855425
2469.375071 -0.2543712 0.0966095 -0.1379392 0.0370193 -0.3847610 -0.2629464 0.8839954
2469.475061 -0.2542753 0.0967090 -0.1383853 0.0344506 -0.3845888 -0.2637938 0.8839216
2469.825028 -0.2586637 0.1007618 -0.1404438 0.0304814 -0.3789979 -0.2670854 0.8854924
2470.280080 -0.2620094 0.1046311 -0.1453363 0.0225062 -0.3776697 -0.2710849 0.8850831
2470.943687 -0.2654062 0.1081691 -0.1498334 0.0213962 -0.3789891 -0.2711571 0.8845243
2471.955580 -0.2701398 0.1141655 -0.1570729 0.0134235 -0.3693662 -0.2761203 0.8872125
2472.656085 -0.2746667 0.1190631 -0.1633725 0.0068581 -0.3674479 -0.2798041 0.8869300
2472.955937 -0.2761914 0.1202729 -0.1647720 0.0069558 -0.3708680 -0.2790654 0.8857376
2473.504185 -0.2803632 0.1200424 -0.1712499 0.0392629 -0.3890105 -0.2619931 0.8823202
2474.402202 -0.2849936 0.1195083 -0.1814015 0.0914632 -0.4170545 -0.2344927 0.8733345
2475.145394 -0.2877276 0.1185899 -0.1883011 0.1325508 -0.4283381 -0.2134848 0.8679753
2476.924340 -0.2947680 0.1259624 -0.2019812 0.1443966 -0.4293698 -0.2053361 0.8675416
2477.024331 -0.2952414 0.1261155 -0.2024348 0.1453681 -0.4295617 -0.2048029 0.8674103
2477.274306 -0.2951032 0.1254578 -0.2036122 0.1496741 -0.4299706 -0.2025289 0.8670092
2477.724263 -0.2970713 0.1287950 -0.2049226 0.1394774 -0.4239222 -0.2081587 0.8703482
2478.474190 -0.3001223 0.1351981 -0.2080054 0.0936187 -0.4070258 -0.2319996 0.8784884
2478.824156 -0.3021899 0.1395564 -0.2080746 0.0676423 -0.3900992 -0.2478046 0.8842172
2479.174122 -0.3031511 0.1419615 -0.2081408 0.0399818 -0.3775741 -0.2622859 0.8871558
2479.724069 -0.3018847 0.1476140 -0.2065388 0.0006461 -0.3640368 -0.2832241 0.8872772
2480.074035 -0.3003027 0.1487285 -0.2069377 -0.0254779 -0.3528055 -0.2967259 0.8870360
2480.274016 -0.2993644 0.1497193 -0.2051159 -0.0368355 -0.3475817 -0.3027468 0.8866649
2480.424001 -0.2990822 0.1497735 -0.2057970 -0.0457890 -0.3417441 -0.3077388 0.8867983
2480.773967 -0.2991766 0.1511307 -0.2054354 -0.0597729 -0.3352004 -0.3149197 0.8859422
