2469.725037 0.0000000 0.0000000 0.0000000 -0.0000000 -0.0000000 -0.0000000 1.0000000
2470.943687 -0.0150287 0.0011880 -0.0011582 -0.0108799 -0.0007698 -0.0003808 0.9999405
2471.046304 -0.0160885 0.0009625 -0.0013109 -0.0102746 -0.0013855 -0.0005429 0.9999461
2471.704715 -0.0216885 0.0012701 -0.0020145 -0.0144985 0.0047594 -0.0007050 0.9998834
2471.804883 -0.0233346 0.0014303 -0.0020951 -0.0173024 0.0056747 -0.0008965 0.9998338
2472.005891 -0.0254662 0.0018885 -0.0021715 -0.0228826 0.0064203 -0.0011569 0.9997169
2472.855789 -0.0352713 0.0020097 -0.0032770 -0.0303869 0.0036496 -0.0017235 0.9995301
2473.005933 -0.0371933 0.0017094 -0.0035953 -0.0269806 0.0011773 -0.0014046 0.9996343
2473.205498 -0.0396710 0.0007750 -0.0040806 -0.0201919 -0.0018443 -0.0007720 0.9997941
2473.953411 -0.0456257 -0.0043707 -0.0067423 0.0436133 -0.0093171 0.0028932 0.9990008
2474.102764 -0.0475326 -0.0056712 -0.0072546 0.0563463 -0.0108756 0.0035149 0.9983459
2475.145394 -0.0571026 -0.0098344 -0.0106011 0.1231891 -0.0195220 0.0058898 0.9921737
2475.438708 -0.0600146 -0.0101696 -0.0115488 0.1379414 -0.0230825 0.0061807 0.9901521
2476.029050 -0.0660511 -0.0110642 -0.0137903 0.1393893 -0.0226941 0.0072206 0.9899513
2476.474384 -0.0690925 -0.0101040 -0.0140931 0.1258746 -0.0160796 0.0075750 0.9918869
2476.724360 -0.0707353 -0.0097732 -0.0143555 0.1326620 -0.0176234 0.0085168 0.9909680
2476.874345 -0.0759898 -0.0094962 -0.0139166 0.1362707 -0.0165299 0.0079541 0.9905018
2477.074326 -0.0759243 -0.0094355 -0.0139468 0.1389740 -0.0161589 0.0085042 0.9901277
2477.574277 -0.0764221 -0.0089627 -0.0145033 0.1390750 -0.0141397 0.0089652 0.9901403
2477.624272 -0.0763667 -0.0088976 -0.0144476 0.1372336 -0.0143998 0.0092230 0.9903911
2478.474190 -0.0839402 -0.0126405 -0.0227690 0.0728263 -0.0079986 0.0073640 0.9972854
2479.674074 -0.0942309 -0.0142848 -0.0316155 -0.0419734 0.0076937 -0.0001693 0.9990891
2480.374006 -0.0956243 -0.0149110 -0.0319169 -0.0989798 0.0141114 -0.0045054 0.9949792
2480.424001 -0.0946905 -0.0145392 -0.0303936 -0.1041438 0.0148572 -0.0045277 0.9944410
2481.773871 -0.0971733 -0.0149039 -0.0341289 -0.1215486 0.0147024 -0.0054653 0.9924616
