2469.725037 0.0000000 0.0000000 0.0000000 -0.0000000 -0.0000000 -0.0000000 1.0000000
2471.247509 -0.0223995 0.0009202 -0.0023736 -0.0076810 -0.0015949 -0.0002228 0.9999692
2471.349495 -0.0230672 0.0011607 -0.0025044 -0.0071633 -0.0015418 -0.0001295 0.9999732
2471.654562 -0.0270877 0.0015541 -0.0026391 -0.0128868 0.0043792 -0.0008143 0.9999071
2471.904874 -0.0335540 0.0023931 -0.0025925 -0.0212957 0.0071169 -0.0018603 0.9997461
2472.005891 -0.0335490 0.0024133 -0.0026032 -0.0228580 0.0068348 -0.0016190 0.9997141
2472.356351 -0.0341857 0.0026243 -0.0037910 -0.0303638 0.0071815 -0.0012728 0.9995123
2473.005933 -0.0472022 0.0028281 -0.0043163 -0.0266922 0.0011381 -0.0016404 0.9996417
2473.355662 -0.0531629 -0.0006228 -0.0058860 -0.0023881 -0.0035089 0.0000092 0.9999910
2473.454862 -0.0538407 -0.0012200 -0.0060605 0.0069014 -0.0044211 0.0005356 0.9999663
2473.504185 -0.0535009 -0.0011992 -0.0064544 0.0113131 -0.0060252 0.0009502 0.9999174
2473.852650 -0.0573174 -0.0048241 -0.0081002 0.0371417 -0.0086613 0.0022087 0.9992700
2474.152601 -0.0613119 -0.0076948 -0.0098789 0.0580469 -0.0112579 0.0033438 0.9982448
2476.524379 -0.0878315 -0.0119982 -0.0182961 0.1259371 -0.0153666 0.0076332 0.9918898
2476.624369 -0.0908740 -0.0135950 -0.0179967 0.1293570 -0.0159595 0.0075921 0.9914406
2476.824350 -0.0953166 -0.0142509 -0.0195889 0.1347090 -0.0169514 0.0079603 0.9907082
2476.924340 -0.0961896 -0.0144541 -0.0193869 0.1365626 -0.0165048 0.0083395 0.9904588
2476.974335 -0.0960557 -0.0146051 -0.0197178 0.1367131 -0.0166779 0.0081090 0.9904371
2477.424292 -0.0982562 -0.0145075 -0.0187744 0.1430012 -0.0141349 0.0087384 0.9895830
2477.574277 -0.0989984 -0.0139926 -0.0186910 0.1382498 -0.0135976 0.0084497 0.9902680
2477.724263 -0.0994848 -0.0142862 -0.0184539 0.1294958 -0.0126972 0.0086787 0.9914607
2479.374103 -0.1207924 -0.0006982 -0.0201579 -0.0114732 0.0091295 -0.0008317 0.9998922
2480.124030 -0.1214732 0.0095474 -0.0168259 -0.0714680 0.0115300 -0.0057656 0.9973596
2480.623982 -0.1216261 0.0096361 -0.0166177 -0.1074699 0.0168508 -0.0097997 0.9940172
2480.773967 -0.1189907 0.0096010 -0.0165228 -0.1117575 0.0161619 -0.0097514 0.9935563
2481.623885 -0.1201985 0.0098210 -0.0153896 -0.1118525 0.0153732 -0.0093733 0.9935617
