2469.725037 0.0000000 0.0000000 0.0000000 -0.0000000 -0.0000000 -0.0000000 1.0000000
2470.891756 -0.0142628 0.0007990 -0.0014271 -0.0113016 -0.0003195 -0.0005680 0.9999359
2470.995143 -0.0159859 0.0009868 -0.0015634 -0.0105368 -0.0016250 -0.0004585 0.9999431
2471.097089 -0.0168370 0.0004541 -0.0016673 -0.0096301 -0.0017190 -0.0002771 0.9999521
2472.055886 -0.0279237 0.0026166 -0.0017463 -0.0242656 0.0073927 -0.0015203 0.9996771
2472.306356 -0.0315990 0.0027864 -0.0017645 -0.0298290 0.0090990 -0.0019658 0.9995117
2472.505783 -0.0332834 0.0019517 -0.0029933 -0.0309277 0.0073414 -0.0019586 0.9994928
2473.255651 -0.0419549 0.0010939 -0.0034768 -0.0145371 -0.0028800 -0.0003896 0.9998901
2473.454862 -0.0440896 -0.0008583 -0.0044331 0.0068936 -0.0049399 0.0007838 0.9999638
2474.053085 -0.0490346 -0.0052201 -0.0071985 0.0505938 -0.0102491 0.0030802 0.9986620
2474.650598 -0.0550076 -0.0078135 -0.0091767 0.0926207 -0.0204834 0.0046205 0.9954801
2474.798430 -0.0560623 -0.0090488 -0.0102064 0.1057751 -0.0206995 0.0050712 0.9941617
2475.930244 -0.0690001 -0.0117321 -0.0136541 0.1449269 -0.0230845 0.0071234 0.9891474
2476.524379 -0.0725557 -0.0103215 -0.0148439 0.1258302 -0.0159262 0.0078420 0.9918930
2476.624369 -0.0751031 -0.0110903 -0.0143597 0.1295280 -0.0165371 0.0078837 0.9914065
2476.824350 -0.0787580 -0.0118268 -0.0154400 0.1347786 -0.0175294 0.0080349 0.9906881
2476.924340 -0.0797214 -0.0119626 -0.0153783 0.1366141 -0.0169597 0.0081335 0.9904458
2476.974335 -0.0796106 -0.0116852 -0.0154735 0.1369590 -0.0171188 0.0081632 0.9903951
2477.574277 -0.0838361 -0.0116042 -0.0152387 0.1383538 -0.0135054 0.0082021 0.9902568
2477.674268 -0.0838802 -0.0112547 -0.0155609 0.1332572 -0.0132580 0.0082328 0.9909586
2479.174122 -0.0989558 -0.0028319 -0.0122459 0.0075793 0.0070386 0.0009639 0.9999461
2479.924050 -0.0996204 0.0056402 -0.0113515 -0.0590467 0.0101893 -0.0042882 0.9981940
2480.124030 -0.0999870 0.0069483 -0.0125365 -0.0719363 0.0105118 -0.0060283 0.9973356
2480.623982 -0.0999785 0.0097015 -0.0118194 -0.1065965 0.0159808 -0.0098082 0.9941255
2480.773967 -0.0989911 0.0079551 -0.0126917 -0.1114210 0.0156019 -0.0098205 0.9936023
2481.873861 -0.0990462 0.0098019 -0.0120816 -0.1095811 0.0122718 -0.0095292 0.9938564
