2444.927438 0.0000000 0.0000000 0.0000000 -0.0000000 -0.0000000 -0.0000000 1.0000000
2449.726974 -0.0157565 0.0019693 0.0021359 -0.0229575 -0.0234931 -0.0014355 0.9994593
2449.776969 -0.0157280 0.0016682 0.0023561 -0.0224417 -0.0245786 -0.0015421 0.9994448
2450.226925 -0.0214779 0.0017208 0.0026366 -0.0199306 -0.0340991 -0.0058479 0.9992026
2451.026848 -0.0334354 0.0009993 0.0022749 -0.0115400 -0.0541339 -0.0257517 0.9981349
2451.226828 -0.0369990 0.0011198 0.0020333 -0.0117323 -0.0597072 -0.0302408 0.9976888
2451.826770 -0.0473512 0.0014602 0.0016803 -0.0106187 -0.0757448 -0.0402082 0.9962597
2452.276727 -0.0511207 0.0013737 0.0013453 -0.0075424 -0.0880419 -0.0444297 0.9950969
2452.426712 -0.0531585 0.0012761 0.0009417 -0.0052108 -0.0896978 -0.0454265 0.9949189
2452.726683 -0.0613079 0.0023013 -0.0012341 -0.0037589 -0.1019538 -0.0483211 0.9936078
2452.926664 -0.0684740 0.0026502 -0.0035809 -0.0056203 -0.1172126 -0.0549507 0.9915695
2456.376330 -0.1108358 0.0121116 -0.0092739 -0.0122499 -0.1855060 -0.1229847 0.9748396
2456.626306 -0.1149904 0.0132923 -0.0100524 -0.0141718 -0.1879079 -0.1303388 0.9733970
2457.176252 -0.1259360 0.0166145 -0.0136732 -0.0170969 -0.2037893 -0.1448163 0.9680939
2457.576214 -0.1337511 0.0188835 -0.0171498 -0.0171334 -0.2185069 -0.1542042 0.9634222
2457.776194 -0.1381052 0.0205398 -0.0194917 -0.0168755 -0.2254571 -0.1609067 0.9607254
2458.176155 -0.1450895 0.0228207 -0.0227903 -0.0111931 -0.2338073 -0.1700997 0.9572226
2458.426131 -0.1514547 0.0247248 -0.0271782 0.0005987 -0.2462130 -0.1744959 0.9533782
2458.576117 -0.1565584 0.0262640 -0.0304139 0.0081543 -0.2558812 -0.1777944 0.9501829
2458.626112 -0.1567895 0.0269432 -0.0306552 0.0107145 -0.2592890 -0.1777294 0.9492453
2458.980345 -0.1654205 0.0286806 -0.0375532 0.0342014 -0.2769533 -0.1817963 0.9429089
2459.187575 -0.1686198 0.0281169 -0.0416351 0.0504883 -0.2874230 -0.1824874 0.9389023
2459.287288 -0.1714454 0.0281488 -0.0421591 0.0593174 -0.2920152 -0.1819302 0.9370752
2459.337284 -0.1708055 0.0282387 -0.0432675 0.0622987 -0.2941667 -0.1814232 0.9363068
2459.947655 -0.1820119 0.0303586 -0.0515341 0.1032810 -0.3214123 -0.1822736 0.9234737
2460.298471 -0.1870721 0.0307881 -0.0566280 0.1244404 -0.3331060 -0.1802926 0.9170876
2461.902424 -0.2111363 0.0414051 -0.0767557 0.1807590 -0.3782604 -0.1824377 0.8893604
2462.152440 -0.2106801 0.0407973 -0.0781576 0.1886152 -0.3823646 -0.1771061 0.8870485
2462.552065 -0.2156865 0.0421067 -0.0810076 0.1964627 -0.3902072 -0.1733401 0.8826630
2464.938993 -0.2408295 0.0603333 -0.1094633 0.2038160 -0.4161123 -0.1732386 0.8690789
2465.775420 -0.2380084 0.0647247 -0.1143672 0.1824042 -0.4177307 -0.1848308 0.8706706
2465.875410 -0.2378136 0.0650199 -0.1143745 0.1782733 -0.4157227 -0.1868019 0.8720656
2465.975400 -0.2377334 0.0647876 -0.1144501 0.1724677 -0.4133037 -0.1896380 0.8737691
2466.375362 -0.2343537 0.0705489 -0.1200415 0.1452459 -0.4143473 -0.2022455 0.8753952
2467.475255 -0.2495738 0.0854834 -0.1272716 0.0908427 -0.3918161 -0.2353406 0.8847839
2468.275178 -0.2533134 0.0918577 -0.1323053 0.0647008 -0.3885721 -0.2494637 0.8846431
2469.175091 -0.2576098 0.0984589 -0.1378170 0.0430136 -0.3824235 -0.2610337 0.8853043
2469.425066 -0.2585175 0.0999733 -0.1392631 0.0376196 -0.3834293 -0.2633892 0.8844168
2469.625047 -0.2616622 0.1020536 -0.1410874 0.0334440 -0.3806436 -0.2661445 0.8849628
2469.825028 -0.2620892 0.1023558 -0.1412706 0.0308272 -0.3776679 -0.2673254 0.8859761
2470.075398 -0.2625857 0.1033348 -0.1436879 0.0257717 -0.3771829 -0.2695620 0.8856665
2470.839706 -0.2672874 0.1084079 -0.1496342 0.0216087 -0.3760477 -0.2717957 0.8855780
2472.455927 -0.2767075 0.1190359 -0.1622551 0.0076688 -0.3648755 -0.2796554 0.8880315
2472.656085 -0.2774998 0.1201939 -0.1638390 0.0069490 -0.3663906 -0.2798492 0.8873523
2473.005933 -0.2791833 0.1213935 -0.1660200 0.0087392 -0.3716359 -0.2782766 0.8856481
2473.553627 -0.2841870 0.1206049 -0.1740920 0.0443288 -0.3901601 -0.2599256 0.8821841
2474.003090 -0.2846129 0.1206460 -0.1754762 0.0712567 -0.4020675 -0.2453429 0.8792446
2475.438708 -0.2921889 0.1202823 -0.1915527 0.1445002 -0.4334623 -0.2072325 0.8650346
2476.624369 -0.2970830 0.1256968 -0.1999600 0.1384970 -0.4257261 -0.2091225 0.8693928
2476.924340 -0.2986220 0.1273647 -0.2034909 0.1447221 -0.4278792 -0.2057914 0.8681157
2477.174316 -0.2990139 0.1272847 -0.2038224 0.1480395 -0.4284441 -0.2038103 0.8677450
2477.524282 -0.3011062 0.1291637 -0.2050928 0.1481366 -0.4253289 -0.2039482 0.8692272
2478.174219 -0.3013285 0.1336186 -0.2081792 0.1141705 -0.4141580 -0.2217737 0.8753598
2478.824156 -0.3051203 0.1402644 -0.2089924 0.0676035 -0.3890626 -0.2476747 0.8847131
2479.174122 -0.3063577 0.1435003 -0.2082647 0.0402223 -0.3764977 -0.2622418 0.8876153
2479.674074 -0.3054483 0.1489550 -0.2083915 0.0034260 -0.3638400 -0.2821193 0.8877035
2479.824059 -0.3056107 0.1489297 -0.2079072 -0.0080168 -0.3582163 -0.2879693 0.8880826
2480.224021 -0.3032818 0.1523524 -0.2063070 -0.0346908 -0.3466755 -0.3018004 0.8874284
2480.374006 -0.3028934 0.1526599 -0.2054615 -0.0414199 -0.3430676 -0.3053622 0.8873235
2480.773967 -0.3023467 0.1546155 -0.2056721 -0.0587376 -0.3338749 -0.3147035 0.8865886
2481.923856 -0.3019350 0.1532182 -0.2059932 -0.0588210 -0.3378845 -0.3136364 0.8854414
