2469.725037 0.0000000 0.0000000 0.0000000 -0.0000000 -0.0000000 -0.0000000 1.0000000
2470.943687 -0.0146706 0.0008140 -0.0016733 -0.0110022 -0.0007785 -0.0004338 0.9999391
2471.046304 -0.0158724 0.0001491 -0.0020836 -0.0106061 -0.0012583 -0.0005907 0.9999428
2471.097089 -0.0160839 0.0001023 -0.0022147 -0.0097441 -0.0013963 -0.0004036 0.9999515
2471.704715 -0.0214219 0.0001826 -0.0029490 -0.0149121 0.0048747 -0.0007968 0.9998766
2471.804883 -0.0223493 0.0003074 -0.0028618 -0.0178060 0.0055159 -0.0009780 0.9998258
2472.755937 -0.0341356 0.0012221 -0.0042148 -0.0314055 0.0048095 -0.0019214 0.9994934
2472.855789 -0.0349053 0.0005704 -0.0048310 -0.0309271 0.0038943 -0.0019615 0.9995121
2473.105646 -0.0378527 0.0004172 -0.0050542 -0.0258374 -0.0000234 -0.0014346 0.9996651
2473.355662 -0.0405844 -0.0023178 -0.0063244 -0.0031553 -0.0035341 0.0002398 0.9999887
2473.454862 -0.0416245 -0.0028486 -0.0064953 0.0060089 -0.0043508 0.0005909 0.9999723
2474.202182 -0.0480901 -0.0075593 -0.0100500 0.0632335 -0.0128874 0.0038834 0.9979081
2475.145394 -0.0546689 -0.0120794 -0.0139086 0.1220522 -0.0199335 0.0063641 0.9923031
2475.245739 -0.0574249 -0.0128527 -0.0155872 0.1254455 -0.0229236 0.0059318 0.9918180
2476.674364 -0.0709382 -0.0135236 -0.0186224 0.1305520 -0.0163983 0.0081595 0.9912723
2476.824350 -0.0719253 -0.0131168 -0.0187156 0.1338253 -0.0173380 0.0087165 0.9908150
2477.024331 -0.0725051 -0.0136924 -0.0184939 0.1366193 -0.0170779 0.0085919 0.9904391
2477.224311 -0.0722601 -0.0138245 -0.0184051 0.1407858 -0.0170952 0.0088683 0.9898527
2477.674268 -0.0757271 -0.0129894 -0.0175541 0.1323638 -0.0135739 0.0089562 0.9910678
2478.574180 -0.0865828 -0.0095336 -0.0202409 0.0625307 -0.0053958 0.0050787 0.9980156
2479.674074 -0.0929963 -0.0026460 -0.0203310 -0.0369209 0.0077673 -0.0026821 0.9992844
2480.124030 -0.0948831 -0.0007513 -0.0229284 -0.0744957 0.0120779 -0.0066525 0.9971260
2480.424001 -0.0937463 -0.0011091 -0.0204609 -0.0976095 0.0157700 -0.0087566 0.9950613
2480.723972 -0.0944596 -0.0010509 -0.0214478 -0.1143629 0.0172326 -0.0105152 0.9932339
2481.723875 -0.0931128 -0.0012581 -0.0208687 -0.1151908 0.0145256 -0.0102326 0.9931845
