2469.725037 0.0000000 0.0000000 0.0000000 -0.0000000 -0.0000000 -0.0000000 1.0000000
2470.943687 -0.0141993 0.0009753 -0.0009734 -0.0110108 -0.0010332 -0.0003492 0.9999388
2471.046304 -0.0152640 0.0007533 -0.0013044 -0.0103952 -0.0015453 -0.0003469 0.9999447
2471.804883 -0.0220704 0.0012299 -0.0017873 -0.0174404 0.0053011 -0.0009117 0.9998335
2472.206050 -0.0277661 0.0027571 -0.0014292 -0.0294289 0.0103637 -0.0016927 0.9995117
2472.306356 -0.0289948 0.0021356 -0.0018769 -0.0300546 0.0090880 -0.0017269 0.9995055
2472.505783 -0.0309443 0.0018381 -0.0027360 -0.0309422 0.0075367 -0.0017995 0.9994912
2473.255651 -0.0387023 0.0008303 -0.0035002 -0.0145867 -0.0027851 -0.0003593 0.9998897
2473.355662 -0.0401005 -0.0004754 -0.0041841 -0.0024425 -0.0038655 0.0004248 0.9999894
2473.454862 -0.0409561 -0.0009811 -0.0043460 0.0067614 -0.0047362 0.0008629 0.9999656
2474.102764 -0.0460929 -0.0052344 -0.0066047 0.0565155 -0.0111143 0.0035499 0.9983336
2474.252177 -0.0474793 -0.0063934 -0.0075030 0.0660582 -0.0153938 0.0039488 0.9976892
2475.145394 -0.0554122 -0.0108711 -0.0116170 0.1226097 -0.0197268 0.0061192 0.9922400
2475.930244 -0.0637104 -0.0102539 -0.0124781 0.1450569 -0.0227896 0.0075588 0.9891319
2476.325840 -0.0667846 -0.0104168 -0.0136245 0.1294447 -0.0182289 0.0073207 0.9913921
2476.924340 -0.0734109 -0.0112649 -0.0147448 0.1364657 -0.0168675 0.0081861 0.9904674
2476.974335 -0.0732242 -0.0113298 -0.0150066 0.1366305 -0.0170456 0.0080524 0.9904427
2477.074326 -0.0750629 -0.0095297 -0.0120422 0.1388068 -0.0159436 0.0084810 0.9901548
2477.574277 -0.0774018 -0.0090694 -0.0142274 0.1390320 -0.0133052 0.0085680 0.9901615
2477.624272 -0.0772110 -0.0091836 -0.0139785 0.1369687 -0.0136085 0.0085111 0.9904453
2480.124030 -0.0966092 -0.0145357 -0.0324748 -0.0803727 0.0126738 -0.0051784 0.9966708
2480.224021 -0.0966987 -0.0140973 -0.0327013 -0.0892987 0.0139602 -0.0050882 0.9958941
2480.873958 -0.0966237 -0.0145308 -0.0325109 -0.1234945 0.0181330 -0.0091256 0.9921376
2481.673880 -0.0971780 -0.0142360 -0.0335505 -0.1206116 0.0164254 -0.0087764 0.9925251
2481.873861 -0.0978819 -0.0143162 -0.0343596 -0.1192839 0.0149905 -0.0080981 0.9927140
