2469.725037 0.0000000 0.0000000 0.0000000 -0.0000000 -0.0000000 -0.0000000 1.0000000
2470.839706 -0.0107608 0.0003713 -0.0014447 -0.0117848 0.0006112 -0.0005274 0.9999303
2470.943687 -0.0120850 0.0006003 -0.0011612 -0.0110994 -0.0013065 -0.0003898 0.9999375
2472.055886 -0.0225449 0.0018767 -0.0016220 -0.0243791 0.0073466 -0.0014515 0.9996747
2472.306356 -0.0254432 0.0018626 -0.0016095 -0.0300470 0.0090371 -0.0019356 0.9995058
2472.356351 -0.0262040 0.0018820 -0.0018283 -0.0304166 0.0087896 -0.0021242 0.9994965
2473.005933 -0.0311592 0.0018160 -0.0025715 -0.0267654 0.0007092 -0.0014359 0.9996405
2473.255651 -0.0335421 0.0006012 -0.0033793 -0.0145827 -0.0030596 -0.0004780 0.9998889
2473.355662 -0.0341833 -0.0006325 -0.0035952 -0.0025581 -0.0044109 0.0004538 0.9999869
2473.504185 -0.0355433 -0.0012149 -0.0043155 0.0110760 -0.0063774 0.0009910 0.9999179
2475.095616 -0.0469823 -0.0084191 -0.0093906 0.1184848 -0.0196496 0.0057432 0.9927448
2476.029050 -0.0563548 -0.0095040 -0.0114875 0.1394205 -0.0232017 0.0071245 0.9899358
2476.229050 -0.0575599 -0.0091570 -0.0115820 0.1314222 -0.0202345 0.0070022 0.9910952
2476.674364 -0.0608805 -0.0095532 -0.0122092 0.1317475 -0.0174140 0.0075950 0.9911013
2476.924340 -0.0625949 -0.0100566 -0.0125035 0.1364866 -0.0179080 0.0086209 0.9904425
2477.024331 -0.0628767 -0.0100500 -0.0124313 0.1375948 -0.0179139 0.0083986 0.9902910
2477.424292 -0.0657974 -0.0096148 -0.0121540 0.1432085 -0.0146817 0.0083951 0.9895480
2477.524282 -0.0655496 -0.0094826 -0.0123642 0.1397920 -0.0143257 0.0083303 0.9900422
2477.724263 -0.0651236 -0.0094882 -0.0125142 0.1297658 -0.0140000 0.0083008 0.9914111
2479.724069 -0.0785577 0.0027531 -0.0102733 -0.0379576 0.0067290 -0.0035264 0.9992505
2480.224021 -0.0781435 0.0056663 -0.0099842 -0.0809193 0.0106779 -0.0067638 0.9966406
2480.324011 -0.0782410 0.0067351 -0.0090338 -0.0873427 0.0119780 -0.0076093 0.9960773
2480.773967 -0.0776272 0.0074767 -0.0093360 -0.1108305 0.0145692 -0.0098436 0.9936838
2481.673880 -0.0790311 0.0070955 -0.0096536 -0.1110293 0.0135622 -0.0101409 0.9936728
