2469.725037 0.0000000 0.0000000 0.0000000 -0.0000000 -0.0000000 -0.0000000 1.0000000
2471.097089 -0.0159716 0.0024627 -0.0003670 -0.0087650 -0.0018410 -0.0003128 0.9999598
2471.247509 -0.0172757 0.0026489 -0.0003428 -0.0069589 -0.0019063 -0.0001815 0.9999740
2472.055886 -0.0260142 0.0048742 -0.0004881 -0.0232064 0.0070569 -0.0012571 0.9997050
2472.206050 -0.0278118 0.0051881 -0.0001390 -0.0283384 0.0098695 -0.0015248 0.9995486
2472.805794 -0.0345535 0.0048623 -0.0010710 -0.0303247 0.0038386 -0.0018498 0.9995310
2473.005933 -0.0364671 0.0048304 -0.0008948 -0.0256835 0.0004900 -0.0013460 0.9996691
2473.255651 -0.0390590 0.0034988 -0.0013825 -0.0134282 -0.0033188 -0.0002299 0.9999043
2473.355662 -0.0415393 0.0023065 -0.0017890 -0.0012739 -0.0039620 0.0000847 0.9999914
2473.953411 -0.0420074 0.0018735 -0.0043720 0.0464402 -0.0113300 0.0034574 0.9988508
2474.102764 -0.0466650 -0.0022747 -0.0046781 0.0578511 -0.0117158 0.0033052 0.9982510
2475.245739 -0.0574510 -0.0085828 -0.0097203 0.1274202 -0.0240343 0.0057312 0.9915411
2476.029050 -0.0660536 -0.0073401 -0.0109090 0.1410176 -0.0233944 0.0071757 0.9897047
2476.129395 -0.0664268 -0.0076759 -0.0109039 0.1360470 -0.0221805 0.0070439 0.9904290
2476.474384 -0.0685491 -0.0066966 -0.0110294 0.1273941 -0.0169288 0.0074908 0.9916794
2476.624369 -0.0712180 -0.0075738 -0.0104372 0.1307449 -0.0167764 0.0076921 0.9912443
2476.924340 -0.0744668 -0.0090151 -0.0116488 0.1375952 -0.0175550 0.0083896 0.9902975
2477.324302 -0.0769834 -0.0084952 -0.0111011 0.1432979 -0.0158050 0.0085223 0.9895167
2477.524282 -0.0789559 -0.0083636 -0.0113971 0.1408254 -0.0135856 0.0083134 0.9899063
2477.624272 -0.0790655 -0.0080034 -0.0115563 0.1376427 -0.0140936 0.0085095 0.9903451
2479.924050 -0.0955122 0.0071752 -0.0099050 -0.0583113 0.0103108 -0.0048124 0.9982336
2480.074035 -0.0962703 0.0073527 -0.0115083 -0.0682067 0.0109666 -0.0060067 0.9975929
2480.623982 -0.0945949 0.0110848 -0.0096879 -0.1058256 0.0157140 -0.0098717 0.9942116
2480.773967 -0.0951242 0.0083986 -0.0116543 -0.1111673 0.0159885 -0.0100198 0.9936226
2481.823866 -0.0954714 0.0120364 -0.0101437 -0.1090190 0.0133081 -0.0086693 0.9939128
