2444.927438 0.0000000 0.0000000 0.0000000 -0.0000000 -0.0000000 -0.0000000 1.0000000
2449.726974 -0.0152953 0.0019569 0.0020218 -0.0229760 -0.0236074 -0.0015800 0.9994560
2449.826964 -0.0153585 0.0017186 0.0025601 -0.0219125 -0.0258925 -0.0017679 0.9994230
2449.976949 -0.0177054 0.0015518 0.0020277 -0.0207658 -0.0280942 -0.0030231 0.9993850
2450.176930 -0.0205490 0.0016227 0.0024218 -0.0197781 -0.0331267 -0.0049073 0.9992434
2450.226925 -0.0208635 0.0015333 0.0023614 -0.0200449 -0.0342575 -0.0059411 0.9991944
2451.426809 -0.0390895 0.0014385 0.0024128 -0.0115583 -0.0650368 -0.0328914 0.9972737
2451.826770 -0.0463152 0.0015505 0.0017220 -0.0106028 -0.0759080 -0.0403504 0.9962416
2452.426712 -0.0519821 0.0015592 0.0011965 -0.0051067 -0.0898518 -0.0454515 0.9949044
2452.826673 -0.0640771 0.0042890 -0.0015724 -0.0033049 -0.1112735 -0.0510192 0.9924738
2453.026654 -0.0679507 0.0041138 -0.0026254 -0.0088542 -0.1235388 -0.0566073 0.9906843
2455.626402 -0.1005783 0.0098156 -0.0074857 -0.0100276 -0.1778907 -0.1090657 0.9779361
2455.976368 -0.1047663 0.0107266 -0.0082856 -0.0107167 -0.1821870 -0.1140891 0.9765638
2456.526315 -0.1099934 0.0127425 -0.0091363 -0.0128416 -0.1865002 -0.1273184 0.9740856
2457.576214 -0.1303294 0.0188466 -0.0164531 -0.0169018 -0.2192677 -0.1547163 0.9631712
2457.776194 -0.1347426 0.0206485 -0.0183681 -0.0166478 -0.2262537 -0.1614292 0.9604545
2457.826189 -0.1356414 0.0205091 -0.0198869 -0.0163836 -0.2277832 -0.1626115 0.9598979
2458.326141 -0.1462392 0.0227915 -0.0266011 -0.0084787 -0.2382424 -0.1731129 0.9556153
2458.376136 -0.1455636 0.0233135 -0.0273785 -0.0032020 -0.2420954 -0.1749778 0.9543387
2458.426131 -0.1449097 0.0225852 -0.0269807 -0.0001314 -0.2476438 -0.1740742 0.9530848
2458.576117 -0.1519130 0.0234806 -0.0314626 0.0071835 -0.2561925 -0.1780718 0.9500549
2458.880493 -0.1588194 0.0246663 -0.0373771 0.0257464 -0.2716647 -0.1817643 0.9447207
2458.980345 -0.1607019 0.0249606 -0.0386275 0.0327827 -0.2773991 -0.1823033 0.9427304
2459.084542 -0.1631036 0.0259246 -0.0400451 0.0412611 -0.2828346 -0.1821835 0.9408036
2459.187575 -0.1663212 0.0258865 -0.0435282 0.0498778 -0.2867057 -0.1839104 0.9388765
2459.337284 -0.1655693 0.0244092 -0.0444156 0.0608532 -0.2948310 -0.1816366 0.9361515
2459.594331 -0.1705539 0.0259970 -0.0477811 0.0781958 -0.3049506 -0.1819697 0.9315458
2460.198480 -0.1805485 0.0281520 -0.0555096 0.1183248 -0.3314622 -0.1807988 0.9183920
2460.550758 -0.1839876 0.0290296 -0.0584097 0.1300539 -0.3391200 -0.1803230 0.9140937
2460.902580 -0.1885964 0.0311373 -0.0639950 0.1462641 -0.3525095 -0.1791713 0.9067754
2462.152440 -0.2068550 0.0383744 -0.0792430 0.1878032 -0.3825524 -0.1776157 0.8870380
2462.302070 -0.2074641 0.0382631 -0.0792337 0.1916034 -0.3870795 -0.1751867 0.8847413
2465.975400 -0.2339742 0.0639965 -0.1166479 0.1722248 -0.4133081 -0.1904648 0.8736351
2466.075391 -0.2334437 0.0642363 -0.1171617 0.1669592 -0.4134197 -0.1928805 0.8740743
2467.925211 -0.2462727 0.0857890 -0.1297977 0.0769854 -0.3835899 -0.2433809 0.8875234
2468.225183 -0.2491789 0.0904305 -0.1324551 0.0667277 -0.3888592 -0.2493070 0.8844105
2468.525153 -0.2513236 0.0926616 -0.1341558 0.0574656 -0.3865577 -0.2539967 0.8847353
2469.675042 -0.2557717 0.0985518 -0.1409606 0.0314390 -0.3812384 -0.2667279 0.8846046
2470.483498 -0.2594259 0.1034846 -0.1468461 0.0211449 -0.3741928 -0.2725655 0.8861381
2470.891756 -0.2624925 0.1060963 -0.1508927 0.0208594 -0.3775603 -0.2723522 0.8847810
2470.995143 -0.2635922 0.1066522 -0.1524326 0.0209388 -0.3786859 -0.2721337 0.8843652
2472.505783 -0.2711761 0.1160259 -0.1637691 0.0062197 -0.3652076 -0.2806582 0.8875898
2472.805794 -0.2725919 0.1174299 -0.1657914 0.0047631 -0.3680688 -0.2810303 0.8862983
2473.454862 -0.2771987 0.1184842 -0.1722691 0.0353260 -0.3863522 -0.2643597 0.8829485
2475.145394 -0.2857684 0.1172393 -0.1891398 0.1318270 -0.4279292 -0.2138904 0.8681872
2475.687479 -0.2866799 0.1173043 -0.1947400 0.1518000 -0.4353376 -0.2031127 0.8638190
2476.624369 -0.2914676 0.1225107 -0.2008792 0.1375796 -0.4265813 -0.2098077 0.8689539
2476.874345 -0.2925146 0.1237862 -0.2032545 0.1427464 -0.4289782 -0.2066716 0.8676913
2477.324302 -0.2934544 0.1251746 -0.2047705 0.1487899 -0.4288075 -0.2033100 0.8675545
2477.624272 -0.2940341 0.1261095 -0.2058870 0.1442868 -0.4262227 -0.2057613 0.8690097
2477.824253 -0.2943348 0.1282290 -0.2082176 0.1324700 -0.4205259 -0.2128288 0.8719596
2478.474190 -0.2978122 0.1339239 -0.2100534 0.0931901 -0.4066402 -0.2332165 0.8783903
2478.574180 -0.2980528 0.1360026 -0.2084846 0.0844126 -0.4028380 -0.2375748 0.8798604
2479.524088 -0.2997536 0.1442524 -0.2098733 0.0122701 -0.3681286 -0.2782632 0.8870741
2479.824059 -0.3005619 0.1460392 -0.2088826 -0.0085702 -0.3587915 -0.2895051 0.8873456
2480.274016 -0.2970905 0.1495214 -0.2061063 -0.0366683 -0.3469843 -0.3040635 0.8864552
2480.773967 -0.2963071 0.1507554 -0.2066625 -0.0596327 -0.3345905 -0.3161301 0.8857510
2481.623885 -0.2964485 0.1504449 -0.2066648 -0.0605047 -0.3357038 -0.3162126 0.8852411
2481.873861 -0.2967041 0.1505603 -0.2068985 -0.0599033 -0.3380716 -0.3152409 0.8847273
