2444.927438 0.0000000 0.0000000 0.0000000 -0.0000000 -0.0000000 -0.0000000 1.0000000
2449.726974 -0.0154122 0.0021343 0.0023260 -0.0229653 -0.0236894 -0.0016179 0.9994543
2449.826964 -0.0157197 0.0024271 0.0028735 -0.0215711 -0.0258377 -0.0019015 0.9994316
2449.976949 -0.0177914 0.0022199 0.0026302 -0.0205061 -0.0281834 -0.0030783 0.9993877
2450.626886 -0.0268093 0.0016017 0.0027931 -0.0153374 -0.0459969 -0.0171087 0.9986773
2451.026848 -0.0330284 0.0013219 0.0025052 -0.0114386 -0.0543013 -0.0258864 0.9981235
2451.326819 -0.0380928 0.0016327 0.0026143 -0.0112355 -0.0624458 -0.0322270 0.9974647
2451.626790 -0.0430018 0.0014588 0.0023361 -0.0116518 -0.0712625 -0.0368479 0.9967087
2451.926760 -0.0474273 0.0019222 0.0023707 -0.0105769 -0.0798394 -0.0410192 0.9959072
2452.726683 -0.0606200 0.0029773 -0.0001085 -0.0035088 -0.1023218 -0.0482306 0.9935753
2453.026654 -0.0688626 0.0042790 -0.0026266 -0.0088281 -0.1236353 -0.0566388 0.9906707
2455.576407 -0.1016319 0.0100748 -0.0070047 -0.0100800 -0.1764356 -0.1079180 0.9783264
2456.326335 -0.1093305 0.0121604 -0.0086597 -0.0127410 -0.1858824 -0.1215804 0.9749377
2457.126257 -0.1234864 0.0163844 -0.0129909 -0.0166049 -0.2024527 -0.1426507 0.9687043
2457.326238 -0.1275163 0.0177247 -0.0147813 -0.0185300 -0.2101009 -0.1462872 0.9664959
2457.776194 -0.1367478 0.0206397 -0.0192606 -0.0168022 -0.2260989 -0.1610083 0.9605589
2457.826189 -0.1376641 0.0209546 -0.0200457 -0.0163705 -0.2277186 -0.1622522 0.9599742
2458.126160 -0.1426277 0.0216973 -0.0239222 -0.0141676 -0.2329113 -0.1680222 0.9577683
2458.376136 -0.1474692 0.0255653 -0.0287749 -0.0023456 -0.2420422 -0.1745825 0.9544271
2458.676502 -0.1571529 0.0261377 -0.0338729 0.0163248 -0.2631529 -0.1790289 0.9478569
2458.830833 -0.1590273 0.0261931 -0.0365190 0.0223980 -0.2703196 -0.1803810 0.9454567
2458.880493 -0.1611636 0.0269367 -0.0373372 0.0263357 -0.2719707 -0.1809967 0.9447638
2459.187575 -0.1669004 0.0278383 -0.0433043 0.0507084 -0.2876728 -0.1831595 0.9386829
2459.541946 -0.1724626 0.0278339 -0.0473753 0.0772940 -0.3030492 -0.1812140 0.9323885
2459.594331 -0.1732469 0.0283650 -0.0482923 0.0790877 -0.3049279 -0.1816562 0.9315391
2459.746055 -0.1762887 0.0287531 -0.0499411 0.0885873 -0.3132930 -0.1826137 0.9277134
2460.398896 -0.1858280 0.0307631 -0.0586500 0.1268588 -0.3352808 -0.1804448 0.9159331
2461.051855 -0.1940257 0.0347890 -0.0651492 0.1524888 -0.3559834 -0.1789083 0.9044417
2461.302502 -0.1991629 0.0377337 -0.0696094 0.1590251 -0.3619700 -0.1809022 0.9005349
2462.401704 -0.2118163 0.0411469 -0.0779343 0.1949203 -0.3895871 -0.1735100 0.8832453
2464.987724 -0.2393316 0.0612366 -0.1092419 0.2074363 -0.4193494 -0.1709266 0.8671219
2465.625434 -0.2363736 0.0649069 -0.1131765 0.1875512 -0.4205474 -0.1819942 0.8688167
2466.025395 -0.2356925 0.0657830 -0.1142590 0.1695900 -0.4134094 -0.1908230 0.8740243
2466.325366 -0.2422132 0.0727505 -0.1237825 0.1508886 -0.4147308 -0.2012608 0.8744856
2466.425357 -0.2418836 0.0730192 -0.1235058 0.1423903 -0.4111368 -0.2058636 0.8765339
2466.525347 -0.2414228 0.0734574 -0.1242493 0.1340111 -0.4078247 -0.2102247 0.8783653
2467.925211 -0.2504686 0.0887467 -0.1299138 0.0778838 -0.3832614 -0.2426508 0.8877868
2469.325076 -0.2578150 0.0998322 -0.1411795 0.0393052 -0.3833954 -0.2629438 0.8844906
2470.127132 -0.2620012 0.1049182 -0.1454698 0.0247304 -0.3775363 -0.2703418 0.8853079
2470.635558 -0.2640499 0.1069780 -0.1490218 0.0220029 -0.3735916 -0.2721202 0.8865076
2470.995143 -0.2674515 0.1099236 -0.1535928 0.0219921 -0.3782037 -0.2716810 0.8846852
2471.904874 -0.2711010 0.1148877 -0.1590694 0.0146672 -0.3689422 -0.2759846 0.8874114
2472.455927 -0.2754423 0.1199436 -0.1641243 0.0080032 -0.3649757 -0.2797824 0.8879474
2473.255651 -0.2798305 0.1226608 -0.1711909 0.0184967 -0.3782778 -0.2730643 0.8843074
2473.553627 -0.2817674 0.1206943 -0.1754032 0.0443515 -0.3908585 -0.2596622 0.8819513
2475.145394 -0.2897819 0.1198148 -0.1915257 0.1327166 -0.4272521 -0.2139283 0.8683759
2475.294510 -0.2896333 0.1202418 -0.1928368 0.1359919 -0.4320136 -0.2119061 0.8660059
2476.924340 -0.2974859 0.1276696 -0.2054789 0.1446734 -0.4282078 -0.2058245 0.8679540
2477.224311 -0.2979969 0.1277145 -0.2058683 0.1490458 -0.4292581 -0.2032383 0.8673045
2477.574277 -0.2988344 0.1290898 -0.2069804 0.1466524 -0.4260239 -0.2042807 0.8690605
2477.974239 -0.3005410 0.1331542 -0.2107316 0.1257798 -0.4176185 -0.2160566 0.8735524
2478.074229 -0.3008236 0.1331777 -0.2118858 0.1204644 -0.4160783 -0.2189425 0.8743177
2478.324205 -0.3028420 0.1361325 -0.2112944 0.1047638 -0.4100678 -0.2274043 0.8770155
2478.824156 -0.3042977 0.1414954 -0.2119514 0.0678855 -0.3892700 -0.2477589 0.8845767
2479.174122 -0.3058344 0.1434203 -0.2133042 0.0400043 -0.3763369 -0.2630168 0.8874640
2480.473997 -0.3021685 0.1538281 -0.2095667 -0.0471458 -0.3393097 -0.3091324 0.8871772
2480.673977 -0.3020869 0.1535485 -0.2095011 -0.0577233 -0.3346629 -0.3144982 0.8864309
2481.223924 -0.3022782 0.1537754 -0.2095345 -0.0611893 -0.3320012 -0.3164451 0.8865064
2481.723875 -0.3015924 0.1539322 -0.2090677 -0.0601278 -0.3359745 -0.3148673 0.8856434
2481.923856 -0.3019193 0.1533433 -0.2099739 -0.0590601 -0.3374739 -0.3144402 0.8852970
