2469.725037 0.0000000 0.0000000 0.0000000 -0.0000000 -0.0000000 -0.0000000 1.0000000
2471.147519 -0.0169455 0.0010561 -0.0011643 -0.0087985 -0.0020093 -0.0004021 0.9999592
2471.247509 -0.0178567 0.0010402 -0.0011771 -0.0076511 -0.0017900 -0.0003642 0.9999691
2472.206050 -0.0291735 0.0033964 -0.0012762 -0.0291361 0.0102405 -0.0019432 0.9995211
2472.306356 -0.0304909 0.0029452 -0.0016142 -0.0296961 0.0090157 -0.0020724 0.9995162
2473.205498 -0.0399363 0.0022620 -0.0029968 -0.0194954 -0.0023697 -0.0007723 0.9998068
2473.255651 -0.0407769 0.0014614 -0.0030652 -0.0143238 -0.0029152 -0.0005797 0.9998930
2473.355662 -0.0421321 0.0004763 -0.0035254 -0.0020368 -0.0040164 -0.0000674 0.9999899
2473.454862 -0.0421868 0.0001909 -0.0038740 0.0073793 -0.0052012 0.0007744 0.9999589
2473.802477 -0.0447360 -0.0023762 -0.0050590 0.0328666 -0.0090336 0.0020622 0.9994168
2473.852650 -0.0454120 -0.0025637 -0.0052855 0.0376870 -0.0092959 0.0022883 0.9992437
2475.145394 -0.0586721 -0.0104931 -0.0107184 0.1230485 -0.0199107 0.0059277 0.9921832
2476.029050 -0.0683445 -0.0107563 -0.0132804 0.1396809 -0.0229906 0.0067807 0.9899064
2476.524379 -0.0707819 -0.0093251 -0.0130371 0.1260442 -0.0157915 0.0074559 0.9918709
2476.624369 -0.0731436 -0.0100067 -0.0128210 0.1297621 -0.0165089 0.0073557 0.9913805
2476.724360 -0.0738936 -0.0099122 -0.0126696 0.1327374 -0.0176262 0.0078509 0.9909635
2476.924340 -0.0775543 -0.0102776 -0.0130398 0.1371571 -0.0171402 0.0080025 0.9903687
2477.074326 -0.0804023 -0.0104064 -0.0110250 0.1386732 -0.0158385 0.0076547 0.9901820
2477.574277 -0.0820519 -0.0097880 -0.0124629 0.1388840 -0.0135888 0.0078121 0.9901847
2477.774258 -0.0837860 -0.0097304 -0.0137467 0.1256097 -0.0114300 0.0077253 0.9919838
2478.474190 -0.0856752 -0.0080720 -0.0162535 0.0749526 -0.0087591 0.0072390 0.9971223
2479.824059 -0.0945010 0.0073768 -0.0103191 -0.0467369 0.0078876 -0.0038402 0.9988687
2479.924050 -0.0970120 0.0059595 -0.0105724 -0.0588264 0.0102547 -0.0051187 0.9982024
2480.374006 -0.0944233 0.0104779 -0.0094421 -0.0879012 0.0120769 -0.0078080 0.9960254
2480.723972 -0.0959409 0.0093451 -0.0093851 -0.1100829 0.0153030 -0.0099822 0.9937545
2481.373909 -0.0964392 0.0094701 -0.0100083 -0.1126952 0.0165443 -0.0109372 0.9934317
