2469.725037 0.0000000 0.0000000 0.0000000 -0.0000000 -0.0000000 -0.0000000 1.0000000
2470.943687 -0.0137709 0.0009673 -0.0011676 -0.0109371 -0.0012448 -0.0001987 0.9999394
2471.046304 -0.0154176 0.0005978 -0.0013919 -0.0104357 -0.0014998 -0.0005251 0.9999443
2471.097089 -0.0154590 0.0002930 -0.0016191 -0.0096677 -0.0017401 -0.0002939 0.9999517
2471.804883 -0.0217687 0.0012634 -0.0018518 -0.0173522 0.0052107 -0.0007281 0.9998356
2471.955580 -0.0239829 0.0019526 -0.0017728 -0.0225957 0.0060601 -0.0011341 0.9997257
2472.455927 -0.0304982 0.0022824 -0.0022119 -0.0300063 0.0074497 -0.0019257 0.9995201
2473.055789 -0.0367914 0.0018915 -0.0030653 -0.0273885 0.0009598 -0.0014326 0.9996234
2473.105646 -0.0373325 0.0021763 -0.0027535 -0.0251189 -0.0002420 -0.0013207 0.9996836
2473.355662 -0.0396425 -0.0004453 -0.0040683 -0.0023758 -0.0039795 0.0004313 0.9999892
2473.504185 -0.0416577 -0.0006949 -0.0044775 0.0113699 -0.0056623 0.0009056 0.9999189
2474.102764 -0.0459018 -0.0050934 -0.0065374 0.0565716 -0.0110649 0.0034958 0.9983311
2474.650598 -0.0511161 -0.0076629 -0.0085491 0.0923541 -0.0200253 0.0046774 0.9955139
2476.524379 -0.0680419 -0.0098076 -0.0136170 0.1255934 -0.0150611 0.0076253 0.9919382
2476.624369 -0.0694601 -0.0104465 -0.0134183 0.1293277 -0.0159776 0.0077558 0.9914429
2476.724360 -0.0697064 -0.0106771 -0.0131924 0.1321227 -0.0171371 0.0081653 0.9910516
2476.974335 -0.0740402 -0.0121467 -0.0141850 0.1363175 -0.0163943 0.0078424 0.9904985
2477.574277 -0.0785545 -0.0126950 -0.0152997 0.1374853 -0.0125613 0.0080343 0.9903916
2477.624272 -0.0785450 -0.0125740 -0.0148114 0.1355050 -0.0129182 0.0079501 0.9906605
2479.374103 -0.0931330 -0.0032560 -0.0132826 -0.0120091 0.0096274 -0.0008274 0.9998812
2479.824059 -0.0946964 0.0035151 -0.0112147 -0.0484517 0.0108730 -0.0039772 0.9987584
2480.124030 -0.0955391 0.0030678 -0.0139068 -0.0733563 0.0127342 -0.0061820 0.9972053
2480.773967 -0.0953383 0.0033401 -0.0133077 -0.1133168 0.0180647 -0.0100509 0.9933438
2481.673880 -0.0961537 0.0031629 -0.0147096 -0.1135920 0.0170523 -0.0098306 0.9933325
