2444.927438 0.0000000 0.0000000 0.0000000 -0.0000000 -0.0000000 -0.0000000 1.0000000
2449.726974 -0.0160838 0.0017236 0.0019311 -0.0231046 -0.0234048 -0.0016376 0.9994577
2450.226925 -0.0215750 0.0016497 0.0026020 -0.0200067 -0.0341698 -0.0057806 0.9991990
2450.326915 -0.0231625 0.0011445 0.0025116 -0.0180878 -0.0365859 -0.0090193 0.9991261
2450.876862 -0.0315105 0.0010535 0.0025303 -0.0130424 -0.0505419 -0.0218096 0.9983986
2451.226828 -0.0370609 0.0014049 0.0024124 -0.0116568 -0.0599677 -0.0301178 0.9976778
2451.826770 -0.0478990 0.0017312 0.0021666 -0.0105624 -0.0758476 -0.0402148 0.9962522
2452.026751 -0.0500251 0.0016070 0.0017674 -0.0106584 -0.0820524 -0.0412483 0.9957170
2452.426712 -0.0539798 0.0017234 0.0013545 -0.0050881 -0.0897349 -0.0453047 0.9949217
2452.726683 -0.0619279 0.0027383 -0.0003379 -0.0036272 -0.1021330 -0.0480575 0.9936026
2453.026654 -0.0705005 0.0042031 -0.0026639 -0.0088817 -0.1233137 -0.0565287 0.9907166
2454.076552 -0.0814480 0.0052938 -0.0030284 -0.0089045 -0.1392161 -0.0755542 0.9873354
2455.176446 -0.0954626 0.0081610 -0.0053212 -0.0082017 -0.1678329 -0.0979066 0.9809073
2457.326238 -0.1313988 0.0186147 -0.0147506 -0.0183584 -0.2091686 -0.1464927 0.9666702
2457.576214 -0.1358737 0.0198152 -0.0166629 -0.0168861 -0.2184542 -0.1546270 0.9633707
2457.776194 -0.1401835 0.0215633 -0.0189001 -0.0166083 -0.2254197 -0.1611973 0.9606901
2457.826189 -0.1412139 0.0219651 -0.0197691 -0.0160822 -0.2270292 -0.1626824 0.9600696
2458.126160 -0.1468075 0.0225803 -0.0236142 -0.0139875 -0.2321657 -0.1682715 0.9579082
2458.426131 -0.1538703 0.0251504 -0.0282790 0.0006310 -0.2457411 -0.1751542 0.9533792
2458.676502 -0.1612158 0.0267960 -0.0338311 0.0165373 -0.2626092 -0.1795291 0.9479094
2458.980345 -0.1674829 0.0272234 -0.0390621 0.0333531 -0.2768729 -0.1824112 0.9428442
2459.136493 -0.1707564 0.0278789 -0.0423571 0.0459453 -0.2846749 -0.1832234 0.9398289
2459.287288 -0.1732348 0.0278819 -0.0434916 0.0592718 -0.2921251 -0.1825287 0.9369274
2459.438499 -0.1748278 0.0282496 -0.0454319 0.0687029 -0.2967272 -0.1817663 0.9349834
2461.152497 -0.2020555 0.0364165 -0.0679647 0.1551813 -0.3563731 -0.1803107 0.9035513
2461.302502 -0.2028320 0.0374334 -0.0691772 0.1587277 -0.3619306 -0.1812060 0.9005421
2461.452330 -0.2042680 0.0365169 -0.0699212 0.1612013 -0.3668426 -0.1827890 0.8977911
2463.001488 -0.2244964 0.0474199 -0.0876839 0.1921647 -0.3939637 -0.1772901 0.8811547
2463.801115 -0.2244004 0.0496241 -0.0903044 0.1947661 -0.4052003 -0.1747590 0.8759785
2465.875410 -0.2428516 0.0668703 -0.1169175 0.1782238 -0.4151833 -0.1875091 0.8721808
2465.975400 -0.2426373 0.0672194 -0.1170906 0.1727515 -0.4128112 -0.1905432 0.8737489
2466.025395 -0.2426682 0.0672033 -0.1170661 0.1695474 -0.4121742 -0.1919050 0.8743790
2466.525347 -0.2464760 0.0760059 -0.1225537 0.1343545 -0.4076045 -0.2104290 0.8783662
2466.875313 -0.2483814 0.0801036 -0.1231720 0.1127556 -0.3967070 -0.2228018 0.8833284
2468.275178 -0.2579110 0.0936980 -0.1345960 0.0646686 -0.3880637 -0.2501350 0.8846791
2468.525153 -0.2600283 0.0962148 -0.1368717 0.0579227 -0.3854266 -0.2539825 0.8852029
2469.225086 -0.2616282 0.1004952 -0.1405401 0.0416856 -0.3830366 -0.2621921 0.8847602
2469.775032 -0.2648003 0.1032427 -0.1427608 0.0307960 -0.3786297 -0.2677526 0.8854376
2470.635558 -0.2692918 0.1084974 -0.1499285 0.0218818 -0.3730364 -0.2725001 0.8866277
2470.943687 -0.2718621 0.1108728 -0.1533592 0.0214997 -0.3776602 -0.2720399 0.8848191
2471.298255 -0.2737302 0.1123192 -0.1561010 0.0252611 -0.3792671 -0.2699990 0.8846576
2471.604231 -0.2752492 0.1139391 -0.1582864 0.0203400 -0.3710317 -0.2734598 0.8872100
2472.306356 -0.2797562 0.1197675 -0.1640256 0.0080385 -0.3632144 -0.2801230 0.8885616
2473.105646 -0.2838092 0.1241407 -0.1706545 0.0097445 -0.3728662 -0.2780375 0.8851954
2473.504185 -0.2871326 0.1231465 -0.1759537 0.0394671 -0.3874521 -0.2627677 0.8827663
2475.438708 -0.2965709 0.1227597 -0.1949246 0.1446392 -0.4331914 -0.2079059 0.8649855
2475.687479 -0.2964103 0.1226498 -0.1968616 0.1528184 -0.4344837 -0.2031132 0.8640692
2475.930244 -0.2980128 0.1242936 -0.1997974 0.1503569 -0.4346012 -0.2036101 0.8643249
2476.824350 -0.3018151 0.1282018 -0.2058590 0.1425600 -0.4281033 -0.2070554 0.8680623
2477.324302 -0.3050139 0.1305188 -0.2087692 0.1496447 -0.4272726 -0.2036699 0.8680801
2477.574277 -0.3046105 0.1311769 -0.2094882 0.1467760 -0.4252980 -0.2051329 0.8691944
2477.674268 -0.3042826 0.1312251 -0.2102333 0.1422232 -0.4237014 -0.2072387 0.8702309
2478.074229 -0.3040991 0.1334271 -0.2128162 0.1200419 -0.4163522 -0.2189570 0.8742418
2478.574180 -0.3079862 0.1405872 -0.2122048 0.0849844 -0.4019195 -0.2372523 0.8803123
2479.774064 -0.3098618 0.1516738 -0.2130879 -0.0040196 -0.3596369 -0.2869110 0.8878779
2479.924050 -0.3078088 0.1545350 -0.2098414 -0.0161886 -0.3546119 -0.2930875 0.8877433
2480.074035 -0.3080590 0.1527466 -0.2125688 -0.0252526 -0.3511489 -0.2975457 0.8874252
2480.324011 -0.3083563 0.1530714 -0.2128869 -0.0410941 -0.3426384 -0.3059185 0.8873129
2480.723972 -0.3083560 0.1532538 -0.2132019 -0.0600794 -0.3330810 -0.3160828 0.8863065
