2469.725037 0.0000000 0.0000000 0.0000000 -0.0000000 -0.0000000 -0.0000000 1.0000000
2470.943687 -0.0135234 0.0009374 -0.0006261 -0.0110384 -0.0011391 -0.0002876 0.9999384
2471.046304 -0.0146417 0.0011651 -0.0006903 -0.0102129 -0.0016454 -0.0004971 0.9999464
2471.804883 -0.0211085 0.0010274 -0.0010233 -0.0175899 0.0052014 -0.0008724 0.9998314
2472.106039 -0.0248204 0.0029151 -0.0004220 -0.0264825 0.0091743 -0.0014706 0.9996061
2472.256203 -0.0272413 0.0031296 -0.0005291 -0.0307128 0.0098738 -0.0018918 0.9994777
2472.356351 -0.0284103 0.0029190 -0.0009256 -0.0300875 0.0086526 -0.0019143 0.9995080
2473.055789 -0.0350490 0.0030930 -0.0012690 -0.0269277 0.0006435 -0.0014646 0.9996361
2473.355662 -0.0385005 0.0022503 -0.0015766 -0.0012194 -0.0039828 0.0003024 0.9999913
2473.454862 -0.0385019 0.0022597 -0.0015815 0.0082562 -0.0052823 0.0009160 0.9999515
2474.053085 -0.0433873 -0.0031271 -0.0046305 0.0512113 -0.0102840 0.0031866 0.9986299
2474.152601 -0.0445678 -0.0038441 -0.0047842 0.0588273 -0.0117892 0.0033680 0.9981929
2475.145394 -0.0520760 -0.0078622 -0.0079900 0.1237121 -0.0204492 0.0059411 0.9920896
2475.245739 -0.0546125 -0.0089130 -0.0089250 0.1268798 -0.0234485 0.0055090 0.9916256
2476.674364 -0.0665764 -0.0092054 -0.0104884 0.1321582 -0.0173710 0.0077717 0.9910460
2476.924340 -0.0689961 -0.0090485 -0.0110661 0.1372077 -0.0175996 0.0084115 0.9903502
2477.024331 -0.0696994 -0.0094851 -0.0114795 0.1381461 -0.0174654 0.0082166 0.9902238
2477.174316 -0.0695444 -0.0092031 -0.0115735 0.1411205 -0.0172548 0.0084640 0.9898059
2477.474287 -0.0719032 -0.0092978 -0.0115005 0.1425622 -0.0142726 0.0085579 0.9896460
2477.624272 -0.0728896 -0.0089318 -0.0126854 0.1369176 -0.0141907 0.0080647 0.9904479
2479.924050 -0.0882003 0.0072636 -0.0082830 -0.0580986 0.0102129 -0.0044443 0.9982488
2480.124030 -0.0899079 0.0082128 -0.0106969 -0.0713227 0.0110063 -0.0066321 0.9973705
2480.374006 -0.0885975 0.0096990 -0.0088087 -0.0880858 0.0136082 -0.0081500 0.9959866
2480.573987 -0.0886235 0.0104677 -0.0095103 -0.1025495 0.0160407 -0.0086472 0.9945610
2480.773967 -0.0873649 0.0085823 -0.0093164 -0.1112958 0.0154948 -0.0093189 0.9936228
