2469.725037 0.0000000 0.0000000 0.0000000 -0.0000000 -0.0000000 -0.0000000 1.0000000
2470.891756 -0.0139884 0.0002463 -0.0020631 -0.0114935 -0.0004608 -0.0005909 0.9999337
2471.097089 -0.0165463 -0.0000174 -0.0026516 -0.0097421 -0.0018338 -0.0004192 0.9999508
2471.502878 -0.0197865 -0.0001742 -0.0030236 -0.0096527 0.0014572 -0.0002530 0.9999523
2471.804883 -0.0231882 0.0005285 -0.0033147 -0.0176234 0.0048969 -0.0010318 0.9998322
2472.306356 -0.0307725 0.0014072 -0.0034591 -0.0303320 0.0087270 -0.0020058 0.9994998
2472.505783 -0.0326631 0.0009205 -0.0043906 -0.0312893 0.0070628 -0.0019732 0.9994835
2473.255651 -0.0408419 -0.0007843 -0.0062313 -0.0151113 -0.0033522 -0.0004079 0.9998801
2473.355662 -0.0420641 -0.0022441 -0.0066716 -0.0030385 -0.0045208 0.0002992 0.9999852
2473.454862 -0.0431495 -0.0027597 -0.0065478 0.0061259 -0.0053260 0.0007968 0.9999667
2473.852650 -0.0462451 -0.0051527 -0.0082243 0.0367237 -0.0094873 0.0024253 0.9992775
2475.095616 -0.0580504 -0.0116901 -0.0139358 0.1180345 -0.0197179 0.0059510 0.9927959
2476.179055 -0.0713111 -0.0137208 -0.0173757 0.1325786 -0.0208785 0.0070688 0.9909274
2476.424389 -0.0718689 -0.0125195 -0.0174644 0.1267185 -0.0178191 0.0073127 0.9917517
2476.974335 -0.0796938 -0.0130285 -0.0188982 0.1365612 -0.0174074 0.0084755 0.9904424
2477.074326 -0.0809540 -0.0098451 -0.0163073 0.1390331 -0.0164921 0.0085261 0.9901137
2477.174316 -0.0806956 -0.0099281 -0.0160707 0.1413105 -0.0167784 0.0085422 0.9897863
2477.374297 -0.0817372 -0.0099514 -0.0171953 0.1440195 -0.0152817 0.0086686 0.9894189
2478.824156 -0.0943663 -0.0142027 -0.0285971 0.0383964 0.0016585 0.0036510 0.9992546
2479.474093 -0.0990759 -0.0146237 -0.0323622 -0.0261735 0.0077963 -0.0020532 0.9996249
2480.124030 -0.1023502 -0.0148483 -0.0360581 -0.0802199 0.0118500 -0.0056859 0.9966905
2480.424001 -0.0985171 -0.0154494 -0.0303710 -0.1036333 0.0138758 -0.0081934 0.9944851
2481.223924 -0.0972059 -0.0052948 -0.0256530 -0.1186005 0.0157697 -0.0103853 0.9927625
2481.673880 -0.0983010 -0.0039637 -0.0259507 -0.1157518 0.0137635 -0.0088775 0.9931431
