2469.725037 0.0000000 0.0000000 0.0000000 -0.0000000 -0.0000000 -0.0000000 1.0000000
2470.943687 -0.0158035 0.0014075 -0.0007728 -0.0109113 -0.0010931 -0.0003241 0.9999399
2471.502878 -0.0208751 0.0013344 -0.0012466 -0.0091559 0.0016435 -0.0002036 0.9999567
2471.804883 -0.0244068 0.0018982 -0.0014183 -0.0172542 0.0051595 -0.0008566 0.9998375
2472.005891 -0.0269263 0.0027226 -0.0014167 -0.0226732 0.0059470 -0.0010738 0.9997247
2472.605932 -0.0350029 0.0035092 -0.0016112 -0.0298103 0.0062904 -0.0019218 0.9995340
2473.005933 -0.0395452 0.0033012 -0.0022626 -0.0264270 0.0006324 -0.0014024 0.9996496
2473.205498 -0.0421513 0.0022847 -0.0028791 -0.0196639 -0.0024072 -0.0008152 0.9998034
2473.355662 -0.0442859 0.0005141 -0.0036021 -0.0020670 -0.0041120 0.0002717 0.9999894
2474.202182 -0.0516692 -0.0031934 -0.0061184 0.0652461 -0.0138254 0.0038669 0.9977660
2474.252177 -0.0519690 -0.0051396 -0.0068822 0.0668707 -0.0158873 0.0038581 0.9976277
2475.145394 -0.0596816 -0.0094044 -0.0106072 0.1237237 -0.0207509 0.0064252 0.9920789
2476.029050 -0.0710304 -0.0109376 -0.0137210 0.1398986 -0.0234554 0.0072544 0.9898614
2476.624369 -0.0763901 -0.0095962 -0.0132440 0.1301699 -0.0169806 0.0078282 0.9913154
2476.824350 -0.0780802 -0.0099952 -0.0151852 0.1356315 -0.0186816 0.0082873 0.9905486
2477.274306 -0.0810411 -0.0107425 -0.0140502 0.1435287 -0.0172306 0.0086242 0.9894586
2477.374297 -0.0818938 -0.0106884 -0.0145456 0.1438175 -0.0160601 0.0085252 0.9894372
2477.574277 -0.0843284 -0.0108872 -0.0148750 0.1388994 -0.0145136 0.0082982 0.9901654
2477.624272 -0.0841298 -0.0114869 -0.0149371 0.1367030 -0.0147982 0.0079549 0.9904696
2478.124224 -0.0905695 -0.0110077 -0.0180105 0.1015257 -0.0108378 0.0066121 0.9947519
2479.824059 -0.1047277 0.0034668 -0.0167142 -0.0487391 0.0091593 -0.0052101 0.9987560
2479.924050 -0.1024003 0.0074140 -0.0135647 -0.0584984 0.0097073 -0.0053781 0.9982258
2480.124030 -0.1032301 0.0069832 -0.0159782 -0.0720255 0.0101744 -0.0074574 0.9973230
2480.324011 -0.1027861 0.0073187 -0.0147257 -0.0881469 0.0127825 -0.0089213 0.9959856
2480.873958 -0.1024856 0.0078748 -0.0148219 -0.1145420 0.0158980 -0.0111131 0.9932290
2481.873861 -0.1033306 0.0072951 -0.0150876 -0.1108246 0.0124070 -0.0100275 0.9937119
