2469.725037 0.0000000 0.0000000 0.0000000 -0.0000000 -0.0000000 -0.0000000 1.0000000
2471.247509 -0.0206773 -0.0003696 -0.0017562 -0.0083463 -0.0015290 -0.0003403 0.9999639
2471.349495 -0.0208381 -0.0004559 -0.0019126 -0.0079834 -0.0016716 -0.0001645 0.9999667
2472.005891 -0.0297109 0.0012799 -0.0021949 -0.0233706 0.0064272 -0.0013939 0.9997053
2472.206050 -0.0331060 0.0027675 -0.0017945 -0.0296716 0.0103379 -0.0018215 0.9995046
2472.356351 -0.0359943 0.0020498 -0.0022775 -0.0307039 0.0090085 -0.0023117 0.9994853
2472.805794 -0.0411120 0.0021848 -0.0031183 -0.0316456 0.0045332 -0.0021678 0.9994866
2473.355662 -0.0488690 -0.0008741 -0.0039932 -0.0027065 -0.0034845 -0.0002052 0.9999902
2473.454862 -0.0488448 -0.0011618 -0.0042902 0.0066842 -0.0047060 0.0004987 0.9999664
2473.504185 -0.0491057 0.0002321 -0.0047854 0.0117041 -0.0059909 0.0008503 0.9999132
2473.852650 -0.0522397 -0.0038161 -0.0056762 0.0371832 -0.0088356 0.0020905 0.9992672
2475.145394 -0.0666419 -0.0123110 -0.0113417 0.1227739 -0.0196237 0.0057899 0.9922237
2475.735893 -0.0737142 -0.0137736 -0.0141940 0.1478029 -0.0219795 0.0067031 0.9887499
2476.474384 -0.0836146 -0.0115055 -0.0129479 0.1258160 -0.0151914 0.0067680 0.9919142
2476.624369 -0.0837193 -0.0115746 -0.0134510 0.1295368 -0.0158997 0.0073326 0.9914200
2476.724360 -0.0836098 -0.0102682 -0.0136823 0.1328836 -0.0173309 0.0079044 0.9909486
2477.074326 -0.0840429 -0.0099853 -0.0146334 0.1392682 -0.0175091 0.0087680 0.9900611
2477.174316 -0.0870812 -0.0117984 -0.0139893 0.1408998 -0.0167570 0.0085126 0.9898455
2477.624272 -0.0908245 -0.0120050 -0.0153814 0.1366348 -0.0139311 0.0081217 0.9904903
2479.374103 -0.1066152 0.0005369 -0.0120964 -0.0106539 0.0080751 -0.0009737 0.9999102
2479.924050 -0.1078494 0.0029546 -0.0117680 -0.0603498 0.0101856 -0.0043648 0.9981158
2480.224021 -0.1065051 0.0101657 -0.0103763 -0.0799632 0.0111971 -0.0061651 0.9967159
2481.873861 -0.1044259 0.0117321 -0.0096425 -0.1092316 0.0111837 -0.0093080 0.9939099
