2444.927438 0.0000000 0.0000000 0.0000000 -0.0000000 -0.0000000 -0.0000000 1.0000000
2449.726974 -0.0160975 0.0018343 0.0019730 -0.0230293 -0.0233639 -0.0016564 0.9994604
2450.226925 -0.0217560 0.0015974 0.0023773 -0.0200118 -0.0340440 -0.0059342 0.9992024
2450.326915 -0.0231820 0.0012101 0.0021282 -0.0180117 -0.0364804 -0.0090047 0.9991315
2451.226828 -0.0370885 0.0009112 0.0019277 -0.0118644 -0.0598635 -0.0302329 0.9976782
2451.826770 -0.0479467 0.0013734 0.0016126 -0.0106965 -0.0757013 -0.0402569 0.9962602
2452.026751 -0.0498596 0.0009667 0.0011830 -0.0109016 -0.0819857 -0.0413332 0.9957163
2452.426712 -0.0538847 0.0013973 0.0009803 -0.0052173 -0.0895926 -0.0454273 0.9949283
2452.726683 -0.0620871 0.0025222 -0.0008483 -0.0037123 -0.1018891 -0.0482758 0.9936168
2453.026654 -0.0705490 0.0038853 -0.0032192 -0.0090122 -0.1231056 -0.0565947 0.9907376
2453.326625 -0.0725951 0.0036143 -0.0031462 -0.0090441 -0.1273686 -0.0621149 0.9898673
2456.176349 -0.1104572 0.0116229 -0.0090763 -0.0120018 -0.1840252 -0.1186336 0.9756622
2456.676301 -0.1164825 0.0133664 -0.0106298 -0.0145023 -0.1895257 -0.1314230 0.9729326
2457.576214 -0.1358241 0.0191155 -0.0175545 -0.0171141 -0.2182619 -0.1547434 0.9633916
2457.776194 -0.1401645 0.0207887 -0.0197643 -0.0169210 -0.2252042 -0.1612520 0.9607261
2457.826189 -0.1407977 0.0211212 -0.0210007 -0.0164673 -0.2268727 -0.1625313 0.9601256
2457.876184 -0.1413160 0.0204518 -0.0220782 -0.0169797 -0.2281514 -0.1641664 0.9595354
2458.126160 -0.1459615 0.0215172 -0.0245976 -0.0144240 -0.2323470 -0.1680950 0.9578888
2458.326141 -0.1494192 0.0220312 -0.0278663 -0.0092112 -0.2389192 -0.1722394 0.9555974
2458.526122 -0.1556864 0.0239372 -0.0313963 0.0044698 -0.2528050 -0.1767469 0.9512256
2458.576117 -0.1578681 0.0249411 -0.0324760 0.0073540 -0.2559355 -0.1780042 0.9501355
2458.880493 -0.1644828 0.0255362 -0.0382242 0.0255232 -0.2715627 -0.1811431 0.9448754
2459.187575 -0.1697681 0.0264753 -0.0442262 0.0496897 -0.2874738 -0.1826650 0.9388947
2459.387891 -0.1732159 0.0268420 -0.0456564 0.0633178 -0.2947486 -0.1818010 0.9359821
2459.594331 -0.1767199 0.0280422 -0.0487964 0.0786973 -0.3047140 -0.1818651 0.9316014
2460.098135 -0.1860709 0.0295192 -0.0555997 0.1115423 -0.3268362 -0.1818767 0.9206830
2460.902580 -0.1960079 0.0328138 -0.0660431 0.1465534 -0.3518976 -0.1792876 0.9069433
2461.152497 -0.1994130 0.0340288 -0.0689720 0.1542086 -0.3569974 -0.1796843 0.9035962
2461.752795 -0.2096773 0.0392202 -0.0775578 0.1742965 -0.3782127 -0.1834873 0.8904540
2462.901498 -0.2199214 0.0437415 -0.0863879 0.1925800 -0.3949760 -0.1752190 0.8810251
2465.775420 -0.2414276 0.0645934 -0.1183839 0.1819416 -0.4174430 -0.1855492 0.8707526
2466.025395 -0.2419378 0.0646801 -0.1198799 0.1685838 -0.4120937 -0.1915838 0.8746736
2466.125386 -0.2409244 0.0667079 -0.1209665 0.1635848 -0.4142407 -0.1938440 0.8741105
2466.425357 -0.2460048 0.0729311 -0.1262505 0.1417887 -0.4105156 -0.2058979 0.8769146
2466.625337 -0.2466809 0.0747416 -0.1273201 0.1237971 -0.4017102 -0.2169678 0.8810381
2468.025202 -0.2555664 0.0890553 -0.1356600 0.0727811 -0.3856605 -0.2455311 0.8863878
2468.475158 -0.2580322 0.0932221 -0.1393508 0.0584995 -0.3867542 -0.2525429 0.8849978
2469.275081 -0.2613109 0.0987510 -0.1437039 0.0396143 -0.3830998 -0.2623811 0.8847719
2469.625047 -0.2640345 0.1014461 -0.1452640 0.0325266 -0.3808168 -0.2661680 0.8849154
2470.280080 -0.2682948 0.1059765 -0.1500413 0.0219068 -0.3764440 -0.2714566 0.8855063
2470.995143 -0.2724653 0.1095112 -0.1566077 0.0210243 -0.3777029 -0.2717983 0.8848866
2471.604231 -0.2749907 0.1128059 -0.1596984 0.0197840 -0.3711515 -0.2729705 0.8873231
2472.605932 -0.2813372 0.1204131 -0.1681290 0.0068912 -0.3650729 -0.2801567 0.8877987
2473.255651 -0.2854585 0.1224425 -0.1741839 0.0175289 -0.3776772 -0.2730841 0.8845777
2474.252177 -0.2903736 0.1197029 -0.1841862 0.0837666 -0.4100502 -0.2383320 0.8763789
2474.650598 -0.2927156 0.1200913 -0.1890075 0.1053869 -0.4201846 -0.2277129 0.8720581
2474.798430 -0.2925162 0.1199284 -0.1891237 0.1169290 -0.4239101 -0.2214424 0.8703971
2476.874345 -0.3023676 0.1283818 -0.2079950 0.1433519 -0.4277992 -0.2063304 0.8682545
2476.974335 -0.3023346 0.1283656 -0.2086865 0.1443282 -0.4279705 -0.2058078 0.8681324
2477.174316 -0.3020391 0.1284124 -0.2087983 0.1474564 -0.4285823 -0.2035276 0.8678424
2477.674268 -0.3028285 0.1266622 -0.2146541 0.1407480 -0.4236864 -0.2069192 0.8705540
2477.774258 -0.3033661 0.1304388 -0.2125666 0.1351967 -0.4206774 -0.2104343 0.8720492
2478.474190 -0.3080205 0.1369350 -0.2151072 0.0930253 -0.4054803 -0.2325199 0.8791283
2478.574180 -0.3066391 0.1384410 -0.2139087 0.0841650 -0.4021971 -0.2365862 0.8804436
2478.974142 -0.3100556 0.1429928 -0.2166791 0.0559915 -0.3815483 -0.2546077 0.8868263
2479.524088 -0.3096583 0.1476172 -0.2170256 0.0120664 -0.3667577 -0.2772850 0.8879506
2480.274016 -0.3067963 0.1520890 -0.2136044 -0.0374413 -0.3455813 -0.3030443 0.8873195
2480.424001 -0.3071475 0.1526780 -0.2140903 -0.0460716 -0.3395925 -0.3083524 0.8873969
2480.873958 -0.3064685 0.1542747 -0.2132096 -0.0623498 -0.3320146 -0.3165751 0.8863741
2481.923856 -0.3068167 0.1522043 -0.2138356 -0.0605187 -0.3370983 -0.3143647 0.8853683
