2469.725037 0.0000000 0.0000000 0.0000000 -0.0000000 -0.0000000 -0.0000000 1.0000000
2470.891756 -0.0140389 0.0018078 -0.0006842 -0.0108988 -0.0005267 -0.0005453 0.9999403
2471.502878 -0.0202302 0.0017020 -0.0012838 -0.0089329 0.0015382 -0.0002423 0.9999589
2471.704715 -0.0227076 0.0025110 -0.0012042 -0.0139708 0.0044391 -0.0008353 0.9998922
2472.055886 -0.0279089 0.0039513 -0.0008175 -0.0236958 0.0072404 -0.0015774 0.9996917
2472.306356 -0.0312155 0.0039698 -0.0008246 -0.0293700 0.0088392 -0.0019059 0.9995277
2472.605932 -0.0340575 0.0035017 -0.0018537 -0.0296780 0.0062086 -0.0019473 0.9995384
2472.755937 -0.0361035 0.0040713 -0.0016283 -0.0303673 0.0041578 -0.0019588 0.9995282
2473.205498 -0.0424478 0.0022472 -0.0024990 -0.0196473 -0.0019142 -0.0010815 0.9998046
2473.355662 -0.0427992 0.0017315 -0.0033240 -0.0014088 -0.0043834 0.0002668 0.9999894
2473.454862 -0.0426536 0.0014652 -0.0035674 0.0079045 -0.0056930 0.0009934 0.9999521
2475.145394 -0.0585771 -0.0092688 -0.0096349 0.1236899 -0.0207572 0.0061389 0.9920848
2475.687479 -0.0646202 -0.0100915 -0.0123371 0.1479081 -0.0227672 0.0069428 0.9887147
2476.129395 -0.0712934 -0.0101860 -0.0129593 0.1352468 -0.0217599 0.0068990 0.9905490
2476.624369 -0.0759541 -0.0093123 -0.0124450 0.1302626 -0.0166205 0.0075354 0.9913116
2476.824350 -0.0775415 -0.0098027 -0.0144104 0.1356340 -0.0182633 0.0082803 0.9905561
2476.924340 -0.0790985 -0.0104628 -0.0137075 0.1372564 -0.0175483 0.0083055 0.9903453
2477.524282 -0.0816644 -0.0092442 -0.0146576 0.1407477 -0.0142566 0.0086619 0.9899049
2477.574277 -0.0821462 -0.0098335 -0.0142023 0.1391210 -0.0145076 0.0083579 0.9901339
2477.674268 -0.0816663 -0.0099505 -0.0141373 0.1339190 -0.0144031 0.0086700 0.9908497
2478.824156 -0.0970374 -0.0027215 -0.0120802 0.0427592 0.0022212 0.0024299 0.9990800
2479.674074 -0.0998996 0.0048508 -0.0132222 -0.0343906 0.0070421 -0.0034519 0.9993777
2479.874055 -0.0978346 0.0079515 -0.0113632 -0.0525601 0.0085189 -0.0048626 0.9985696
2479.924050 -0.0999353 0.0072500 -0.0124102 -0.0584349 0.0097334 -0.0054538 0.9982289
2480.224021 -0.1002150 0.0072554 -0.0105873 -0.0810071 0.0118644 -0.0069774 0.9966185
2480.873958 -0.0979110 0.0124872 -0.0117821 -0.1124359 0.0155993 -0.0105630 0.9934804
