2469.725037 0.0000000 0.0000000 0.0000000 -0.0000000 -0.0000000 -0.0000000 1.0000000
2470.943687 -0.0140346 0.0009407 -0.0011399 -0.0109781 -0.0010737 -0.0004653 0.9999391
2471.046304 -0.0152246 0.0007153 -0.0012414 -0.0103841 -0.0015393 -0.0006140 0.9999447
2471.804883 -0.0218755 0.0015804 -0.0015957 -0.0172129 0.0053663 -0.0009687 0.9998370
2472.155896 -0.0267564 0.0028401 -0.0013526 -0.0287178 0.0112826 -0.0019201 0.9995220
2472.455927 -0.0304523 0.0024679 -0.0020652 -0.0299456 0.0075776 -0.0020804 0.9995207
2473.055789 -0.0364833 0.0021739 -0.0028073 -0.0272803 0.0009333 -0.0015795 0.9996262
2473.105646 -0.0371387 0.0024015 -0.0026856 -0.0250362 -0.0001889 -0.0014289 0.9996855
2473.355662 -0.0398087 -0.0003466 -0.0038839 -0.0023601 -0.0037459 0.0001314 0.9999902
2473.454862 -0.0406796 -0.0007066 -0.0038913 0.0068940 -0.0045784 0.0005947 0.9999656
2473.802477 -0.0428388 -0.0027565 -0.0050357 0.0325754 -0.0084517 0.0019805 0.9994316
2474.053085 -0.0451111 -0.0046858 -0.0062763 0.0506179 -0.0099183 0.0028929 0.9986647
2475.145394 -0.0547541 -0.0101409 -0.0102966 0.1229651 -0.0198378 0.0059347 0.9921950
2476.029050 -0.0641975 -0.0115029 -0.0129792 0.1390276 -0.0226166 0.0069531 0.9900058
2476.524379 -0.0666008 -0.0096623 -0.0134461 0.1257037 -0.0154185 0.0075777 0.9919191
2476.674364 -0.0695795 -0.0109793 -0.0137006 0.1315632 -0.0166737 0.0077338 0.9911374
2476.974335 -0.0710431 -0.0109538 -0.0137162 0.1367663 -0.0173967 0.0084437 0.9904146
2477.024331 -0.0715700 -0.0109363 -0.0136223 0.1376176 -0.0171387 0.0082781 0.9903026
2477.274306 -0.0724489 -0.0108150 -0.0135060 0.1429006 -0.0163342 0.0086810 0.9895642
2477.574277 -0.0759126 -0.0110575 -0.0134342 0.1380821 -0.0133579 0.0082603 0.9902962
2479.524088 -0.0916098 0.0008469 -0.0113984 -0.0239553 0.0074967 -0.0010804 0.9996843
2479.924050 -0.0900870 0.0011694 -0.0091522 -0.0606216 0.0101322 -0.0042373 0.9981004
2480.773967 -0.0907410 0.0086544 -0.0094661 -0.1108340 0.0161423 -0.0101254 0.9936563
2481.423905 -0.0911479 0.0102006 -0.0090946 -0.1120435 0.0172061 -0.0106087 0.9934977
2481.673880 -0.0908238 0.0105679 -0.0101425 -0.1101470 0.0146076 -0.0095678 0.9937619
