2444.927438 0.0000000 0.0000000 0.0000000 -0.0000000 -0.0000000 -0.0000000 1.0000000
2449.726974 -0.0146743 0.0019894 0.0022785 -0.0230150 -0.0238735 -0.0014736 0.9994490
2449.826964 -0.0151558 0.0020456 0.0026899 -0.0217590 -0.0259315 -0.0018108 0.9994252
2449.976949 -0.0169469 0.0019650 0.0023944 -0.0205742 -0.0283944 -0.0028012 0.9993812
2450.126935 -0.0189120 0.0019482 0.0026524 -0.0205477 -0.0320562 -0.0036165 0.9992683
2451.026848 -0.0319554 0.0012984 0.0025416 -0.0114159 -0.0544601 -0.0257317 0.9981191
2451.326819 -0.0366384 0.0010096 0.0019875 -0.0114999 -0.0627180 -0.0319594 0.9974532
2451.926760 -0.0460804 0.0017120 0.0021917 -0.0106262 -0.0799057 -0.0409020 0.9959062
2452.726683 -0.0587309 0.0029639 -0.0000407 -0.0034972 -0.1025058 -0.0480816 0.9935635
2452.926664 -0.0659451 0.0031038 -0.0027544 -0.0054056 -0.1176431 -0.0550077 0.9915165
2453.726586 -0.0735823 0.0044332 -0.0027174 -0.0080986 -0.1350308 -0.0671365 0.9885311
2454.776485 -0.0846442 0.0068165 -0.0029515 -0.0065601 -0.1542629 -0.0884125 0.9840443
2455.976368 -0.1035219 0.0110956 -0.0072809 -0.0104804 -0.1823707 -0.1140097 0.9765413
2456.626306 -0.1104688 0.0134800 -0.0087895 -0.0138501 -0.1888265 -0.1303319 0.9732247
2457.026267 -0.1185290 0.0167645 -0.0108038 -0.0161916 -0.2002714 -0.1390905 0.9696820
2457.576214 -0.1292152 0.0191459 -0.0156369 -0.0167367 -0.2192088 -0.1546172 0.9632035
2457.776194 -0.1332608 0.0205857 -0.0178839 -0.0166042 -0.2262611 -0.1611640 0.9604980
2457.876184 -0.1348930 0.0209092 -0.0193896 -0.0164044 -0.2289660 -0.1642981 0.9593287
2458.076165 -0.1402335 0.0217367 -0.0219233 -0.0155099 -0.2310441 -0.1679249 0.9582167
2458.126160 -0.1399959 0.0217962 -0.0221617 -0.0136577 -0.2325639 -0.1690172 0.9576851
2458.326141 -0.1389176 0.0215148 -0.0240510 -0.0087339 -0.2412104 -0.1715656 0.9551474
2458.880493 -0.1561089 0.0249603 -0.0353079 0.0260783 -0.2723834 -0.1817587 0.9445057
2459.084542 -0.1601134 0.0262746 -0.0383790 0.0418213 -0.2835859 -0.1825407 0.9404833
2459.387891 -0.1646848 0.0264454 -0.0420627 0.0638791 -0.2956620 -0.1822206 0.9355742
2459.594331 -0.1677653 0.0271943 -0.0451146 0.0790863 -0.3057117 -0.1821414 0.9311876
2459.796524 -0.1723686 0.0282207 -0.0480507 0.0916618 -0.3157907 -0.1838579 0.9263210
2459.997887 -0.1748648 0.0282012 -0.0506300 0.1053751 -0.3241949 -0.1830378 0.9221122
2460.852763 -0.1849142 0.0314537 -0.0600487 0.1451147 -0.3508850 -0.1791153 0.9076008
2461.051855 -0.1875041 0.0327426 -0.0630638 0.1521964 -0.3566066 -0.1793662 0.9041547
2461.752795 -0.1982028 0.0378168 -0.0732987 0.1747003 -0.3794186 -0.1836437 0.8898295
2465.725424 -0.2287713 0.0628863 -0.1105932 0.1838242 -0.4196270 -0.1846923 0.8694887
2465.875410 -0.2294949 0.0634659 -0.1110459 0.1782750 -0.4167949 -0.1874664 0.8714105
2466.325366 -0.2342086 0.0700954 -0.1181043 0.1509962 -0.4157082 -0.2020018 0.8738319
2466.425357 -0.2346162 0.0705263 -0.1193207 0.1421327 -0.4115795 -0.2065028 0.8762175
2468.225183 -0.2450475 0.0891733 -0.1280408 0.0669972 -0.3893644 -0.2492688 0.8841786
2469.225086 -0.2487705 0.0973918 -0.1327842 0.0423087 -0.3845795 -0.2622284 0.8840503
2469.375071 -0.2497002 0.0973629 -0.1347120 0.0379949 -0.3842593 -0.2639570 0.8838710
2469.675042 -0.2507052 0.0979736 -0.1358380 0.0321862 -0.3821612 -0.2668550 0.8841410
2470.839706 -0.2570294 0.1050611 -0.1457539 0.0215971 -0.3772744 -0.2726240 0.8848016
2471.097089 -0.2601779 0.1074315 -0.1487323 0.0230756 -0.3791898 -0.2721513 0.8840907
2471.604231 -0.2598182 0.1084295 -0.1504774 0.0202996 -0.3733385 -0.2732262 0.8863147
2473.255651 -0.2707050 0.1189366 -0.1645797 0.0185073 -0.3793918 -0.2736090 0.8836614
2473.553627 -0.2728254 0.1173155 -0.1689383 0.0444481 -0.3917818 -0.2603202 0.8813426
2475.145394 -0.2808298 0.1161635 -0.1838756 0.1324969 -0.4284424 -0.2143096 0.8677287
2475.438708 -0.2813837 0.1171754 -0.1858583 0.1445234 -0.4349749 -0.2077935 0.8641364
2476.674364 -0.2865724 0.1226955 -0.1948077 0.1404985 -0.4282610 -0.2088042 0.8679019
2476.824350 -0.2871779 0.1234374 -0.1965708 0.1427101 -0.4295141 -0.2070160 0.8673499
2476.924340 -0.2884541 0.1250887 -0.1975450 0.1448592 -0.4291473 -0.2062419 0.8673596
2477.924243 -0.2879212 0.1284771 -0.2001812 0.1291897 -0.4202956 -0.2142930 0.8722042
2478.824156 -0.2953938 0.1381827 -0.2037257 0.0683117 -0.3900092 -0.2489657 0.8838792
2479.074132 -0.2958592 0.1413922 -0.2037817 0.0497088 -0.3795060 -0.2596457 0.8866162
2479.174122 -0.2959799 0.1412187 -0.2034740 0.0408485 -0.3774017 -0.2636308 0.8867909
2479.524088 -0.2951116 0.1421450 -0.2061049 0.0125171 -0.3680893 -0.2783395 0.8870630
2479.824059 -0.2954508 0.1420487 -0.2056642 -0.0091569 -0.3589482 -0.2895985 0.8872458
2480.324011 -0.2921517 0.1474560 -0.2016714 -0.0404189 -0.3447622 -0.3058999 0.8865272
2480.723972 -0.2922532 0.1477785 -0.2026417 -0.0593312 -0.3349533 -0.3161523 0.8856262
2480.873958 -0.2922097 0.1479937 -0.2029756 -0.0621435 -0.3331249 -0.3175204 0.8856335
