2444.927438 0.0000000 0.0000000 0.0000000 -0.0000000 -0.0000000 -0.0000000 1.0000000
2449.726974 -0.0154945 0.0022190 0.0026453 -0.0229424 -0.0237432 -0.0014981 0.9994537
2449.826964 -0.0159311 0.0024946 0.0030781 -0.0215493 -0.0258137 -0.0017691 0.9994330
2449.976949 -0.0179541 0.0023783 0.0028294 -0.0204120 -0.0282040 -0.0028413 0.9993897
2450.276920 -0.0221754 0.0016624 0.0029268 -0.0183328 -0.0353344 -0.0074063 0.9991800
2451.026848 -0.0336010 0.0013614 0.0029136 -0.0114591 -0.0542096 -0.0257710 0.9981312
2451.326819 -0.0390272 0.0014870 0.0026088 -0.0113701 -0.0621410 -0.0322097 0.9974827
2452.026751 -0.0496096 0.0020218 0.0025043 -0.0104538 -0.0821340 -0.0412435 0.9957127
2452.426712 -0.0537317 0.0021118 0.0019517 -0.0048806 -0.0896960 -0.0453884 0.9949225
2452.726683 -0.0615626 0.0033079 0.0004354 -0.0033784 -0.1021823 -0.0482828 0.9935876
2455.276436 -0.0971522 0.0091956 -0.0050183 -0.0077169 -0.1701913 -0.1016176 0.9801272
2455.576407 -0.1033206 0.0107680 -0.0064448 -0.0098298 -0.1760592 -0.1081804 0.9783678
2457.126257 -0.1251840 0.0175178 -0.0114645 -0.0161749 -0.2021740 -0.1427546 0.9687545
2457.326238 -0.1292687 0.0189644 -0.0130109 -0.0180976 -0.2098251 -0.1463123 0.9665602
2457.576214 -0.1341380 0.0204948 -0.0152538 -0.0164322 -0.2189107 -0.1545332 0.9632900
2457.676204 -0.1361183 0.0208343 -0.0164631 -0.0158335 -0.2216002 -0.1586660 0.9620124
2457.826189 -0.1394989 0.0221894 -0.0185733 -0.0159056 -0.2274091 -0.1625036 0.9600129
2457.926180 -0.1412571 0.0221255 -0.0205053 -0.0158163 -0.2299661 -0.1652521 0.9589355
2458.126160 -0.1449397 0.0226787 -0.0219386 -0.0137257 -0.2324012 -0.1684093 0.9578307
2458.176155 -0.1449232 0.0225221 -0.0224674 -0.0113095 -0.2338191 -0.1703487 0.9571740
2458.526122 -0.1542598 0.0251607 -0.0288952 0.0053042 -0.2527607 -0.1770176 0.9511828
2458.626112 -0.1567925 0.0260516 -0.0301628 0.0104102 -0.2593915 -0.1780399 0.9491625
2459.187575 -0.1685186 0.0279180 -0.0415946 0.0507622 -0.2874446 -0.1831915 0.9387437
2459.489521 -0.1724282 0.0284388 -0.0445188 0.0727026 -0.3000051 -0.1815868 0.9336689
2459.594331 -0.1752945 0.0291748 -0.0466817 0.0794424 -0.3045095 -0.1820338 0.9315721
2459.796524 -0.1794464 0.0295648 -0.0498383 0.0917054 -0.3149062 -0.1837226 0.9266446
2461.752795 -0.2100967 0.0433109 -0.0755741 0.1759892 -0.3773853 -0.1840695 0.8903519
2462.302070 -0.2138011 0.0438009 -0.0774928 0.1934489 -0.3864264 -0.1753718 0.8845886
2462.401704 -0.2142321 0.0436188 -0.0773612 0.1956766 -0.3889703 -0.1740237 0.8832489
2463.201508 -0.2208532 0.0482604 -0.0851118 0.1933049 -0.3976428 -0.1759509 0.8795196
2465.975400 -0.2436862 0.0702555 -0.1170905 0.1740239 -0.4116867 -0.1913535 0.8738499
2466.025395 -0.2434783 0.0704955 -0.1173805 0.1707987 -0.4111471 -0.1926872 0.8744469
2466.325366 -0.2417478 0.0727817 -0.1198636 0.1511384 -0.4155823 -0.2014747 0.8739889
2466.525347 -0.2409385 0.0739050 -0.1208404 0.1342876 -0.4085089 -0.2103776 0.8779684
2466.775323 -0.2409942 0.0751792 -0.1225521 0.1161735 -0.3984916 -0.2205150 0.8826558
2468.375168 -0.2556826 0.0946611 -0.1341957 0.0607526 -0.3868284 -0.2528047 0.8847388
2469.075100 -0.2571167 0.0976416 -0.1367229 0.0441679 -0.3804249 -0.2614040 0.8859989
2469.325076 -0.2591011 0.1003068 -0.1392630 0.0394056 -0.3834434 -0.2633053 0.8843578
2469.825028 -0.2627064 0.1040189 -0.1406165 0.0312047 -0.3780000 -0.2677746 0.8856857
2469.975013 -0.2634097 0.1050801 -0.1417480 0.0274250 -0.3765650 -0.2697807 0.8858132
2471.604231 -0.2724393 0.1147812 -0.1546910 0.0210139 -0.3715773 -0.2731369 0.8870654
2471.804883 -0.2733655 0.1161828 -0.1561323 0.0186225 -0.3703747 -0.2744961 0.8872021
2472.155896 -0.2760872 0.1200440 -0.1587346 0.0103662 -0.3619781 -0.2793269 0.8892924
2472.256203 -0.2772006 0.1208634 -0.1603568 0.0083241 -0.3621711 -0.2805130 0.8888618
2473.255651 -0.2827841 0.1247729 -0.1690690 0.0190699 -0.3780295 -0.2734893 0.8842701
2474.003090 -0.2868238 0.1223295 -0.1765230 0.0714990 -0.4017166 -0.2461731 0.8791533
2475.145394 -0.2931069 0.1221971 -0.1892374 0.1333551 -0.4270732 -0.2142603 0.8682842
2475.438708 -0.2926657 0.1226635 -0.1909955 0.1450621 -0.4338733 -0.2074625 0.8646793
2476.774355 -0.3002145 0.1290091 -0.2012760 0.1422175 -0.4283090 -0.2078356 0.8678306
2476.924340 -0.3000761 0.1298338 -0.2031116 0.1451542 -0.4281444 -0.2062559 0.8678025
2477.074326 -0.3000245 0.1301817 -0.2028782 0.1466781 -0.4282108 -0.2053241 0.8677344
2477.574277 -0.3001668 0.1308542 -0.2038987 0.1471509 -0.4262551 -0.2046736 0.8687704
2477.874248 -0.3011861 0.1332240 -0.2080233 0.1314818 -0.4192193 -0.2133581 0.8726087
2478.074229 -0.3025686 0.1344887 -0.2088590 0.1208645 -0.4162173 -0.2192285 0.8741246
2478.324205 -0.3033742 0.1370929 -0.2092241 0.1051354 -0.4103332 -0.2276767 0.8767762
2478.824156 -0.3060400 0.1429631 -0.2111036 0.0683643 -0.3890243 -0.2484148 0.8844640
2479.174122 -0.3073753 0.1446303 -0.2114612 0.0404855 -0.3761948 -0.2638730 0.8872483
2479.824059 -0.3048338 0.1498929 -0.2101416 -0.0077711 -0.3589264 -0.2881446 0.8877411
2480.374006 -0.3051002 0.1534130 -0.2079254 -0.0415524 -0.3424689 -0.3065203 0.8871493
2480.873958 -0.3037527 0.1548023 -0.2079230 -0.0614955 -0.3322699 -0.3170106 0.8861824
