2469.725037 0.0000000 0.0000000 0.0000000 -0.0000000 -0.0000000 -0.0000000 1.0000000
2470.891756 -0.0142864 0.0003104 -0.0017977 -0.0114884 -0.0002623 -0.0007853 0.9999337
2470.995143 -0.0159374 0.0003348 -0.0020958 -0.0108206 -0.0015642 -0.0006309 0.9999400
2471.604231 -0.0213104 0.0003793 -0.0025088 -0.0145537 0.0048298 -0.0009066 0.9998820
2472.206050 -0.0299445 0.0018365 -0.0029518 -0.0297759 0.0103500 -0.0019701 0.9995011
2472.306356 -0.0315779 0.0014293 -0.0030115 -0.0303368 0.0092940 -0.0021620 0.9994942
2472.755937 -0.0358989 0.0013036 -0.0039913 -0.0314721 0.0043531 -0.0021344 0.9994929
2473.355662 -0.0430232 -0.0020300 -0.0061772 -0.0029874 -0.0039386 0.0001854 0.9999878
2473.405519 -0.0431734 -0.0020189 -0.0063139 0.0011164 -0.0045040 0.0003668 0.9999892
2473.953411 -0.0470795 -0.0056468 -0.0079782 0.0431936 -0.0098392 0.0028544 0.9990142
2474.053085 -0.0489740 -0.0061385 -0.0086330 0.0502931 -0.0101043 0.0030909 0.9986786
2474.600602 -0.0543432 -0.0090812 -0.0115696 0.0899293 -0.0208785 0.0046091 0.9957187
2474.650598 -0.0543679 -0.0095316 -0.0113548 0.0919422 -0.0205020 0.0047456 0.9955420
2476.674364 -0.0743931 -0.0140705 -0.0176818 0.1307979 -0.0173195 0.0081574 0.9912242
2476.824350 -0.0771909 -0.0138284 -0.0186781 0.1340372 -0.0177843 0.0083107 0.9907818
2476.974335 -0.0790420 -0.0135469 -0.0193950 0.1362268 -0.0170438 0.0083376 0.9904960
2477.024331 -0.0802557 -0.0141709 -0.0191138 0.1368016 -0.0165812 0.0083919 0.9904242
2477.574277 -0.0828177 -0.0131810 -0.0193953 0.1376446 -0.0136844 0.0083383 0.9903520
2477.874248 -0.0834275 -0.0125853 -0.0188576 0.1185174 -0.0118688 0.0076236 0.9928518
2478.324205 -0.0899868 -0.0092352 -0.0168518 0.0877476 -0.0089043 0.0065659 0.9960813
2478.474190 -0.0939448 -0.0079982 -0.0159715 0.0750238 -0.0069322 0.0047441 0.9971464
2479.674074 -0.0984811 0.0017545 -0.0160254 -0.0354406 0.0068852 -0.0037168 0.9993412
2479.824059 -0.0998380 0.0016441 -0.0170332 -0.0489217 0.0091339 -0.0040505 0.9987527
2480.074035 -0.0994581 0.0017062 -0.0156896 -0.0705743 0.0107640 -0.0064307 0.9974277
2480.723972 -0.1003768 0.0016785 -0.0172150 -0.1136898 0.0164766 -0.0104833 0.9933243
