2444.927438 0.0000000 0.0000000 0.0000000 -0.0000000 -0.0000000 -0.0000000 1.0000000
2449.726974 -0.0155232 0.0018860 0.0022499 -0.0230444 -0.0235647 -0.0016480 0.9994553
2449.826964 -0.0156972 0.0019228 0.0026085 -0.0217698 -0.0257818 -0.0019082 0.9994287
2449.976949 -0.0175673 0.0014657 0.0020594 -0.0208105 -0.0282098 -0.0030079 0.9993809
2450.326915 -0.0224750 0.0013940 0.0024079 -0.0179419 -0.0366813 -0.0092405 0.9991232
2450.876862 -0.0311240 0.0011474 0.0024091 -0.0129909 -0.0504339 -0.0220839 0.9983987
2451.226828 -0.0363593 0.0014463 0.0025920 -0.0116455 -0.0599330 -0.0304217 0.9976708
2451.676785 -0.0439019 0.0019057 0.0030293 -0.0117189 -0.0721904 -0.0374130 0.9966201
2451.826770 -0.0466662 0.0018213 0.0022935 -0.0104758 -0.0759760 -0.0404020 0.9962357
2452.426712 -0.0525589 0.0019713 0.0018619 -0.0048994 -0.0898791 -0.0454512 0.9949030
2452.676688 -0.0584761 0.0023904 0.0005853 -0.0025476 -0.0986930 -0.0479832 0.9939572
2452.826673 -0.0647154 0.0034662 -0.0015829 -0.0037122 -0.1111631 -0.0509084 0.9924905
2453.726586 -0.0754734 0.0046708 -0.0022799 -0.0080810 -0.1348069 -0.0672951 0.9885511
2455.976368 -0.1057890 0.0116837 -0.0069353 -0.0103329 -0.1821832 -0.1141491 0.9765615
2456.326335 -0.1089754 0.0124442 -0.0075706 -0.0126395 -0.1858548 -0.1217252 0.9749262
2457.576214 -0.1319568 0.0189083 -0.0160638 -0.0170295 -0.2190225 -0.1547593 0.9632179
2457.726199 -0.1352362 0.0201892 -0.0180472 -0.0167659 -0.2239411 -0.1597183 0.9612800
2457.876184 -0.1381597 0.0203603 -0.0212172 -0.0167658 -0.2284901 -0.1645897 0.9593859
2458.076165 -0.1421133 0.0215395 -0.0229851 -0.0157973 -0.2314961 -0.1670458 0.9582566
2458.176155 -0.1417829 0.0208401 -0.0238539 -0.0118298 -0.2344977 -0.1701476 0.9570374
2458.426131 -0.1490505 0.0230661 -0.0287232 0.0001062 -0.2463662 -0.1750726 0.9532331
2458.626112 -0.1546942 0.0249038 -0.0320933 0.0101195 -0.2593618 -0.1782732 0.9491300
2458.880493 -0.1605880 0.0263931 -0.0365672 0.0264705 -0.2718643 -0.1814725 0.9446994
2459.031960 -0.1634698 0.0267113 -0.0389555 0.0383276 -0.2799799 -0.1826097 0.9416984
2459.136493 -0.1655359 0.0268265 -0.0414478 0.0458459 -0.2854206 -0.1828408 0.9396821
2459.489521 -0.1701333 0.0271585 -0.0449186 0.0723867 -0.3003359 -0.1817122 0.9335627
2459.594331 -0.1722601 0.0275194 -0.0464292 0.0790276 -0.3053143 -0.1820442 0.9313419
2459.947655 -0.1793011 0.0297980 -0.0513575 0.1033741 -0.3220076 -0.1827331 0.9231650
2460.802571 -0.1894282 0.0322203 -0.0612050 0.1416035 -0.3468099 -0.1789381 0.9097541
2461.352873 -0.1974132 0.0357104 -0.0685384 0.1610256 -0.3644363 -0.1807998 0.8992043
2464.889946 -0.2289243 0.0567578 -0.1024210 0.2022377 -0.4191182 -0.1718206 0.8682842
2464.938993 -0.2286711 0.0568456 -0.1024390 0.2030927 -0.4197431 -0.1713725 0.8678713
2465.525819 -0.2376901 0.0652786 -0.1149147 0.1915468 -0.4218206 -0.1809949 0.8675357
2465.875410 -0.2369056 0.0664249 -0.1159306 0.1789506 -0.4153731 -0.1877861 0.8718820
2466.025395 -0.2365866 0.0662133 -0.1157660 0.1697855 -0.4125390 -0.1918118 0.8741812
2466.425357 -0.2344214 0.0690028 -0.1184585 0.1414568 -0.4132850 -0.2049518 0.8758883
2466.525347 -0.2341400 0.0695552 -0.1192227 0.1329179 -0.4099826 -0.2091690 0.8777787
2466.625337 -0.2388420 0.0738054 -0.1203284 0.1243238 -0.4033549 -0.2162005 0.8804009
2469.225086 -0.2541226 0.0972028 -0.1367956 0.0413817 -0.3843350 -0.2617607 0.8843390
2469.875023 -0.2575606 0.1007629 -0.1392957 0.0293300 -0.3778143 -0.2684405 0.8856273
2470.483498 -0.2608538 0.1048777 -0.1445923 0.0218890 -0.3744811 -0.2722718 0.8860886
2471.604231 -0.2673529 0.1110399 -0.1534894 0.0204249 -0.3723792 -0.2731543 0.8867375
2472.106039 -0.2703372 0.1150615 -0.1572005 0.0108533 -0.3650317 -0.2785548 0.8882800
2472.306356 -0.2720433 0.1165805 -0.1593524 0.0080481 -0.3643490 -0.2801148 0.8880995
2473.255651 -0.2774558 0.1206698 -0.1676024 0.0182929 -0.3789488 -0.2733558 0.8839343
2474.897828 -0.2861536 0.1183544 -0.1841074 0.1205953 -0.4253323 -0.2203949 0.8694684
2475.095616 -0.2861661 0.1182628 -0.1856318 0.1288571 -0.4266654 -0.2158242 0.8687764
2475.438708 -0.2875143 0.1186971 -0.1895130 0.1444315 -0.4346008 -0.2074961 0.8644114
2475.930244 -0.2901171 0.1213837 -0.1942162 0.1504735 -0.4356011 -0.2034873 0.8638300
2477.074326 -0.2951116 0.1263493 -0.2019313 0.1461123 -0.4287638 -0.2050352 0.8676251
2477.524282 -0.2952954 0.1267608 -0.2028663 0.1477118 -0.4269328 -0.2038124 0.8685449
2477.774258 -0.2942324 0.1282746 -0.2047766 0.1356427 -0.4223258 -0.2098950 0.8713129
2477.924243 -0.2950557 0.1293535 -0.2063497 0.1284960 -0.4196267 -0.2139789 0.8727057
2478.574180 -0.2977377 0.1356963 -0.2097748 0.0843955 -0.4031245 -0.2368324 0.8799310
2478.774161 -0.2997512 0.1384433 -0.2097336 0.0708147 -0.3926185 -0.2454566 0.8835084
2478.974142 -0.3007240 0.1411643 -0.2087957 0.0566671 -0.3833046 -0.2542114 0.8861395
2479.824059 -0.3007019 0.1463296 -0.2093981 -0.0085538 -0.3590793 -0.2887612 0.8874716
2480.074035 -0.3002749 0.1462615 -0.2097641 -0.0264876 -0.3517829 -0.2975874 0.8871240
2480.324011 -0.2994742 0.1499691 -0.2070881 -0.0406550 -0.3439723 -0.3056765 0.8869002
2480.523992 -0.2973599 0.1515301 -0.2053641 -0.0507542 -0.3383977 -0.3112448 0.8865877
2480.773967 -0.2975708 0.1518892 -0.2052982 -0.0592749 -0.3348810 -0.3154738 0.8858992
