2469.725037 0.0000000 0.0000000 0.0000000 -0.0000000 -0.0000000 -0.0000000 1.0000000
2471.400873 -0.0203284 0.0010277 -0.0016171 -0.0076892 -0.0010937 -0.0001622 0.9999698
2471.502878 -0.0210318 0.0010222 -0.0019200 -0.0092246 0.0015503 -0.0002369 0.9999563
2471.553643 -0.0222336 0.0010623 -0.0016599 -0.0120288 0.0042472 -0.0006758 0.9999184
2471.704715 -0.0238473 0.0011752 -0.0020242 -0.0146150 0.0044976 -0.0007949 0.9998828
2471.804883 -0.0239418 0.0012234 -0.0019112 -0.0174949 0.0047518 -0.0007004 0.9998354
2472.755937 -0.0375448 0.0031445 -0.0025589 -0.0307931 0.0040878 -0.0019288 0.9995156
2473.355662 -0.0455674 -0.0002602 -0.0046703 -0.0023349 -0.0040760 0.0001417 0.9999890
2473.752897 -0.0483402 -0.0026159 -0.0057120 0.0290456 -0.0087352 0.0020309 0.9995379
2473.903416 -0.0489153 -0.0036761 -0.0063778 0.0400647 -0.0097255 0.0026894 0.9991462
2474.053085 -0.0513543 -0.0052172 -0.0074605 0.0506620 -0.0104031 0.0030515 0.9986570
2475.046588 -0.0613089 -0.0101412 -0.0107710 0.1155217 -0.0188012 0.0055037 0.9931118
2475.145394 -0.0624776 -0.0112740 -0.0124062 0.1230974 -0.0204171 0.0059325 0.9921668
2475.687479 -0.0667753 -0.0111719 -0.0142911 0.1476540 -0.0230637 0.0071348 0.9887444
2476.724360 -0.0779792 -0.0112363 -0.0150361 0.1326137 -0.0183606 0.0083455 0.9909626
2476.824350 -0.0812857 -0.0112605 -0.0155127 0.1352899 -0.0181229 0.0082363 0.9906061
2476.974335 -0.0817654 -0.0110623 -0.0160073 0.1374746 -0.0179435 0.0082625 0.9903083
2477.074326 -0.0835674 -0.0118968 -0.0150437 0.1386057 -0.0168218 0.0081527 0.9901712
2477.574277 -0.0845576 -0.0096924 -0.0173571 0.1393850 -0.0147535 0.0089431 0.9900880
2477.674268 -0.0846855 -0.0094596 -0.0176300 0.1344023 -0.0145236 0.0090244 0.9907793
2479.174122 -0.0994234 -0.0151970 -0.0305275 0.0042759 0.0057753 0.0012285 0.9999734
2479.924050 -0.1034552 -0.0023148 -0.0210282 -0.0618201 0.0100744 -0.0045493 0.9980261
2480.124030 -0.1047719 -0.0027365 -0.0222000 -0.0757174 0.0107754 -0.0057993 0.9970542
2480.473997 -0.1043136 -0.0026830 -0.0203721 -0.1010785 0.0149124 -0.0089436 0.9947265
2480.623982 -0.1057659 0.0019994 -0.0204145 -0.1098978 0.0165953 -0.0106498 0.9937473
2480.723972 -0.1039881 0.0017280 -0.0191190 -0.1131044 0.0157634 -0.0106690 0.9934008
2480.773967 -0.1034540 0.0016179 -0.0217204 -0.1141241 0.0157810 -0.0099404 0.9932914
