2444.927438 0.0000000 0.0000000 0.0000000 -0.0000000 -0.0000000 -0.0000000 1.0000000
2449.726974 -0.0156674 0.0019771 0.0021581 -0.0229765 -0.0235000 -0.0015838 0.9994586
2449.776969 -0.0155861 0.0018202 0.0024387 -0.0223956 -0.0246376 -0.0016143 0.9994442
2450.126935 -0.0201251 0.0017687 0.0025160 -0.0206035 -0.0316441 -0.0037357 0.9992799
2450.226925 -0.0213523 0.0017381 0.0027215 -0.0199797 -0.0340895 -0.0059749 0.9992012
2451.226828 -0.0368043 0.0013812 0.0023842 -0.0116335 -0.0598024 -0.0302929 0.9976827
2452.226731 -0.0503415 0.0018642 0.0020080 -0.0079242 -0.0870690 -0.0432485 0.9952316
2452.576698 -0.0569025 0.0022882 0.0007301 -0.0033556 -0.0952572 -0.0468653 0.9943432
2452.676688 -0.0591663 0.0021065 -0.0000072 -0.0026840 -0.0984643 -0.0480385 0.9939768
2452.826673 -0.0653392 0.0037278 -0.0018422 -0.0035395 -0.1110723 -0.0508415 0.9925047
2453.026654 -0.0693098 0.0044799 -0.0023451 -0.0087226 -0.1233592 -0.0565008 0.9907140
2453.226635 -0.0710639 0.0044260 -0.0022961 -0.0093547 -0.1252763 -0.0605949 0.9902256
2457.126257 -0.1239127 0.0168497 -0.0116823 -0.0163726 -0.2023233 -0.1423000 0.9687869
2457.326238 -0.1281009 0.0184081 -0.0134096 -0.0182012 -0.2099114 -0.1461631 0.9665622
2457.676204 -0.1349735 0.0207139 -0.0166621 -0.0158059 -0.2215455 -0.1584043 0.9620685
2457.826189 -0.1396172 0.0220920 -0.0192111 -0.0158914 -0.2267755 -0.1626839 0.9601324
2457.976175 -0.1392167 0.0213918 -0.0196222 -0.0164511 -0.2313134 -0.1649682 0.9586496
2458.126160 -0.1390607 0.0211644 -0.0201374 -0.0144299 -0.2349382 -0.1661294 0.9575996
2458.276146 -0.1445713 0.0224688 -0.0235899 -0.0100361 -0.2370709 -0.1708060 0.9563065
2458.626112 -0.1547729 0.0256791 -0.0295717 0.0101617 -0.2599354 -0.1768588 0.9492372
2458.728235 -0.1574332 0.0262923 -0.0314287 0.0174982 -0.2664090 -0.1782313 0.9470764
2458.880493 -0.1604314 0.0269619 -0.0342311 0.0263696 -0.2725619 -0.1801553 0.9447532
2458.980345 -0.1627665 0.0277190 -0.0358505 0.0338073 -0.2780528 -0.1810943 0.9427346
2459.187575 -0.1659498 0.0286070 -0.0396347 0.0509250 -0.2883747 -0.1816902 0.9387414
2459.541946 -0.1715803 0.0284979 -0.0434799 0.0775493 -0.3038527 -0.1802198 0.9322985
2460.248475 -0.1833752 0.0327044 -0.0512469 0.1207485 -0.3332139 -0.1799845 0.9176023
2460.802571 -0.1896038 0.0335353 -0.0589478 0.1421576 -0.3472895 -0.1779853 0.9096717
2461.051855 -0.1936234 0.0350822 -0.0624910 0.1526481 -0.3563571 -0.1782221 0.9044032
2462.302070 -0.2114851 0.0431692 -0.0761806 0.1935133 -0.3870418 -0.1743878 0.8845000
2462.401704 -0.2112352 0.0429773 -0.0761292 0.1957079 -0.3897371 -0.1729365 0.8831174
2465.775420 -0.2375448 0.0665457 -0.1114454 0.1831759 -0.4184118 -0.1842841 0.8702974
2465.875410 -0.2377017 0.0663918 -0.1111274 0.1789814 -0.4163791 -0.1861860 0.8717390
2466.075391 -0.2369149 0.0669982 -0.1120524 0.1680447 -0.4139815 -0.1915104 0.8739017
2466.675333 -0.2345753 0.0717097 -0.1195093 0.1198312 -0.4031349 -0.2165353 0.8810421
2467.225279 -0.2453144 0.0819352 -0.1256186 0.0974025 -0.3975426 -0.2313761 0.8825746
2467.675236 -0.2454744 0.0847282 -0.1278061 0.0838803 -0.3888909 -0.2384945 0.8859167
2468.075197 -0.2480808 0.0888311 -0.1289441 0.0720153 -0.3880364 -0.2453686 0.8854580
2469.425066 -0.2554597 0.0991972 -0.1371076 0.0376621 -0.3847525 -0.2628591 0.8839979
2469.625047 -0.2578760 0.1013460 -0.1381806 0.0335175 -0.3822783 -0.2652427 0.8845260
2470.483498 -0.2624800 0.1068045 -0.1431306 0.0224680 -0.3747917 -0.2712870 0.8862448
2471.298255 -0.2678097 0.1110495 -0.1503179 0.0257840 -0.3806707 -0.2688583 0.8843870
2471.754572 -0.2691867 0.1139567 -0.1530294 0.0198182 -0.3729700 -0.2724463 0.8867207
2472.306356 -0.2737255 0.1187386 -0.1581273 0.0086767 -0.3646109 -0.2790878 0.8883094
2473.255651 -0.2786696 0.1223724 -0.1663022 0.0188232 -0.3793870 -0.2723428 0.8840479
2473.752897 -0.2814518 0.1207089 -0.1711830 0.0545888 -0.3959882 -0.2537837 0.8807992
2474.003090 -0.2823797 0.1198937 -0.1735476 0.0713023 -0.4031682 -0.2449927 0.8788344
2474.202182 -0.2842004 0.1202086 -0.1761907 0.0835325 -0.4091148 -0.2384308 0.8768113
2475.390431 -0.2883880 0.1197732 -0.1887919 0.1396855 -0.4335869 -0.2093367 0.8652564
2476.624369 -0.2946712 0.1258843 -0.1977320 0.1388749 -0.4268906 -0.2085767 0.8688924
2476.824350 -0.2946045 0.1260079 -0.1982402 0.1429545 -0.4299498 -0.2057831 0.8673872
2477.074326 -0.2959527 0.1276118 -0.1998634 0.1464429 -0.4294043 -0.2040730 0.8674795
2477.624272 -0.2961286 0.1281920 -0.2015017 0.1451532 -0.4271979 -0.2044183 0.8687034
2477.724263 -0.2958695 0.1292691 -0.2017778 0.1398320 -0.4247623 -0.2071141 0.8701309
2477.924243 -0.2953596 0.1307618 -0.2043701 0.1291057 -0.4201670 -0.2128610 0.8726292
2479.074132 -0.3014886 0.1419097 -0.2073984 0.0488829 -0.3801338 -0.2581277 0.8868364
2479.174122 -0.3024108 0.1425703 -0.2061407 0.0402644 -0.3781813 -0.2620258 0.8869613
2480.174026 -0.2997092 0.1506553 -0.2042671 -0.0315115 -0.3496599 -0.3001656 0.8869304
2480.374006 -0.2985866 0.1504668 -0.2030804 -0.0416347 -0.3450610 -0.3049563 0.8866799
2480.523992 -0.2978851 0.1515123 -0.2027661 -0.0506218 -0.3394436 -0.3103173 0.8865206
2480.773967 -0.2980295 0.1531851 -0.2020426 -0.0586390 -0.3359632 -0.3143661 0.8859257
