2469.725037 0.0000000 0.0000000 0.0000000 -0.0000000 -0.0000000 -0.0000000 1.0000000
2471.147519 -0.0159307 0.0013364 -0.0012901 -0.0086342 -0.0019209 -0.0005045 0.9999608
2471.247509 -0.0160918 0.0013404 -0.0011084 -0.0075196 -0.0019978 -0.0002151 0.9999697
2471.502878 -0.0182373 0.0016116 -0.0011283 -0.0089373 0.0016051 -0.0003213 0.9999588
2471.804883 -0.0210922 0.0018388 -0.0014513 -0.0171463 0.0050041 -0.0010033 0.9998400
2472.356351 -0.0286611 0.0027826 -0.0015097 -0.0301921 0.0084974 -0.0021192 0.9995058
2472.455927 -0.0292613 0.0028148 -0.0017757 -0.0298218 0.0070491 -0.0020172 0.9995283
2473.055789 -0.0351079 0.0022924 -0.0027017 -0.0272438 0.0004191 -0.0015696 0.9996275
2473.155503 -0.0359157 0.0022829 -0.0027183 -0.0230356 -0.0016352 -0.0011064 0.9997327
2473.355662 -0.0384431 0.0004901 -0.0035477 -0.0020234 -0.0042992 0.0001236 0.9999887
2474.053085 -0.0436050 -0.0039335 -0.0063560 0.0509458 -0.0104700 0.0030479 0.9986419
2475.046588 -0.0514963 -0.0082555 -0.0092976 0.1157297 -0.0191590 0.0055840 0.9930803
2476.129395 -0.0644558 -0.0098559 -0.0121901 0.1348652 -0.0214982 0.0064509 0.9906097
2476.624369 -0.0652724 -0.0097154 -0.0127103 0.1296646 -0.0175195 0.0078788 0.9913719
2476.674364 -0.0664105 -0.0098345 -0.0125427 0.1320675 -0.0179080 0.0078704 0.9910477
2476.774355 -0.0682076 -0.0096571 -0.0128498 0.1340607 -0.0188826 0.0079649 0.9907612
2477.024331 -0.0704112 -0.0099129 -0.0131891 0.1380568 -0.0178020 0.0080706 0.9902315
2477.424292 -0.0721612 -0.0089586 -0.0118626 0.1438590 -0.0151467 0.0085699 0.9894452
2477.474287 -0.0725023 -0.0090711 -0.0122444 0.1427212 -0.0144921 0.0084645 0.9896206
2478.474190 -0.0783465 -0.0116739 -0.0184211 0.0733941 -0.0092071 0.0070917 0.9972354
2479.924050 -0.0880249 0.0047377 -0.0122447 -0.0592160 0.0096302 -0.0050682 0.9981859
2480.274016 -0.0877215 0.0080235 -0.0118676 -0.0822360 0.0112499 -0.0069944 0.9965249
2480.374006 -0.0856086 0.0092399 -0.0116293 -0.0882437 0.0116311 -0.0074884 0.9960029
2480.424001 -0.0860346 0.0091859 -0.0121753 -0.0931232 0.0130024 -0.0082011 0.9955360
2480.623982 -0.0862647 0.0092494 -0.0123821 -0.1063647 0.0142968 -0.0094150 0.9941798
2481.623885 -0.0874185 0.0090343 -0.0113039 -0.1111627 0.0137822 -0.0095779 0.9936605
