2469.725037 0.0000000 0.0000000 0.0000000 -0.0000000 -0.0000000 -0.0000000 1.0000000
2470.943687 -0.0135598 0.0011428 -0.0009560 -0.0108480 -0.0011276 -0.0003733 0.9999405
2471.046304 -0.0147590 0.0009213 -0.0010531 -0.0102753 -0.0015353 -0.0005628 0.9999459
2471.097089 -0.0149279 0.0008597 -0.0012677 -0.0094228 -0.0017410 -0.0003588 0.9999540
2471.955580 -0.0228266 0.0024005 -0.0015130 -0.0223683 0.0058471 -0.0011792 0.9997320
2472.505783 -0.0292661 0.0023926 -0.0022071 -0.0306182 0.0072483 -0.0018590 0.9995032
2472.755937 -0.0319664 0.0026519 -0.0020996 -0.0308135 0.0043454 -0.0019542 0.9995138
2472.855789 -0.0326669 0.0022967 -0.0024347 -0.0302275 0.0033892 -0.0018958 0.9995355
2473.105646 -0.0356722 0.0022974 -0.0024109 -0.0251050 -0.0004174 -0.0014814 0.9996836
2473.355662 -0.0378609 -0.0000210 -0.0035608 -0.0022373 -0.0041745 0.0003134 0.9999887
2473.504185 -0.0392655 -0.0008143 -0.0040281 0.0112477 -0.0061253 0.0009368 0.9999176
2473.802477 -0.0409308 -0.0023499 -0.0048082 0.0327335 -0.0088449 0.0021225 0.9994227
2474.202182 -0.0450634 -0.0047753 -0.0062967 0.0643013 -0.0134391 0.0037460 0.9978330
2475.687479 -0.0568569 -0.0099355 -0.0118098 0.1474023 -0.0225224 0.0069050 0.9887961
2476.674364 -0.0663036 -0.0104175 -0.0124323 0.1316575 -0.0173413 0.0077744 0.9911131
2476.774355 -0.0676366 -0.0096046 -0.0122011 0.1338938 -0.0185313 0.0077304 0.9907923
2476.924340 -0.0698116 -0.0101338 -0.0131647 0.1367913 -0.0171826 0.0081263 0.9904175
2477.024331 -0.0709651 -0.0102554 -0.0127798 0.1378018 -0.0167781 0.0079102 0.9902861
2477.274306 -0.0710618 -0.0098054 -0.0132238 0.1432180 -0.0162932 0.0084224 0.9895212
2477.674268 -0.0710686 -0.0095510 -0.0136195 0.1335230 -0.0144829 0.0085670 0.9909029
2479.724069 -0.0887839 0.0017400 -0.0109139 -0.0383387 0.0079802 -0.0041409 0.9992244
2479.824059 -0.0893763 0.0021865 -0.0118825 -0.0486101 0.0092288 -0.0047267 0.9987640
2480.074035 -0.0894397 0.0030974 -0.0122718 -0.0699671 0.0109864 -0.0064025 0.9974682
2480.424001 -0.0878840 0.0076766 -0.0105991 -0.0936703 0.0145810 -0.0082350 0.9954625
2480.873958 -0.0855350 0.0079296 -0.0110520 -0.1136404 0.0151762 -0.0099692 0.9933560
2481.873861 -0.0853909 0.0082357 -0.0113008 -0.1094002 0.0114459 -0.0094413 0.9938871
