2469.725037 0.0000000 0.0000000 0.0000000 -0.0000000 -0.0000000 -0.0000000 1.0000000
2471.247509 -0.0200088 0.0001290 0.0001199 -0.0082758 -0.0023756 0.0000201 0.9999629
2471.349495 -0.0206688 0.0017009 0.0003216 -0.0072361 -0.0023685 0.0000319 0.9999710
2471.654562 -0.0242183 0.0035987 0.0011193 -0.0124443 0.0034123 -0.0003763 0.9999167
2472.356351 -0.0353436 0.0061710 0.0019015 -0.0293924 0.0077530 -0.0016956 0.9995365
2472.855789 -0.0403284 0.0064454 0.0016304 -0.0292081 0.0022255 -0.0014322 0.9995699
2473.155503 -0.0444490 0.0056609 0.0018066 -0.0222942 -0.0025175 -0.0006056 0.9997481
2473.255651 -0.0462694 0.0065888 0.0019808 -0.0128024 -0.0039755 -0.0000584 0.9999102
2473.454862 -0.0496226 0.0027154 0.0009966 0.0078475 -0.0056812 0.0007423 0.9999529
2473.852650 -0.0502185 0.0028955 0.0001982 0.0395621 -0.0109232 0.0029241 0.9991531
2474.152601 -0.0579406 0.0012276 -0.0000572 0.0609334 -0.0122363 0.0032450 0.9980616
2474.402202 -0.0586115 0.0013905 -0.0020422 0.0786678 -0.0213722 0.0042585 0.9966627
2475.145394 -0.0665193 -0.0069999 -0.0048136 0.1247988 -0.0213590 0.0060004 0.9919340
2475.930244 -0.0758921 -0.0075875 -0.0061538 0.1467550 -0.0246843 0.0074025 0.9888371
2476.674364 -0.0861714 -0.0057561 -0.0055732 0.1341875 -0.0181204 0.0075760 0.9907613
2476.874345 -0.0858643 -0.0045091 -0.0053537 0.1386800 -0.0194462 0.0084025 0.9901107
2477.074326 -0.0860572 -0.0045024 -0.0054734 0.1412967 -0.0190273 0.0088509 0.9897449
2477.174316 -0.0868240 -0.0054749 -0.0054266 0.1432011 -0.0190500 0.0086293 0.9894727
2477.374297 -0.0918048 -0.0066467 -0.0028560 0.1454395 -0.0164080 0.0082122 0.9891970
2478.324205 -0.0955915 -0.0035848 -0.0098994 0.0900029 -0.0121223 0.0068433 0.9958442
2479.174122 -0.1069189 0.0043734 -0.0045711 0.0103004 0.0042898 0.0019315 0.9999359
2479.774064 -0.1095856 0.0066901 -0.0091903 -0.0434481 0.0064185 -0.0031607 0.9990301
2479.924050 -0.1094655 0.0137842 -0.0038928 -0.0567129 0.0082277 -0.0049059 0.9983446
2480.124030 -0.1098048 0.0160565 -0.0063368 -0.0691162 0.0085156 -0.0064267 0.9975516
2480.573987 -0.1093502 0.0158954 -0.0051819 -0.1020853 0.0139160 -0.0088948 0.9946386
2480.773967 -0.1092139 0.0161064 -0.0054560 -0.1093336 0.0137719 -0.0101447 0.9938579
