2469.725037 0.0000000 0.0000000 0.0000000 -0.0000000 -0.0000000 -0.0000000 1.0000000
2471.147519 -0.0168210 0.0019517 -0.0011401 -0.0083590 -0.0019849 -0.0003388 0.9999630
2471.247509 -0.0176586 0.0021928 -0.0009099 -0.0071250 -0.0018033 -0.0003130 0.9999729
2471.553643 -0.0202212 0.0020270 -0.0011708 -0.0115274 0.0041926 -0.0006970 0.9999245
2472.206050 -0.0292356 0.0041677 -0.0012637 -0.0287328 0.0104074 -0.0020112 0.9995309
2472.706080 -0.0347864 0.0040490 -0.0016431 -0.0293350 0.0044182 -0.0021521 0.9995576
2473.205498 -0.0396330 0.0029235 -0.0023786 -0.0192470 -0.0023279 -0.0008963 0.9998116
2473.355662 -0.0418938 0.0018555 -0.0029581 -0.0013666 -0.0039163 -0.0000676 0.9999914
2473.454862 -0.0418843 0.0015699 -0.0033070 0.0080085 -0.0051852 0.0007079 0.9999543
2473.903416 -0.0451579 -0.0019313 -0.0046230 0.0406968 -0.0094184 0.0025790 0.9991238
2474.102764 -0.0479370 -0.0033829 -0.0057452 0.0574063 -0.0113442 0.0031069 0.9982816
2475.095616 -0.0563214 -0.0080250 -0.0095263 0.1192577 -0.0195449 0.0054954 0.9926558
2475.930244 -0.0652739 -0.0095823 -0.0125454 0.1455983 -0.0234527 0.0072228 0.9890394
2476.474384 -0.0695732 -0.0082610 -0.0125369 0.1267685 -0.0166943 0.0073659 0.9917645
2476.624369 -0.0719035 -0.0086884 -0.0115657 0.1303546 -0.0167151 0.0075999 0.9912974
2476.824350 -0.0734195 -0.0090011 -0.0119927 0.1357727 -0.0184180 0.0081640 0.9905352
2477.024331 -0.0751443 -0.0096237 -0.0122551 0.1385670 -0.0178178 0.0079188 0.9901611
2477.474287 -0.0772698 -0.0088788 -0.0116835 0.1431507 -0.0146521 0.0085268 0.9895557
2477.574277 -0.0793082 -0.0096609 -0.0124166 0.1391059 -0.0141720 0.0079945 0.9901438
2478.174219 -0.0850155 -0.0077408 -0.0135764 0.1000093 -0.0107244 0.0068941 0.9949048
2479.724069 -0.0939540 0.0073090 -0.0076523 -0.0365163 0.0067496 -0.0033447 0.9993047
2479.924050 -0.0948469 0.0073794 -0.0067165 -0.0581826 0.0092749 -0.0053017 0.9982488
2480.074035 -0.0949456 0.0097145 -0.0067084 -0.0675262 0.0097378 -0.0057611 0.9976534
2480.324011 -0.0954367 0.0123527 -0.0063666 -0.0856482 0.0125690 -0.0079693 0.9962143
2481.873861 -0.0955855 0.0110458 -0.0069428 -0.1089835 0.0123982 -0.0090057 0.9939255
