2469.725037 0.0000000 0.0000000 0.0000000 -0.0000000 -0.0000000 -0.0000000 1.0000000
2471.046304 -0.0166157 -0.0008613 -0.0010051 -0.0111998 -0.0019612 -0.0002957 0.9999353
2471.502878 -0.0206216 0.0016440 -0.0006117 -0.0090638 0.0013372 -0.0000580 0.9999580
2471.804883 -0.0244845 0.0027637 -0.0003085 -0.0169576 0.0049647 -0.0009110 0.9998435
2472.055886 -0.0286989 0.0042780 0.0000375 -0.0237223 0.0070408 -0.0014165 0.9996928
2472.755937 -0.0368517 0.0047370 0.0001222 -0.0303396 0.0038375 -0.0016442 0.9995309
2472.855789 -0.0378794 0.0043968 -0.0006182 -0.0296302 0.0029564 -0.0015416 0.9995554
2473.255651 -0.0432498 0.0035656 -0.0005278 -0.0136855 -0.0032054 -0.0003334 0.9999012
2473.454862 -0.0452341 0.0015134 -0.0012526 0.0076313 -0.0053991 0.0009530 0.9999559
2474.102764 -0.0526452 0.0001742 -0.0015825 0.0587975 -0.0112838 0.0031307 0.9982013
2474.650598 -0.0537200 0.0003847 -0.0045588 0.0958652 -0.0219768 0.0048117 0.9951401
2475.145394 -0.0595073 -0.0075237 -0.0069926 0.1243464 -0.0212392 0.0057859 0.9919947
2475.881415 -0.0696184 -0.0088608 -0.0090836 0.1468814 -0.0222886 0.0070591 0.9888778
2475.979054 -0.0703663 -0.0085446 -0.0091973 0.1427113 -0.0238040 0.0069805 0.9894535
2476.474384 -0.0725896 -0.0070104 -0.0100506 0.1273401 -0.0177587 0.0075239 0.9916716
2476.924340 -0.0787923 -0.0072236 -0.0097289 0.1384585 -0.0185433 0.0081939 0.9901608
2477.024331 -0.0796356 -0.0068787 -0.0098902 0.1396510 -0.0183649 0.0082764 0.9899959
2477.274306 -0.0795852 -0.0069995 -0.0102936 0.1448296 -0.0180153 0.0086744 0.9892546
2477.674268 -0.0834188 -0.0066575 -0.0108434 0.1349767 -0.0148709 0.0084467 0.9907012
2477.824253 -0.0846046 -0.0067740 -0.0119219 0.1233751 -0.0129234 0.0078236 0.9922451
2478.824156 -0.0973850 0.0005661 -0.0095447 0.0442113 0.0005691 0.0037357 0.9990151
2479.424098 -0.1021847 0.0038351 -0.0093326 -0.0127897 0.0066850 -0.0018926 0.9998941
2479.824059 -0.1038814 0.0036915 -0.0118906 -0.0482622 0.0085854 -0.0041037 0.9987894
2480.074035 -0.1037455 0.0039268 -0.0117860 -0.0699596 0.0100052 -0.0064591 0.9974788
2480.773967 -0.1046595 0.0039359 -0.0133871 -0.1136299 0.0160834 -0.0099644 0.9933430
