2469.725037 0.0000000 0.0000000 0.0000000 -0.0000000 -0.0000000 -0.0000000 1.0000000
2471.400873 -0.0213231 0.0010278 -0.0017612 -0.0076450 -0.0011000 -0.0002622 0.9999701
2471.502878 -0.0223585 0.0008464 -0.0020567 -0.0093181 0.0016725 -0.0004189 0.9999551
2471.553643 -0.0233782 0.0008883 -0.0020589 -0.0120750 0.0043001 -0.0008465 0.9999175
2472.055886 -0.0306815 0.0030801 -0.0018973 -0.0241485 0.0073076 -0.0016263 0.9996803
2472.505783 -0.0367686 0.0027146 -0.0032207 -0.0306787 0.0073857 -0.0021712 0.9994997
2473.205498 -0.0454730 0.0014910 -0.0042473 -0.0199135 -0.0022403 -0.0009930 0.9997987
2473.355662 -0.0469173 -0.0005934 -0.0050763 -0.0024183 -0.0042505 0.0002088 0.9999880
2473.653795 -0.0501686 -0.0027476 -0.0061972 0.0247523 -0.0084829 0.0016548 0.9996563
2474.102764 -0.0568686 -0.0069393 -0.0073951 0.0562171 -0.0106064 0.0027816 0.9983584
2474.402202 -0.0575952 -0.0067637 -0.0103481 0.0758461 -0.0203002 0.0039561 0.9969050
2474.650598 -0.0604871 -0.0088103 -0.0106850 0.0925022 -0.0204831 0.0043996 0.9954920
2475.881415 -0.0747216 -0.0132352 -0.0161497 0.1455944 -0.0216780 0.0070658 0.9890816
2476.029050 -0.0782628 -0.0129608 -0.0164834 0.1393968 -0.0225542 0.0068546 0.9899560
2476.424389 -0.0797995 -0.0120714 -0.0161025 0.1272800 -0.0174159 0.0071207 0.9916884
2476.974335 -0.0856608 -0.0135393 -0.0170521 0.1367470 -0.0176743 0.0081791 0.9904146
2477.074326 -0.0861445 -0.0136266 -0.0166131 0.1381681 -0.0170474 0.0085719 0.9902250
2477.424292 -0.0901513 -0.0138503 -0.0170253 0.1428540 -0.0143500 0.0083653 0.9896044
2477.574277 -0.0902576 -0.0137387 -0.0174515 0.1380593 -0.0140667 0.0083287 0.9902890
2479.174122 -0.1115097 -0.0051900 -0.0202828 0.0075137 0.0077362 -0.0003756 0.9999418
2479.724069 -0.1108892 0.0029429 -0.0160842 -0.0381309 0.0080691 -0.0031929 0.9992351
2479.824059 -0.1114450 0.0040806 -0.0184707 -0.0483939 0.0094985 -0.0046071 0.9987726
2480.024040 -0.1098127 0.0072236 -0.0148065 -0.0656324 0.0105022 -0.0054660 0.9977736
2481.373909 -0.1122234 0.0088313 -0.0165981 -0.1132260 0.0179464 -0.0110251 0.9933460
2481.873861 -0.1106974 0.0090044 -0.0161332 -0.1104883 0.0129961 -0.0078456 0.9937615
