2469.725037 0.0000000 0.0000000 0.0000000 -0.0000000 -0.0000000 -0.0000000 1.0000000
2470.891756 -0.0142627 0.0020054 -0.0007204 -0.0108239 -0.0005107 -0.0005031 0.9999412
2471.553643 -0.0214055 0.0024635 -0.0010336 -0.0114029 0.0041278 -0.0006228 0.9999263
2472.055886 -0.0281829 0.0038012 -0.0011958 -0.0238082 0.0072268 -0.0015432 0.9996892
2472.106039 -0.0283933 0.0037309 -0.0008059 -0.0262775 0.0090894 -0.0016145 0.9996120
2472.656085 -0.0357506 0.0046968 -0.0017587 -0.0296162 0.0053285 -0.0019746 0.9995452
2472.755937 -0.0365589 0.0045211 -0.0015242 -0.0302189 0.0041608 -0.0019847 0.9995327
2473.255651 -0.0431548 0.0051333 -0.0019985 -0.0127276 -0.0026866 -0.0006820 0.9999152
2473.355662 -0.0443443 0.0020366 -0.0031352 -0.0013642 -0.0039495 0.0000539 0.9999913
2473.454862 -0.0440542 0.0017577 -0.0031312 0.0079538 -0.0053655 0.0008326 0.9999536
2473.953411 -0.0480769 -0.0022272 -0.0052568 0.0445839 -0.0099784 0.0027078 0.9989522
2474.053085 -0.0495452 -0.0026805 -0.0056836 0.0516582 -0.0104537 0.0031087 0.9986053
2475.145394 -0.0607499 -0.0093687 -0.0113485 0.1238062 -0.0201906 0.0059987 0.9920828
2476.424389 -0.0732420 -0.0095326 -0.0141694 0.1279038 -0.0176465 0.0072671 0.9916030
2476.674364 -0.0765482 -0.0106143 -0.0148088 0.1323215 -0.0173260 0.0080146 0.9910231
2476.924340 -0.0791511 -0.0104463 -0.0145994 0.1373609 -0.0177230 0.0087026 0.9903243
2477.024331 -0.0816336 -0.0096451 -0.0144406 0.1387484 -0.0170370 0.0079037 0.9901496
2477.324302 -0.0815318 -0.0097728 -0.0143024 0.1430550 -0.0160711 0.0085956 0.9895470
2477.574277 -0.0816311 -0.0096874 -0.0142748 0.1391620 -0.0148214 0.0086881 0.9901206
2477.774258 -0.0811416 -0.0104254 -0.0134714 0.1257881 -0.0133605 0.0087070 0.9919289
2478.774161 -0.0939473 -0.0081854 -0.0181064 0.0454283 -0.0003327 0.0037654 0.9989604
2478.824156 -0.0943222 -0.0082668 -0.0183115 0.0407014 0.0005377 0.0025197 0.9991680
2479.274113 -0.0979569 0.0005659 -0.0131587 -0.0009874 0.0074733 -0.0000379 0.9999716
2479.874055 -0.0981873 0.0067079 -0.0135042 -0.0531522 0.0086816 -0.0046864 0.9985377
2480.124030 -0.0982357 0.0088742 -0.0141093 -0.0708661 0.0091322 -0.0060178 0.9974259
2480.224021 -0.0980841 0.0078387 -0.0135768 -0.0806538 0.0106015 -0.0070417 0.9966609
2480.773967 -0.0998096 0.0098405 -0.0135689 -0.1109216 0.0154024 -0.0103199 0.9936562
2481.673880 -0.0995208 0.0116270 -0.0151437 -0.1102370 0.0135976 -0.0108178 0.9937534
