2461.452330 0.0000000 0.0000000 0.0000000 -0.0000000 -0.0000000 -0.0000000 1.0000000
2462.601883 -0.0068093 -0.0006664 0.0005028 0.0414775 -0.0200290 -0.0026399 0.9989352
2462.651700 -0.0069761 -0.0008581 0.0005474 0.0398997 -0.0203407 -0.0023863 0.9989938
2463.151691 -0.0098250 -0.0004062 0.0004417 0.0401238 -0.0278171 -0.0027920 0.9988036
2463.950073 -0.0132246 -0.0007942 -0.0004438 0.0430606 -0.0356793 -0.0026601 0.9984316
2465.825415 -0.0260946 -0.0003418 -0.0035002 0.0292734 -0.0517650 -0.0064169 0.9982095
2465.975400 -0.0265453 -0.0004400 -0.0040407 0.0199075 -0.0493232 -0.0073267 0.9985576
2466.175381 -0.0283958 -0.0001177 -0.0049875 0.0078075 -0.0539781 -0.0075478 0.9984831
2466.325366 -0.0306011 0.0006501 -0.0045011 -0.0034075 -0.0561259 -0.0090818 0.9983766
2466.375362 -0.0307916 0.0007045 -0.0044192 -0.0098335 -0.0547643 -0.0102093 0.9983987
2469.725037 -0.0455174 0.0083777 -0.0059845 -0.1406685 -0.0533320 -0.0282145 0.9882166
2470.891756 -0.0504664 0.0068983 -0.0073116 -0.1538486 -0.0537321 -0.0289582 0.9862073
2470.995143 -0.0543390 0.0071163 -0.0070630 -0.1534103 -0.0516540 -0.0313499 0.9863135
2471.097089 -0.0516107 0.0066873 -0.0075886 -0.1522982 -0.0549605 -0.0285358 0.9863926
2472.155896 -0.0555570 0.0063556 -0.0085455 -0.1721757 -0.0424989 -0.0325828 0.9836096
2473.105646 -0.0565091 0.0050508 -0.0102457 -0.1695589 -0.0573132 -0.0276524 0.9834635
2473.504185 -0.0616856 0.0053674 -0.0103855 -0.1324329 -0.0598984 -0.0253050 0.9890568
2474.053085 -0.0635172 0.0038433 -0.0110173 -0.0934415 -0.0645190 -0.0205185 0.9933202
2474.102764 -0.0637095 0.0036054 -0.0110808 -0.0876215 -0.0658008 -0.0197066 0.9937829
2476.129395 -0.0720735 0.0010044 -0.0138648 -0.0098442 -0.0769087 -0.0105912 0.9969333
2476.325840 -0.0723420 0.0013783 -0.0141622 -0.0146937 -0.0738497 -0.0108693 0.9971019
2476.924340 -0.0752705 0.0010885 -0.0147260 -0.0075280 -0.0723114 -0.0096852 0.9973066
2477.024331 -0.0753087 0.0011510 -0.0147212 -0.0064018 -0.0722988 -0.0097155 0.9973152
2477.274306 -0.0754515 0.0011011 -0.0148439 -0.0011685 -0.0717814 -0.0091452 0.9973778
2477.624272 -0.0761976 0.0012229 -0.0152254 -0.0075951 -0.0693617 -0.0097311 0.9975152
2477.724263 -0.0761871 0.0013470 -0.0152394 -0.0142180 -0.0682091 -0.0103299 0.9975163
2478.224214 -0.0788898 0.0027957 -0.0153818 -0.0474891 -0.0646624 -0.0148782 0.9966655
2478.824156 -0.0804785 0.0021970 -0.0161299 -0.1030724 -0.0521827 -0.0225208 0.9930488
2479.174122 -0.0818772 0.0044071 -0.0154106 -0.1354243 -0.0467182 -0.0279719 0.9892903
2479.424098 -0.0815543 0.0063257 -0.0155447 -0.1567034 -0.0460043 -0.0305401 0.9861009
2480.074035 -0.0817049 0.0077318 -0.0168560 -0.2104509 -0.0422735 -0.0381299 0.9759454
2480.174026 -0.0815409 0.0078214 -0.0166074 -0.2189038 -0.0410547 -0.0400484 0.9740594
2480.873958 -0.0813361 0.0078717 -0.0168907 -0.2548532 -0.0357378 -0.0459522 0.9652259
2481.673880 -0.0813123 0.0078372 -0.0170948 -0.2523290 -0.0376849 -0.0448240 0.9658679
