2444.927438 0.0000000 0.0000000 0.0000000 -0.0000000 -0.0000000 -0.0000000 1.0000000
2449.726974 -0.0148774 0.0020413 0.0022163 -0.0229414 -0.0238008 -0.0015385 0.9994523
2449.826964 -0.0152837 0.0021112 0.0025867 -0.0216888 -0.0259039 -0.0018537 0.9994274
2449.976949 -0.0172333 0.0018127 0.0023109 -0.0206587 -0.0282987 -0.0029512 0.9993817
2450.226925 -0.0204029 0.0015845 0.0024777 -0.0200423 -0.0344099 -0.0058987 0.9991894
2451.826770 -0.0456515 0.0015074 0.0018898 -0.0106028 -0.0761537 -0.0402220 0.9962281
2452.126741 -0.0481884 0.0016725 0.0018203 -0.0097737 -0.0853899 -0.0414670 0.9954364
2452.176736 -0.0489417 0.0015754 0.0012532 -0.0090570 -0.0859155 -0.0424406 0.9953569
2452.826673 -0.0635345 0.0031340 -0.0020396 -0.0038393 -0.1114059 -0.0510313 0.9924564
2453.576601 -0.0722190 0.0038633 -0.0027013 -0.0082009 -0.1322239 -0.0661168 0.9889783
2453.726586 -0.0741990 0.0043364 -0.0026816 -0.0081432 -0.1349918 -0.0671945 0.9885322
2456.326335 -0.1074113 0.0118035 -0.0082319 -0.0128298 -0.1859220 -0.1216019 0.9749264
2456.626306 -0.1113636 0.0131359 -0.0092397 -0.0140782 -0.1886525 -0.1304253 0.9732427
2457.026267 -0.1190395 0.0156935 -0.0113526 -0.0167375 -0.2003640 -0.1387850 0.9696973
2457.576214 -0.1301721 0.0189748 -0.0158891 -0.0168540 -0.2191170 -0.1546110 0.9632233
2458.376136 -0.1440063 0.0248280 -0.0272055 -0.0022114 -0.2425513 -0.1749146 0.9542373
2458.426131 -0.1480695 0.0249207 -0.0287227 0.0012007 -0.2456063 -0.1753464 0.9533781
2458.526122 -0.1474698 0.0239469 -0.0298889 0.0051518 -0.2539488 -0.1761835 0.9510220
2458.980345 -0.1595280 0.0253113 -0.0391857 0.0331761 -0.2774453 -0.1822899 0.9427056
2459.084542 -0.1615707 0.0262537 -0.0401437 0.0416965 -0.2831531 -0.1820462 0.9407151
2459.136493 -0.1620373 0.0263063 -0.0413693 0.0458794 -0.2856942 -0.1825683 0.9396504
2459.489521 -0.1669759 0.0262144 -0.0457592 0.0721637 -0.3003039 -0.1813750 0.9336558
2459.947655 -0.1753039 0.0284719 -0.0524549 0.1031199 -0.3221737 -0.1824904 0.9231834
2460.147715 -0.1780518 0.0280450 -0.0554183 0.1158032 -0.3300662 -0.1808341 0.9192089
2462.302070 -0.2065758 0.0393399 -0.0816036 0.1924341 -0.3864776 -0.1758230 0.8846980
2462.451700 -0.2073128 0.0390996 -0.0809892 0.1954192 -0.3902290 -0.1736658 0.8828210
2464.840623 -0.2315349 0.0565956 -0.1090755 0.2006894 -0.4148451 -0.1742412 0.8702111
2464.938993 -0.2311812 0.0571592 -0.1096201 0.2031894 -0.4171393 -0.1727698 0.8688266
2465.525819 -0.2290142 0.0603109 -0.1126586 0.1904540 -0.4232979 -0.1803736 0.8671860
2465.975400 -0.2281502 0.0614890 -0.1139446 0.1719807 -0.4146284 -0.1895774 0.8732504
2466.075391 -0.2278907 0.0616966 -0.1142465 0.1666646 -0.4146021 -0.1919068 0.8737848
2466.175381 -0.2274912 0.0622241 -0.1147556 0.1595546 -0.4175876 -0.1946129 0.8730915
2467.075294 -0.2391266 0.0778656 -0.1232669 0.1034558 -0.3990065 -0.2278987 0.8821297
2467.925211 -0.2429566 0.0837950 -0.1278909 0.0770439 -0.3839498 -0.2429776 0.8874732
2468.275178 -0.2459004 0.0883582 -0.1310778 0.0642087 -0.3893259 -0.2499656 0.8842058
2469.475061 -0.2513549 0.0964070 -0.1387654 0.0349376 -0.3833750 -0.2648102 0.8841258
2469.625047 -0.2530534 0.0979418 -0.1390296 0.0328925 -0.3819190 -0.2662157 0.8844123
2470.127132 -0.2557088 0.1018219 -0.1436501 0.0247086 -0.3775868 -0.2707934 0.8851489
2470.891756 -0.2599748 0.1058748 -0.1501011 0.0215676 -0.3772879 -0.2721229 0.8849508
2470.995143 -0.2609249 0.1065849 -0.1511704 0.0218204 -0.3785366 -0.2719103 0.8844765
2471.298255 -0.2616142 0.1083199 -0.1523018 0.0256090 -0.3801513 -0.2696574 0.8843721
2472.805794 -0.2697155 0.1173754 -0.1647530 0.0057318 -0.3677288 -0.2807764 0.8865142
2472.955937 -0.2707360 0.1178333 -0.1656375 0.0070359 -0.3700610 -0.2797834 0.8858480
2473.255651 -0.2732531 0.1185244 -0.1691723 0.0181307 -0.3783748 -0.2734871 0.8841429
2473.454862 -0.2747608 0.1179027 -0.1711639 0.0359392 -0.3860066 -0.2643608 0.8830746
2475.145394 -0.2827594 0.1159439 -0.1885148 0.1323288 -0.4275621 -0.2138938 0.8682910
2475.930244 -0.2855078 0.1177983 -0.1958997 0.1499792 -0.4351904 -0.2040414 0.8639923
2476.924340 -0.2892824 0.1233249 -0.2029786 0.1443466 -0.4285620 -0.2062788 0.8677256
2477.024331 -0.2893990 0.1229780 -0.2030195 0.1450491 -0.4288471 -0.2056625 0.8676140
2477.524282 -0.2894773 0.1236367 -0.2040627 0.1472821 -0.4267675 -0.2038401 0.8686926
2477.624272 -0.2896343 0.1238614 -0.2045548 0.1442737 -0.4263949 -0.2053700 0.8690199
2477.824253 -0.2890008 0.1251823 -0.2053649 0.1321720 -0.4212025 -0.2118528 0.8719160
2478.824156 -0.2956371 0.1351224 -0.2080843 0.0669136 -0.3902336 -0.2475127 0.8842950
2479.824059 -0.2944427 0.1445462 -0.2061025 -0.0082876 -0.3599519 -0.2876562 0.8874795
2480.124030 -0.2942078 0.1447856 -0.2071146 -0.0289639 -0.3512863 -0.2984758 0.8869449
2480.473997 -0.2943719 0.1449278 -0.2075168 -0.0492735 -0.3394244 -0.3096820 0.8868260
2480.723972 -0.2944978 0.1449529 -0.2072698 -0.0609456 -0.3345092 -0.3155468 0.8859004
2480.873958 -0.2932442 0.1469367 -0.2062953 -0.0628039 -0.3332120 -0.3167252 0.8858390
2481.923856 -0.2913227 0.1487291 -0.2039445 -0.0590164 -0.3394203 -0.3137284 0.8848081
