2444.927438 0.0000000 0.0000000 0.0000000 -0.0000000 -0.0000000 -0.0000000 1.0000000
2449.726974 -0.0148743 0.0020763 0.0022788 -0.0229647 -0.0238819 -0.0015046 0.9994498
2449.826964 -0.0153095 0.0020093 0.0026244 -0.0217550 -0.0259693 -0.0018437 0.9994243
2449.976949 -0.0175018 0.0019567 0.0023018 -0.0205807 -0.0282425 -0.0029700 0.9993848
2450.276920 -0.0214431 0.0012448 0.0023440 -0.0184508 -0.0354167 -0.0074340 0.9991747
2451.026848 -0.0324085 0.0010238 0.0022318 -0.0115483 -0.0543974 -0.0258542 0.9981178
2451.676785 -0.0436167 0.0015062 0.0023937 -0.0118786 -0.0720913 -0.0374011 0.9966258
2452.026751 -0.0479604 0.0014509 0.0017744 -0.0106683 -0.0823661 -0.0413299 0.9956877
2452.126741 -0.0481083 0.0018760 0.0017840 -0.0096793 -0.0855486 -0.0414865 0.9954228
2453.026654 -0.0676893 0.0041404 -0.0026273 -0.0088079 -0.1237028 -0.0566074 0.9906642
2454.676494 -0.0843357 0.0061942 -0.0036017 -0.0087522 -0.1526053 -0.0847036 0.9846117
2456.776291 -0.1142828 0.0147188 -0.0097199 -0.0157296 -0.1930642 -0.1320481 0.9721327
2457.026267 -0.1196879 0.0161329 -0.0116969 -0.0165221 -0.2002405 -0.1389893 0.9696972
2457.326238 -0.1256348 0.0174038 -0.0143992 -0.0185335 -0.2101610 -0.1463130 0.9664789
2457.576214 -0.1298783 0.0190646 -0.0161632 -0.0168166 -0.2194817 -0.1543488 0.9631830
2457.826189 -0.1356493 0.0209005 -0.0192425 -0.0161734 -0.2277779 -0.1626128 0.9599025
2458.076165 -0.1391509 0.0213956 -0.0218910 -0.0156780 -0.2325201 -0.1668498 0.9580448
2458.326141 -0.1435489 0.0231369 -0.0245072 -0.0082167 -0.2400659 -0.1724806 0.9552755
2458.476126 -0.1474789 0.0243444 -0.0276368 0.0042171 -0.2511801 -0.1765022 0.9517026
2458.676502 -0.1592462 0.0265905 -0.0328510 0.0167298 -0.2616929 -0.1809745 0.9478846
2458.880493 -0.1588791 0.0262626 -0.0359357 0.0266192 -0.2721000 -0.1819102 0.9445431
2459.084542 -0.1581689 0.0260251 -0.0374575 0.0416932 -0.2854691 -0.1812041 0.9401777
2459.136493 -0.1630325 0.0268424 -0.0399689 0.0459705 -0.2861033 -0.1828723 0.9394622
2459.594331 -0.1697479 0.0276542 -0.0458216 0.0792167 -0.3056861 -0.1820829 0.9311963
2460.048337 -0.1776738 0.0296592 -0.0510368 0.1093159 -0.3261592 -0.1820264 0.9211605
2460.398896 -0.1821749 0.0305390 -0.0554579 0.1271301 -0.3361875 -0.1807544 0.9155020
2461.302502 -0.1935563 0.0357250 -0.0668830 0.1586171 -0.3633108 -0.1808434 0.9000787
2464.494153 -0.2236554 0.0538606 -0.0975456 0.1970093 -0.4117720 -0.1746907 0.8724186
2464.543555 -0.2230573 0.0541154 -0.0975921 0.1982975 -0.4132742 -0.1737112 0.8716117
2464.987724 -0.2228963 0.0547675 -0.0990926 0.2062539 -0.4238342 -0.1692411 0.8655526
2465.825415 -0.2319498 0.0638977 -0.1123181 0.1802868 -0.4179746 -0.1864736 0.8706443
2465.875410 -0.2327930 0.0631175 -0.1121254 0.1781329 -0.4168884 -0.1874696 0.8713942
2466.325366 -0.2364018 0.0706166 -0.1196671 0.1508682 -0.4160232 -0.2015368 0.8738114
2467.175284 -0.2420341 0.0818590 -0.1237871 0.0989478 -0.3979178 -0.2316627 0.8821583
2467.925211 -0.2444637 0.0862200 -0.1271981 0.0777078 -0.3843181 -0.2432919 0.8871697
2468.025202 -0.2453044 0.0873031 -0.1281740 0.0735124 -0.3876051 -0.2457578 0.8854159
2468.225183 -0.2467472 0.0898354 -0.1302968 0.0669589 -0.3896614 -0.2489289 0.8841465
2470.891756 -0.2625011 0.1091880 -0.1482981 0.0226507 -0.3773454 -0.2729668 0.8846392
2471.298255 -0.2621651 0.1084314 -0.1502994 0.0254417 -0.3810959 -0.2700089 0.8838630
2471.754572 -0.2618169 0.1103556 -0.1513984 0.0191772 -0.3744441 -0.2731256 0.8859042
2472.306356 -0.2684377 0.1162438 -0.1582568 0.0084311 -0.3647730 -0.2803964 0.8878331
2473.105646 -0.2720812 0.1202142 -0.1642139 0.0100761 -0.3747925 -0.2782930 0.8842975
2473.255651 -0.2733470 0.1202505 -0.1658356 0.0186491 -0.3797141 -0.2734106 0.8835815
2475.145394 -0.2820814 0.1168551 -0.1845701 0.1325573 -0.4291900 -0.2138482 0.8674638
2475.438708 -0.2835972 0.1180616 -0.1878971 0.1445834 -0.4352367 -0.2078150 0.8639894
2476.424389 -0.2873918 0.1230371 -0.1948940 0.1367194 -0.4277068 -0.2110136 0.8682442
2476.774355 -0.2887602 0.1239565 -0.1980608 0.1418022 -0.4302174 -0.2076084 0.8670086
2476.974335 -0.2892570 0.1247245 -0.2000481 0.1446591 -0.4300466 -0.2058617 0.8670378
2477.174316 -0.2895298 0.1243496 -0.1997568 0.1478016 -0.4305999 -0.2040224 0.8666679
2477.874248 -0.2924318 0.1286596 -0.2049432 0.1310816 -0.4204886 -0.2136350 0.8719903
2478.074229 -0.2922013 0.1291558 -0.2059512 0.1201740 -0.4180836 -0.2190096 0.8733837
2478.824156 -0.2965018 0.1380261 -0.2063972 0.0678038 -0.3909088 -0.2482859 0.8837121
2479.174122 -0.2977048 0.1398816 -0.2062180 0.0398685 -0.3783744 -0.2629933 0.8866103
2479.524088 -0.2966515 0.1441829 -0.2064664 0.0129679 -0.3691875 -0.2777262 0.8867923
2480.124030 -0.2945685 0.1470533 -0.2043706 -0.0281457 -0.3525785 -0.2987210 0.8863758
2480.424001 -0.2935895 0.1489671 -0.2031303 -0.0450422 -0.3423816 -0.3083297 0.8863853
2480.723972 -0.2935229 0.1500073 -0.2028173 -0.0585614 -0.3361855 -0.3156825 0.8853781
2480.873958 -0.2933263 0.1501600 -0.2024537 -0.0614478 -0.3346641 -0.3168397 0.8853456
2481.223924 -0.2939659 0.1500618 -0.2027623 -0.0611225 -0.3339837 -0.3168964 0.8856047
2481.923856 -0.2923235 0.1489923 -0.2022888 -0.0591558 -0.3402049 -0.3142497 0.8843124
