2444.927438 0.0000000 0.0000000 0.0000000 -0.0000000 -0.0000000 -0.0000000 1.0000000
2449.726974 -0.0150997 0.0019945 0.0022075 -0.0229948 -0.0238566 -0.0013671 0.9994500
2449.826964 -0.0155401 0.0020604 0.0025590 -0.0217154 -0.0259744 -0.0017264 0.9994252
2449.976949 -0.0177095 0.0016327 0.0022230 -0.0207338 -0.0282458 -0.0028461 0.9993820
2450.276920 -0.0216399 0.0012544 0.0022774 -0.0184697 -0.0355025 -0.0073375 0.9991720
2450.876862 -0.0310040 0.0010565 0.0024963 -0.0130416 -0.0506170 -0.0217875 0.9983953
2451.426809 -0.0393047 0.0014681 0.0025920 -0.0115553 -0.0652872 -0.0326862 0.9972641
2452.026751 -0.0489480 0.0014394 0.0018478 -0.0106624 -0.0822956 -0.0412037 0.9956988
2452.176736 -0.0497557 0.0015683 0.0014983 -0.0091122 -0.0861070 -0.0423121 0.9953453
2452.426712 -0.0528677 0.0017070 0.0013862 -0.0050100 -0.0899729 -0.0453071 0.9949005
2452.726683 -0.0605026 0.0025400 -0.0005584 -0.0036563 -0.1024311 -0.0480125 0.9935740
2452.826673 -0.0649899 0.0031944 -0.0018857 -0.0038138 -0.1113613 -0.0508070 0.9924731
2454.026557 -0.0793517 0.0051994 -0.0025392 -0.0087718 -0.1385928 -0.0741577 0.9875301
2456.326335 -0.1098387 0.0118865 -0.0087099 -0.0128574 -0.1858947 -0.1215062 0.9749431
2456.626306 -0.1138423 0.0133334 -0.0097554 -0.0140863 -0.1886463 -0.1302675 0.9732649
2457.176252 -0.1254784 0.0165198 -0.0136355 -0.0171361 -0.2042096 -0.1448909 0.9679935
2457.576214 -0.1332698 0.0193398 -0.0164171 -0.0168837 -0.2189926 -0.1544294 0.9632803
2458.076165 -0.1442654 0.0222750 -0.0230293 -0.0156330 -0.2311377 -0.1669293 0.9583661
2458.176155 -0.1444967 0.0216301 -0.0244321 -0.0116414 -0.2337903 -0.1701970 0.9572040
2458.426131 -0.1514776 0.0239342 -0.0291228 0.0002939 -0.2458339 -0.1748587 0.9534097
2458.626112 -0.1569793 0.0254702 -0.0327149 0.0101743 -0.2588407 -0.1779034 0.9493411
2458.780107 -0.1602983 0.0259363 -0.0357021 0.0192563 -0.2677438 -0.1800165 0.9463280
2458.980345 -0.1646386 0.0277257 -0.0385443 0.0338582 -0.2772056 -0.1820626 0.9427958
2459.187575 -0.1686991 0.0284430 -0.0432685 0.0509300 -0.2870877 -0.1829678 0.9388874
2459.387891 -0.1716403 0.0273417 -0.0444354 0.0638421 -0.2946412 -0.1818369 0.9359733
2459.489521 -0.1724186 0.0277988 -0.0457270 0.0725180 -0.2998812 -0.1816905 0.9337028
2459.796524 -0.1793119 0.0299570 -0.0503717 0.0919619 -0.3148186 -0.1835981 0.9266736
2461.302502 -0.2002476 0.0376519 -0.0687546 0.1588732 -0.3619241 -0.1807876 0.9006032
2461.752795 -0.2079534 0.0408817 -0.0753499 0.1752050 -0.3780838 -0.1834092 0.8903465
2462.901498 -0.2184526 0.0459906 -0.0843768 0.1938111 -0.3946720 -0.1752456 0.8808861
2465.477859 -0.2422415 0.0669102 -0.1153572 0.1937194 -0.4221305 -0.1801037 0.8670878
2465.975400 -0.2413926 0.0680493 -0.1168512 0.1733106 -0.4123064 -0.1907888 0.8738229
2466.275371 -0.2393106 0.0702496 -0.1190094 0.1532173 -0.4168793 -0.1990787 0.8735581
2466.375362 -0.2383474 0.0715290 -0.1199713 0.1454024 -0.4141940 -0.2034940 0.8751524
2467.925211 -0.2512980 0.0887273 -0.1289643 0.0778416 -0.3833679 -0.2431867 0.8875979
2468.275178 -0.2538325 0.0928403 -0.1321239 0.0649624 -0.3888107 -0.2499354 0.8843859
2468.525153 -0.2555224 0.0948164 -0.1340818 0.0580081 -0.3863988 -0.2535869 0.8848869
2469.425066 -0.2588705 0.1012522 -0.1393031 0.0380142 -0.3837255 -0.2636814 0.8841842
2470.075398 -0.2639316 0.1053349 -0.1441859 0.0263181 -0.3767631 -0.2699955 0.8856971
2470.432673 -0.2655364 0.1072804 -0.1464789 0.0226850 -0.3744429 -0.2719119 0.8861951
2471.604231 -0.2723311 0.1140903 -0.1558512 0.0208744 -0.3710853 -0.2730222 0.8873099
2472.256203 -0.2768077 0.1200759 -0.1609270 0.0081237 -0.3619641 -0.2802530 0.8890299
2473.005933 -0.2806190 0.1234021 -0.1668478 0.0092451 -0.3711836 -0.2786969 0.8857005
2473.255651 -0.2827441 0.1239407 -0.1696672 0.0188074 -0.3776754 -0.2732540 0.8844997
2473.653795 -0.2846068 0.1225118 -0.1739644 0.0511558 -0.3933084 -0.2563801 0.8814538
2473.953411 -0.2855993 0.1219501 -0.1752388 0.0672574 -0.3996105 -0.2479612 0.8799450
2475.095616 -0.2912587 0.1210761 -0.1881785 0.1293136 -0.4254025 -0.2159709 0.8692912
2475.930244 -0.2959379 0.1242779 -0.1960393 0.1508918 -0.4345111 -0.2035775 0.8642846
2476.924340 -0.2986462 0.1284772 -0.2021498 0.1448599 -0.4283204 -0.2057430 0.8678865
2477.424292 -0.3009734 0.1300473 -0.2038988 0.1511947 -0.4271329 -0.2028178 0.8680798
2477.624272 -0.3008460 0.1297114 -0.2053269 0.1451766 -0.4254918 -0.2055931 0.8692594
2477.824253 -0.3007283 0.1317542 -0.2060832 0.1332386 -0.4201334 -0.2120411 0.8722236
2478.074229 -0.3014743 0.1334899 -0.2077497 0.1206544 -0.4165437 -0.2188687 0.8740883
2478.574180 -0.3038692 0.1384822 -0.2084130 0.0847707 -0.4022829 -0.2372752 0.8801607
2479.524088 -0.3059357 0.1489181 -0.2083877 0.0133944 -0.3676994 -0.2771665 0.8875791
2479.824059 -0.3054641 0.1497128 -0.2084263 -0.0078282 -0.3586789 -0.2881885 0.8878263
2480.074035 -0.3043246 0.1501405 -0.2094055 -0.0254500 -0.3514362 -0.2973768 0.8873624
2480.424001 -0.3030849 0.1545785 -0.2067808 -0.0444219 -0.3403814 -0.3079798 0.8873081
2480.773967 -0.3021816 0.1551374 -0.2061502 -0.0586231 -0.3342937 -0.3151496 0.8862798
