2469.725037 0.0000000 0.0000000 0.0000000 -0.0000000 -0.0000000 -0.0000000 1.0000000
2471.400873 -0.0204413 0.0008118 -0.0018866 -0.0077297 -0.0011208 -0.0001901 0.9999695
2471.502878 -0.0213601 0.0004014 -0.0022036 -0.0094898 0.0016229 -0.0002228 0.9999536
2471.553643 -0.0225747 0.0006762 -0.0021797 -0.0121432 0.0043201 -0.0007452 0.9999167
2471.804883 -0.0253059 0.0012993 -0.0023244 -0.0174368 0.0052230 -0.0009661 0.9998339
2472.055886 -0.0291375 0.0029928 -0.0019576 -0.0241534 0.0071456 -0.0014285 0.9996817
2472.505783 -0.0353423 0.0022844 -0.0032489 -0.0308373 0.0073353 -0.0019460 0.9994956
2473.355662 -0.0455130 -0.0004774 -0.0050695 -0.0023640 -0.0041765 0.0002562 0.9999884
2473.603958 -0.0481308 -0.0022991 -0.0057378 0.0194499 -0.0081037 0.0014798 0.9997769
2473.903416 -0.0496676 -0.0041242 -0.0070077 0.0399207 -0.0095354 0.0026029 0.9991540
2474.152601 -0.0536612 -0.0064889 -0.0086046 0.0581964 -0.0117091 0.0034146 0.9982306
2475.145394 -0.0639519 -0.0130978 -0.0137665 0.1224329 -0.0199077 0.0059924 0.9922590
2476.129395 -0.0747718 -0.0130320 -0.0169758 0.1344480 -0.0217755 0.0070307 0.9906564
2476.524379 -0.0764135 -0.0111499 -0.0167623 0.1257695 -0.0161668 0.0077287 0.9918977
2476.824350 -0.0814047 -0.0136064 -0.0182339 0.1344634 -0.0181737 0.0084357 0.9907160
2476.974335 -0.0817356 -0.0138771 -0.0182144 0.1364556 -0.0181767 0.0084310 0.9904435
2477.074326 -0.0826147 -0.0133402 -0.0174946 0.1381304 -0.0173882 0.0084486 0.9902254
2477.224311 -0.0834597 -0.0138258 -0.0174139 0.1415459 -0.0175323 0.0084956 0.9897400
2477.624272 -0.0873112 -0.0128954 -0.0172136 0.1364767 -0.0144591 0.0082885 0.9905031
2478.824156 -0.1010312 -0.0072234 -0.0133422 0.0413008 0.0016508 0.0035153 0.9991392
2478.974142 -0.1045023 -0.0028677 -0.0130801 0.0281803 0.0059661 0.0010276 0.9995846
2479.924050 -0.1061828 0.0062515 -0.0108202 -0.0586508 0.0103629 -0.0061534 0.9982058
2480.374006 -0.1056050 0.0074829 -0.0140334 -0.0893666 0.0131001 -0.0089942 0.9958720
2480.473997 -0.1034318 0.0082695 -0.0124420 -0.0963437 0.0139408 -0.0087968 0.9952116
2480.723972 -0.1049254 0.0083419 -0.0141772 -0.1106130 0.0154809 -0.0104308 0.9936882
