2470.686165 0.0000000 0.0000000 0.0000000 -0.0000000 -0.0000000 -0.0000000 1.0000000
2472.055886 -0.0193777 0.0009389 -0.0024639 -0.0125439 0.0037105 -0.0007475 0.9999142
2472.155896 -0.0216621 0.0011521 -0.0021008 -0.0171894 0.0078172 -0.0013306 0.9998208
2472.206050 -0.0219771 0.0008749 -0.0025412 -0.0178462 0.0066987 -0.0011403 0.9998177
2472.755937 -0.0290476 0.0006264 -0.0038261 -0.0193758 0.0006374 -0.0012123 0.9998114
2472.955937 -0.0311723 -0.0000745 -0.0042217 -0.0176915 -0.0016013 -0.0011165 0.9998416
2473.105646 -0.0339328 0.0001212 -0.0046863 -0.0135810 -0.0042163 -0.0007365 0.9998986
2473.155503 -0.0342647 -0.0007960 -0.0050678 -0.0118199 -0.0050293 -0.0003608 0.9999174
2473.454862 -0.0383909 -0.0041051 -0.0066640 0.0182317 -0.0086778 0.0015568 0.9997950
2474.947112 -0.0520511 -0.0126195 -0.0146689 0.1261919 -0.0248048 0.0068140 0.9916723
2475.145394 -0.0543840 -0.0159396 -0.0166331 0.1343059 -0.0245895 0.0074553 0.9906068
2476.029050 -0.0692485 -0.0161746 -0.0207981 0.1509209 -0.0266795 0.0084446 0.9881497
2476.229050 -0.0695114 -0.0162260 -0.0210750 0.1427544 -0.0242105 0.0085845 0.9894248
2476.674364 -0.0742680 -0.0167781 -0.0221339 0.1430033 -0.0214407 0.0092300 0.9894469
2476.974335 -0.0767462 -0.0170961 -0.0229598 0.1480036 -0.0220792 0.0098611 0.9886912
2477.574277 -0.0816660 -0.0173243 -0.0202326 0.1494291 -0.0186516 0.0095608 0.9885503
2477.774258 -0.0845467 -0.0193161 -0.0210015 0.1356280 -0.0164643 0.0090906 0.9905813
2480.623982 -0.1076022 -0.0060550 -0.0254018 -0.1009389 0.0126450 -0.0111922 0.9947493
2480.723972 -0.1065871 -0.0062373 -0.0239672 -0.1044544 0.0120823 -0.0108766 0.9943968
2481.523895 -0.1064385 0.0006706 -0.0224690 -0.1039328 0.0128715 -0.0111502 0.9944385
2481.623885 -0.1079435 0.0010653 -0.0210817 -0.1028629 0.0116271 -0.0102190 0.9945751
2481.873861 -0.1057261 0.0016459 -0.0236281 -0.1007639 0.0086106 -0.0091421 0.9948311
