2444.927438 0.0000000 0.0000000 0.0000000 -0.0000000 -0.0000000 -0.0000000 1.0000000
2449.726974 -0.0152672 0.0017507 0.0021336 -0.0230880 -0.0234540 -0.0018173 0.9994566
2450.226925 -0.0205791 0.0018205 0.0027728 -0.0199044 -0.0342120 -0.0060334 0.9991981
2450.326915 -0.0217793 0.0014106 0.0024819 -0.0179419 -0.0367437 -0.0091747 0.9991215
2451.226828 -0.0350530 0.0013981 0.0024945 -0.0116211 -0.0601289 -0.0302926 0.9976632
2451.926760 -0.0460907 0.0015862 0.0021621 -0.0107239 -0.0797450 -0.0411560 0.9959076
2452.426712 -0.0509773 0.0016854 0.0016236 -0.0050347 -0.0899996 -0.0455262 0.9948880
2452.826673 -0.0627275 0.0030602 -0.0018992 -0.0038348 -0.1113275 -0.0510058 0.9924666
2452.976659 -0.0661182 0.0035179 -0.0024939 -0.0074185 -0.1207331 -0.0559701 0.9910781
2453.026654 -0.0664036 0.0038690 -0.0022812 -0.0089435 -0.1237779 -0.0567423 0.9906459
2453.226635 -0.0681325 0.0039116 -0.0023054 -0.0095591 -0.1256449 -0.0606109 0.9901759
2455.976368 -0.1025471 0.0106880 -0.0074244 -0.0106163 -0.1825333 -0.1140539 0.9765043
2456.776291 -0.1125852 0.0142208 -0.0096091 -0.0158682 -0.1929899 -0.1321826 0.9721270
2457.526218 -0.1271746 0.0178883 -0.0157165 -0.0184347 -0.2170560 -0.1516069 0.9641381
2457.576214 -0.1278474 0.0181871 -0.0159494 -0.0171072 -0.2195260 -0.1544041 0.9631589
2457.826189 -0.1328890 0.0202931 -0.0191881 -0.0163336 -0.2280927 -0.1624690 0.9598494
2458.026170 -0.1394528 0.0217312 -0.0223830 -0.0157122 -0.2303199 -0.1671533 0.9585227
2458.326141 -0.1389655 0.0222613 -0.0249386 -0.0084434 -0.2409061 -0.1716924 0.9552040
2458.376136 -0.1391567 0.0220765 -0.0269828 -0.0033846 -0.2440395 -0.1743155 0.9539641
2458.576117 -0.1482799 0.0234244 -0.0310791 0.0073683 -0.2569411 -0.1779599 0.9498723
2458.626112 -0.1490800 0.0231968 -0.0317290 0.0095137 -0.2601146 -0.1779423 0.9489923
2458.676502 -0.1511937 0.0238705 -0.0329148 0.0157016 -0.2637663 -0.1791918 0.9476662
2458.980345 -0.1569782 0.0248538 -0.0380640 0.0328242 -0.2781248 -0.1817426 0.9426234
2459.136493 -0.1603648 0.0253389 -0.0410203 0.0451874 -0.2859460 -0.1823379 0.9396520
2459.796524 -0.1708209 0.0266634 -0.0498981 0.0909483 -0.3159595 -0.1833635 0.9264318
2459.997887 -0.1738527 0.0268581 -0.0517938 0.1045957 -0.3243389 -0.1822870 0.9222990
2460.651143 -0.1809246 0.0290504 -0.0588339 0.1345957 -0.3418137 -0.1796208 0.9125699
2461.202690 -0.1881083 0.0323697 -0.0662388 0.1548936 -0.3592685 -0.1790258 0.9027092
2462.051877 -0.2005382 0.0372262 -0.0757333 0.1847339 -0.3818737 -0.1785259 0.8877919
2463.651129 -0.2129059 0.0458335 -0.0893615 0.1934904 -0.4033079 -0.1752293 0.8770398
2464.889946 -0.2260553 0.0556052 -0.1049568 0.2020473 -0.4182182 -0.1722575 0.8686759
2465.775420 -0.2231348 0.0597537 -0.1097178 0.1812779 -0.4205832 -0.1834087 0.8698329
2466.025395 -0.2320099 0.0651148 -0.1129330 0.1696458 -0.4130351 -0.1911216 0.8741252
2466.225376 -0.2293708 0.0651825 -0.1172133 0.1569442 -0.4174827 -0.1961007 0.8732819
2466.525347 -0.2293477 0.0668391 -0.1208230 0.1326187 -0.4096424 -0.2096235 0.8778744
2467.925211 -0.2404621 0.0832425 -0.1264172 0.0769360 -0.3846975 -0.2425094 0.8872868
2468.225183 -0.2423260 0.0871583 -0.1298672 0.0662965 -0.3899468 -0.2482391 0.8842645
2469.425066 -0.2477878 0.0948658 -0.1377617 0.0367164 -0.3848925 -0.2632288 0.8838667
2469.625047 -0.2493520 0.0968292 -0.1382729 0.0326300 -0.3827451 -0.2655586 0.8842624
2469.875023 -0.2502216 0.0975008 -0.1389350 0.0287197 -0.3782373 -0.2679069 0.8856284
2470.229730 -0.2532109 0.1006908 -0.1434120 0.0233316 -0.3790019 -0.2705882 0.8846441
2470.635558 -0.2539447 0.1019110 -0.1446579 0.0212356 -0.3750605 -0.2718396 0.8859921
2471.298255 -0.2587796 0.1056388 -0.1510043 0.0246739 -0.3809554 -0.2694408 0.8841187
2471.754572 -0.2604797 0.1079760 -0.1538255 0.0183858 -0.3730665 -0.2732835 0.8864533
2472.706080 -0.2665536 0.1154800 -0.1620055 0.0063826 -0.3688742 -0.2798479 0.8863274
2474.550607 -0.2769420 0.1152131 -0.1803333 0.1004033 -0.4214575 -0.2296503 0.8715237
2475.145394 -0.2775690 0.1138076 -0.1864454 0.1317711 -0.4288819 -0.2133809 0.8678509
2476.674364 -0.2851359 0.1204347 -0.1970849 0.1396029 -0.4284992 -0.2078014 0.8681694
2476.874345 -0.2864289 0.1222090 -0.1989505 0.1431775 -0.4297019 -0.2060080 0.8674199
2476.974335 -0.2863856 0.1226923 -0.1993643 0.1442082 -0.4298767 -0.2052074 0.8673522
2477.574277 -0.2870275 0.1234112 -0.2006034 0.1459669 -0.4277003 -0.2035741 0.8685181
2478.074229 -0.2839101 0.1219515 -0.2111865 0.1183359 -0.4180730 -0.2183580 0.8738028
2478.324205 -0.2890069 0.1271942 -0.2070441 0.1030915 -0.4119104 -0.2266914 0.8765346
2478.824156 -0.2914652 0.1346710 -0.2068539 0.0671814 -0.3908450 -0.2475581 0.8839920
2479.174122 -0.2925881 0.1356338 -0.2090967 0.0388693 -0.3778501 -0.2628638 0.8869166
2479.524088 -0.2922481 0.1401357 -0.2080253 0.0119511 -0.3689785 -0.2769181 0.8871462
2479.824059 -0.2916130 0.1418483 -0.2064614 -0.0088224 -0.3602576 -0.2880987 0.8872067
2480.723972 -0.2897917 0.1458370 -0.2051891 -0.0598243 -0.3357112 -0.3154005 0.8855742
2481.723875 -0.2888821 0.1463030 -0.2038879 -0.0608948 -0.3378444 -0.3148601 0.8848820
2481.873861 -0.2890909 0.1460389 -0.2054716 -0.0604176 -0.3390139 -0.3145021 0.8845947
