2469.725037 0.0000000 0.0000000 0.0000000 -0.0000000 -0.0000000 -0.0000000 1.0000000
2471.046304 -0.0166270 0.0026078 -0.0009445 -0.0095923 -0.0019996 -0.0005269 0.9999519
2471.502878 -0.0206180 0.0029665 -0.0011564 -0.0084442 0.0012922 -0.0003077 0.9999635
2471.804883 -0.0237073 0.0034015 -0.0012137 -0.0165615 0.0045603 -0.0008727 0.9998521
2472.555779 -0.0338792 0.0047945 -0.0011209 -0.0302539 0.0064365 -0.0020624 0.9995194
2472.656085 -0.0356187 0.0047863 -0.0017911 -0.0296138 0.0047767 -0.0019803 0.9995481
2472.955937 -0.0378761 0.0047984 -0.0019959 -0.0282020 0.0012071 -0.0016286 0.9996002
2473.055789 -0.0395757 0.0043862 -0.0021295 -0.0265473 -0.0002621 -0.0015359 0.9996464
2473.155503 -0.0407235 0.0042734 -0.0024315 -0.0223141 -0.0021866 -0.0011034 0.9997481
2473.355662 -0.0451975 0.0021836 -0.0029781 -0.0013698 -0.0042169 -0.0001975 0.9999902
2474.003090 -0.0458296 0.0016061 -0.0061626 0.0518795 -0.0128671 0.0034080 0.9985647
2474.102764 -0.0499925 -0.0030406 -0.0064017 0.0577023 -0.0123422 0.0033029 0.9982521
2475.930244 -0.0695587 -0.0102052 -0.0140434 0.1458271 -0.0243862 0.0074922 0.9889811
2476.029050 -0.0703868 -0.0097888 -0.0148352 0.1405721 -0.0244325 0.0072108 0.9897427
2476.624369 -0.0760332 -0.0096490 -0.0145722 0.1304154 -0.0177861 0.0078844 0.9912686
2476.874345 -0.0791294 -0.0095098 -0.0158771 0.1368974 -0.0189214 0.0083639 0.9903692
2477.074326 -0.0800874 -0.0094826 -0.0155137 0.1395127 -0.0181472 0.0086090 0.9900166
2477.224311 -0.0809277 -0.0097741 -0.0158119 0.1430346 -0.0182471 0.0088129 0.9895102
2477.574277 -0.0855178 -0.0102028 -0.0160906 0.1391308 -0.0147618 0.0080915 0.9901309
2479.774064 -0.1027979 0.0055112 -0.0166390 -0.0436124 0.0073832 -0.0037199 0.9990143
2479.924050 -0.1022901 0.0065694 -0.0141252 -0.0586727 0.0090255 -0.0051652 0.9982231
2480.723972 -0.1009039 0.0118819 -0.0134849 -0.1094232 0.0141643 -0.0097173 0.9938468
2480.773967 -0.1003674 0.0109962 -0.0147059 -0.1107367 0.0141231 -0.0088549 0.9937100
2480.923953 -0.1006879 0.0110892 -0.0153780 -0.1126607 0.0144460 -0.0101487 0.9934767
