2469.725037 0.0000000 0.0000000 0.0000000 -0.0000000 -0.0000000 -0.0000000 1.0000000
2471.046304 -0.0173101 0.0005803 -0.0014752 -0.0104525 -0.0016021 -0.0005843 0.9999439
2471.502878 -0.0208603 0.0006067 -0.0017265 -0.0094122 0.0015171 -0.0002648 0.9999545
2471.704715 -0.0235344 0.0013525 -0.0017736 -0.0145325 0.0044624 -0.0008499 0.9998841
2471.804883 -0.0244250 0.0015252 -0.0017367 -0.0173424 0.0049824 -0.0010179 0.9998367
2472.055886 -0.0285315 0.0025477 -0.0018452 -0.0243361 0.0071173 -0.0015789 0.9996772
2472.755937 -0.0370950 0.0029754 -0.0021966 -0.0308911 0.0040675 -0.0019611 0.9995126
2472.955937 -0.0387648 0.0022496 -0.0029806 -0.0291859 0.0017818 -0.0017169 0.9995710
2473.255651 -0.0427097 0.0013975 -0.0033813 -0.0143967 -0.0032431 -0.0004505 0.9998910
2473.355662 -0.0439878 -0.0003031 -0.0041322 -0.0023972 -0.0044608 0.0002658 0.9999871
2474.102764 -0.0505072 -0.0055359 -0.0068625 0.0566389 -0.0118717 0.0032734 0.9983188
2474.650598 -0.0565690 -0.0079761 -0.0092855 0.0926104 -0.0208389 0.0045418 0.9954740
2475.881415 -0.0698458 -0.0130356 -0.0149561 0.1454688 -0.0220800 0.0072165 0.9890901
2476.129395 -0.0727720 -0.0115608 -0.0139895 0.1348208 -0.0220743 0.0067942 0.9906008
2476.424389 -0.0746792 -0.0105386 -0.0146871 0.1276158 -0.0178790 0.0071302 0.9916369
2476.974335 -0.0812160 -0.0119651 -0.0159264 0.1370662 -0.0179074 0.0080022 0.9903677
2477.024331 -0.0815765 -0.0122815 -0.0155067 0.1377980 -0.0178271 0.0081897 0.9902660
2477.174316 -0.0823986 -0.0117945 -0.0147626 0.1408350 -0.0172326 0.0083218 0.9898481
2477.574277 -0.0866674 -0.0111149 -0.0155918 0.1386834 -0.0140652 0.0079390 0.9902050
2479.374103 -0.1009599 0.0015665 -0.0131435 -0.0105438 0.0073279 -0.0010910 0.9999170
2480.374006 -0.0981191 0.0100774 -0.0132355 -0.0887050 0.0108455 -0.0072459 0.9959726
2480.623982 -0.1030116 0.0116745 -0.0117553 -0.1059660 0.0154843 -0.0100494 0.9941984
2480.873958 -0.0995906 0.0129106 -0.0129388 -0.1124861 0.0147232 -0.0103389 0.9934905
2481.673880 -0.1015758 0.0124308 -0.0132777 -0.1101277 0.0134681 -0.0098819 0.9937771
