2469.725037 0.0000000 0.0000000 0.0000000 -0.0000000 -0.0000000 -0.0000000 1.0000000
2471.147519 -0.0180443 -0.0003452 -0.0027013 -0.0093457 -0.0016634 -0.0004029 0.9999549
2471.247509 -0.0187207 -0.0002824 -0.0028564 -0.0081565 -0.0015246 -0.0003428 0.9999655
2471.502878 -0.0205841 0.0001362 -0.0029129 -0.0095341 0.0018429 -0.0002827 0.9999529
2471.804883 -0.0238137 -0.0001141 -0.0035431 -0.0178923 0.0053056 -0.0009168 0.9998254
2472.455927 -0.0342722 0.0010672 -0.0042157 -0.0305184 0.0079618 -0.0021544 0.9995002
2472.805794 -0.0375935 0.0007151 -0.0050147 -0.0320409 0.0046351 -0.0020397 0.9994738
2472.955937 -0.0389427 0.0003577 -0.0055220 -0.0298357 0.0027262 -0.0018729 0.9995494
2473.454862 -0.0451678 -0.0030736 -0.0068172 0.0060287 -0.0042525 0.0006865 0.9999726
2473.802477 -0.0476537 -0.0056917 -0.0082794 0.0315233 -0.0080986 0.0020372 0.9994681
2474.053085 -0.0503313 -0.0074298 -0.0096930 0.0497419 -0.0094738 0.0031520 0.9987122
2476.524379 -0.0741193 -0.0125491 -0.0183567 0.1249288 -0.0149550 0.0079255 0.9920214
2476.674364 -0.0771686 -0.0148783 -0.0188543 0.1305001 -0.0161531 0.0081367 0.9912833
2476.924340 -0.0809553 -0.0149276 -0.0195259 0.1354284 -0.0160765 0.0084270 0.9906209
2477.024331 -0.0812256 -0.0154301 -0.0198868 0.1363349 -0.0160973 0.0081000 0.9904989
2477.274306 -0.0821600 -0.0158180 -0.0195512 0.1414096 -0.0152613 0.0087081 0.9897952
2477.674268 -0.0869149 -0.0099154 -0.0157958 0.1336575 -0.0115958 0.0083320 0.9909247
2478.824156 -0.0982863 -0.0149776 -0.0257222 0.0378824 0.0039161 0.0024202 0.9992716
2479.724069 -0.1014168 -0.0147436 -0.0284030 -0.0445987 0.0090481 -0.0024558 0.9989610
2479.824059 -0.1008704 -0.0055551 -0.0241355 -0.0512510 0.0101636 -0.0035704 0.9986277
2481.823866 -0.1004891 0.0009958 -0.0217033 -0.1131941 0.0137921 -0.0082656 0.9934428
2481.923856 -0.1027410 0.0005579 -0.0245080 -0.1125371 0.0140356 -0.0098738 0.9934993
