2469.725037 0.0000000 0.0000000 0.0000000 -0.0000000 -0.0000000 -0.0000000 1.0000000
2471.247509 -0.0226278 0.0004947 -0.0020540 -0.0079297 -0.0015389 -0.0002210 0.9999673
2471.349495 -0.0230680 0.0006035 -0.0021399 -0.0074953 -0.0015971 -0.0001807 0.9999706
2471.804883 -0.0286464 0.0011278 -0.0031074 -0.0175390 0.0052567 -0.0011137 0.9998317
2472.206050 -0.0364639 0.0032478 -0.0023386 -0.0295174 0.0104693 -0.0020244 0.9995074
2472.706080 -0.0430506 0.0032618 -0.0031557 -0.0299981 0.0044099 -0.0020549 0.9995381
2473.255651 -0.0506265 0.0007615 -0.0048229 -0.0146812 -0.0026639 -0.0006435 0.9998885
2473.405519 -0.0522944 -0.0011869 -0.0057956 0.0014013 -0.0044269 0.0003466 0.9999892
2473.454862 -0.0527815 -0.0015930 -0.0057975 0.0066487 -0.0048986 0.0006893 0.9999657
2473.504185 -0.0540429 -0.0018643 -0.0062253 0.0109559 -0.0059156 0.0006534 0.9999223
2473.653795 -0.0547714 -0.0029860 -0.0067720 0.0246945 -0.0084227 0.0016301 0.9996582
2475.930244 -0.0821790 -0.0144545 -0.0184287 0.1446779 -0.0230369 0.0074441 0.9891826
2476.029050 -0.0839985 -0.0148229 -0.0181422 0.1390619 -0.0228806 0.0070273 0.9899944
2476.624369 -0.0900883 -0.0133206 -0.0172113 0.1294011 -0.0162948 0.0076533 0.9914289
2476.724360 -0.0922676 -0.0141515 -0.0177326 0.1320889 -0.0170725 0.0079135 0.9910592
2476.974335 -0.0941940 -0.0151297 -0.0180725 0.1365532 -0.0172625 0.0083876 0.9904469
2477.274306 -0.0960525 -0.0144236 -0.0176951 0.1428505 -0.0162907 0.0087181 0.9895718
2477.524282 -0.0993022 -0.0145459 -0.0185588 0.1395756 -0.0134216 0.0085986 0.9900832
2477.674268 -0.1013526 -0.0134029 -0.0149305 0.1332333 -0.0129610 0.0084281 0.9909641
2479.374103 -0.1196413 -0.0025195 -0.0220960 -0.0116018 0.0088683 -0.0007661 0.9998931
2479.724069 -0.1193729 -0.0017010 -0.0229146 -0.0395485 0.0078625 -0.0031977 0.9991816
2480.274016 -0.1198413 0.0092821 -0.0186111 -0.0823118 0.0127029 -0.0072588 0.9964992
2480.424001 -0.1198251 0.0090429 -0.0180683 -0.0937042 0.0151516 -0.0081303 0.9954516
2480.773967 -0.1186892 0.0089305 -0.0176623 -0.1115391 0.0158668 -0.0101895 0.9935811
