2461.802790 0.0000000 0.0000000 0.0000000 -0.0000000 -0.0000000 -0.0000000 1.0000000
2463.001488 -0.0071936 0.0010665 0.0009098 0.0213323 -0.0138068 0.0018583 0.9996754
2463.051681 -0.0074919 0.0009160 0.0013233 0.0223206 -0.0148697 0.0020013 0.9996383
2463.651129 -0.0107440 0.0011552 0.0011850 0.0255697 -0.0210170 0.0023383 0.9994494
2464.494153 -0.0164282 0.0011990 0.0000814 0.0309936 -0.0296778 0.0034024 0.9990731
2465.525819 -0.0259563 0.0032862 -0.0005934 0.0277886 -0.0438207 0.0008632 0.9986525
2465.925405 -0.0264891 0.0033954 -0.0010548 0.0089197 -0.0390936 -0.0004554 0.9991956
2466.325366 -0.0283606 0.0028100 -0.0047649 -0.0190730 -0.0464075 -0.0019617 0.9987386
2466.425357 -0.0286432 0.0019169 -0.0047897 -0.0301430 -0.0444351 -0.0028839 0.9985533
2469.675042 -0.0491711 0.0097509 -0.0042114 -0.1572814 -0.0440213 -0.0197929 0.9863737
2471.097089 -0.0567947 0.0101935 -0.0055290 -0.1677656 -0.0450121 -0.0205644 0.9845841
2471.400873 -0.0579603 0.0100427 -0.0055821 -0.1662491 -0.0443930 -0.0203832 0.9848731
2472.206050 -0.0626843 0.0111476 -0.0064751 -0.1870482 -0.0329116 -0.0247422 0.9814875
2472.356351 -0.0637547 0.0108836 -0.0067522 -0.1880448 -0.0342762 -0.0249266 0.9812456
2473.005933 -0.0666590 0.0108835 -0.0071608 -0.1847530 -0.0421166 -0.0228733 0.9816157
2473.055789 -0.0669260 0.0106392 -0.0071449 -0.1855149 -0.0422943 -0.0228911 0.9814640
2473.255651 -0.0681362 0.0102543 -0.0075176 -0.1727513 -0.0457674 -0.0209150 0.9836793
2473.553627 -0.0695078 0.0085977 -0.0077588 -0.1418774 -0.0507429 -0.0169401 0.9884377
2474.202182 -0.0724261 0.0066779 -0.0082384 -0.0956716 -0.0569470 -0.0117325 0.9937134
2474.501066 -0.0740337 0.0060914 -0.0088836 -0.0772172 -0.0651977 -0.0089022 0.9948404
2476.674364 -0.0830191 0.0037984 -0.0115390 -0.0277424 -0.0610499 -0.0038580 0.9977416
2476.824350 -0.0841689 0.0037135 -0.0117242 -0.0247816 -0.0616387 -0.0035378 0.9977846
2477.024331 -0.0850185 0.0038219 -0.0117521 -0.0216754 -0.0608475 -0.0032637 0.9979064
2477.174316 -0.0852258 0.0036563 -0.0119358 -0.0188749 -0.0604589 -0.0028922 0.9979880
2477.624272 -0.0862525 0.0038166 -0.0124991 -0.0229742 -0.0577740 -0.0031943 0.9980602
2477.974239 -0.0878797 0.0050132 -0.0125125 -0.0462550 -0.0546924 -0.0057125 0.9974149
2478.474190 -0.0899942 0.0049059 -0.0134414 -0.0844733 -0.0510611 -0.0090683 0.9950753
2478.774161 -0.0917157 0.0072207 -0.0131578 -0.1126089 -0.0425428 -0.0140920 0.9926282
2478.974142 -0.0924875 0.0071506 -0.0136754 -0.1313574 -0.0374556 -0.0173014 0.9904761
2479.824059 -0.0920866 0.0114046 -0.0143115 -0.2051965 -0.0347298 -0.0258526 0.9777627
2480.074035 -0.0926869 0.0118751 -0.0141005 -0.2257817 -0.0326680 -0.0292222 0.9731914
2480.374006 -0.0927070 0.0128720 -0.0139426 -0.2454066 -0.0296337 -0.0323895 0.9684257
2481.173929 -0.0929490 0.0134694 -0.0141998 -0.2675925 -0.0255671 -0.0365573 0.9624990
2481.873861 -0.0929170 0.0140056 -0.0142716 -0.2646859 -0.0299388 -0.0347384 0.9632436
