2444.927438 0.0000000 0.0000000 0.0000000 -0.0000000 -0.0000000 -0.0000000 1.0000000
2449.726974 -0.0151628 0.0023772 0.0022616 -0.0227827 -0.0237439 -0.0014397 0.9994574
2449.826964 -0.0156863 0.0021567 0.0024925 -0.0216373 -0.0257603 -0.0017996 0.9994324
2450.226925 -0.0207086 0.0016679 0.0024839 -0.0199745 -0.0344207 -0.0057047 0.9991915
2450.626886 -0.0268887 0.0014323 0.0023058 -0.0153532 -0.0457877 -0.0170481 0.9986877
2451.326819 -0.0377495 0.0015021 0.0023865 -0.0112769 -0.0624049 -0.0320953 0.9974710
2451.526799 -0.0415357 0.0015207 0.0023297 -0.0101913 -0.0671302 -0.0350203 0.9970774
2452.426712 -0.0525029 0.0019062 0.0013240 -0.0048932 -0.0898232 -0.0453077 0.9949146
2452.826673 -0.0643641 0.0029514 -0.0024535 -0.0038346 -0.1111909 -0.0508381 0.9924905
2453.726586 -0.0754863 0.0044011 -0.0030467 -0.0081468 -0.1347160 -0.0669609 0.9885856
2455.226441 -0.0937606 0.0078366 -0.0057250 -0.0080201 -0.1699220 -0.0990705 0.9804322
2456.226344 -0.1089070 0.0119730 -0.0090816 -0.0120332 -0.1842285 -0.1194553 0.9755232
2456.776291 -0.1164980 0.0147057 -0.0105466 -0.0158001 -0.1922040 -0.1320181 0.9723061
2457.126257 -0.1232571 0.0163733 -0.0128918 -0.0165281 -0.2020709 -0.1423466 0.9688300
2457.526218 -0.1316079 0.0191266 -0.0163667 -0.0180679 -0.2163621 -0.1515126 0.9643158
2457.626209 -0.1334675 0.0197260 -0.0175157 -0.0161827 -0.2198108 -0.1565784 0.9627588
2457.776194 -0.1365370 0.0210699 -0.0189653 -0.0165264 -0.2256881 -0.1610799 0.9606482
2458.426131 -0.1496663 0.0236737 -0.0307062 0.0002373 -0.2452291 -0.1746842 0.9535974
2458.576117 -0.1548101 0.0255388 -0.0333813 0.0079061 -0.2551592 -0.1777114 0.9503946
2458.676502 -0.1572508 0.0254849 -0.0357625 0.0160623 -0.2620442 -0.1790890 0.9481572
2459.084542 -0.1665590 0.0274598 -0.0421772 0.0417117 -0.2815642 -0.1819321 0.9412133
2459.136493 -0.1666099 0.0275528 -0.0435463 0.0459156 -0.2842375 -0.1824279 0.9401175
2459.187575 -0.1678236 0.0275474 -0.0447764 0.0503667 -0.2863457 -0.1827755 0.9391818
2459.489521 -0.1718731 0.0278776 -0.0479317 0.0724490 -0.2988484 -0.1814549 0.9340851
2460.398896 -0.1862134 0.0308280 -0.0597550 0.1268927 -0.3343666 -0.1805301 0.9162456
2460.701533 -0.1892626 0.0312284 -0.0619057 0.1374503 -0.3417227 -0.1790231 0.9122959
2462.901498 -0.2173463 0.0419512 -0.0869602 0.1923182 -0.3941899 -0.1752930 0.8814195
2464.246231 -0.2247646 0.0523554 -0.0971959 0.1967650 -0.4074138 -0.1745293 0.8745497
2465.775420 -0.2389905 0.0658896 -0.1173231 0.1826778 -0.4166552 -0.1854670 0.8709933
2465.875410 -0.2392091 0.0658061 -0.1171361 0.1783695 -0.4146595 -0.1873254 0.8724397
2465.975400 -0.2392293 0.0657991 -0.1170522 0.1727133 -0.4122599 -0.1901401 0.8741046
2466.375362 -0.2360717 0.0682540 -0.1262729 0.1443993 -0.4128521 -0.2035053 0.8759496
2466.675333 -0.2410247 0.0750545 -0.1241141 0.1205312 -0.4002626 -0.2180675 0.8818780
2467.625241 -0.2485709 0.0863389 -0.1313605 0.0860134 -0.3880796 -0.2383614 0.8861037
2468.025202 -0.2501444 0.0887339 -0.1328728 0.0733573 -0.3859726 -0.2453693 0.8862493
2468.225183 -0.2518331 0.0908731 -0.1354385 0.0665956 -0.3879312 -0.2484609 0.8850659
2469.775032 -0.2607673 0.1018837 -0.1438332 0.0307496 -0.3780404 -0.2674559 0.8857806
2470.839706 -0.2670032 0.1082197 -0.1536346 0.0212858 -0.3751315 -0.2720193 0.8859056
2471.754572 -0.2716582 0.1133569 -0.1594178 0.0190214 -0.3708239 -0.2734400 0.8873321
2471.955580 -0.2725776 0.1155219 -0.1610673 0.0134856 -0.3675237 -0.2765557 0.8878409
2473.205498 -0.2804272 0.1226043 -0.1719243 0.0137171 -0.3753532 -0.2753089 0.8849446
2473.305508 -0.2813844 0.1218254 -0.1732464 0.0224375 -0.3791137 -0.2709649 0.8845040
2473.454862 -0.2826057 0.1217273 -0.1746893 0.0360699 -0.3849477 -0.2641369 0.8835983
2474.501066 -0.2884394 0.1210664 -0.1860849 0.0972685 -0.4186303 -0.2319517 0.8726316
2475.145394 -0.2909223 0.1192029 -0.1928983 0.1322380 -0.4264031 -0.2137506 0.8689098
2476.624369 -0.2973662 0.1263083 -0.2036876 0.1384598 -0.4249431 -0.2095461 0.8696796
2476.924340 -0.2991530 0.1279471 -0.2061641 0.1447212 -0.4272383 -0.2063205 0.8683059
2477.024331 -0.2999901 0.1279168 -0.2072213 0.1455237 -0.4271539 -0.2058358 0.8683283
2477.524282 -0.2996013 0.1282293 -0.2075836 0.1478054 -0.4253309 -0.2040533 0.8692580
2477.724263 -0.2984835 0.1292203 -0.2085629 0.1393810 -0.4226517 -0.2083323 0.8709399
2477.824253 -0.2977188 0.1298126 -0.2092298 0.1328008 -0.4198147 -0.2120054 0.8724525
2478.974142 -0.3028989 0.1423121 -0.2118100 0.0570089 -0.3822056 -0.2542997 0.8865668
2479.174122 -0.3009056 0.1425330 -0.2111144 0.0400632 -0.3772928 -0.2618320 0.8874059
2479.824059 -0.3017148 0.1476137 -0.2119795 -0.0083916 -0.3585486 -0.2876468 0.8880494
2480.074035 -0.3024712 0.1508403 -0.2104067 -0.0249155 -0.3510780 -0.2971536 0.8875940
2480.473997 -0.3005739 0.1525864 -0.2100128 -0.0472880 -0.3389558 -0.3094144 0.8872066
2481.523895 -0.3008034 0.1524888 -0.2097761 -0.0606929 -0.3325931 -0.3160091 0.8864742
