2461.452330 0.0000000 0.0000000 0.0000000 -0.0000000 -0.0000000 -0.0000000 1.0000000
2462.601883 -0.0061249 0.0004339 0.0018180 0.0421008 -0.0201356 -0.0024116 0.9989076
2462.701517 -0.0072111 0.0014298 0.0024106 0.0417800 -0.0208802 -0.0026523 0.9989051
2462.851503 -0.0072464 0.0012656 0.0026369 0.0404576 -0.0244631 -0.0022351 0.9988793
2463.701124 -0.0191082 -0.0008203 0.0044580 0.0401610 -0.0269703 -0.0078663 0.9987982
2465.725424 -0.0209512 0.0015813 0.0001228 0.0347454 -0.0542187 -0.0043789 0.9979148
2465.925405 -0.0217729 0.0019867 -0.0010899 0.0255834 -0.0510095 -0.0052143 0.9983568
2466.075391 -0.0219287 0.0020461 -0.0013904 0.0159676 -0.0515514 -0.0056224 0.9985269
2466.375362 -0.0221832 0.0024295 -0.0021311 -0.0085542 -0.0578018 -0.0070575 0.9982665
2466.525347 -0.0226089 0.0025939 -0.0028190 -0.0226806 -0.0555198 -0.0086158 0.9981627
2469.675042 -0.0384690 0.0068190 -0.0026687 -0.1409807 -0.0549589 -0.0266011 0.9881277
2471.097089 -0.0441837 0.0073359 -0.0036033 -0.1515449 -0.0558294 -0.0275255 0.9864885
2471.298255 -0.0447473 0.0075495 -0.0038504 -0.1481096 -0.0558819 -0.0270310 0.9870209
2471.804883 -0.0464710 0.0079712 -0.0041351 -0.1585435 -0.0487534 -0.0294614 0.9857074
2472.055886 -0.0478361 0.0084427 -0.0043232 -0.1651815 -0.0464994 -0.0307186 0.9846874
2472.455927 -0.0495586 0.0086035 -0.0045925 -0.1706737 -0.0463307 -0.0314816 0.9837341
2472.755937 -0.0505192 0.0086082 -0.0048024 -0.1717166 -0.0492711 -0.0310125 0.9834247
2473.205498 -0.0529405 0.0081627 -0.0050306 -0.1613549 -0.0550992 -0.0291041 0.9849272
2473.553627 -0.0531201 0.0073524 -0.0055676 -0.1242390 -0.0622639 -0.0234852 0.9900184
2473.653795 -0.0531199 0.0073303 -0.0056835 -0.1165570 -0.0635382 -0.0222740 0.9908992
2474.053085 -0.0549347 0.0060584 -0.0058462 -0.0915801 -0.0649940 -0.0199172 0.9934748
2474.152601 -0.0553060 0.0055839 -0.0060379 -0.0842477 -0.0666382 -0.0188635 0.9940351
2476.374393 -0.0637496 0.0039141 -0.0078554 -0.0140670 -0.0727509 -0.0110892 0.9971893
2476.924340 -0.0641153 0.0040905 -0.0087644 -0.0053221 -0.0734027 -0.0085324 0.9972517
2477.024331 -0.0641533 0.0040402 -0.0088728 -0.0042846 -0.0734092 -0.0083979 0.9972574
2477.474287 -0.0645777 0.0039230 -0.0087606 -0.0001833 -0.0705003 -0.0078264 0.9974810
2477.574277 -0.0648463 0.0040129 -0.0088839 -0.0037108 -0.0702926 -0.0081322 0.9974864
2477.774258 -0.0650625 0.0040807 -0.0093515 -0.0169647 -0.0680194 -0.0092637 0.9974968
2478.174219 -0.0669450 0.0051811 -0.0094356 -0.0423954 -0.0663062 -0.0123973 0.9968212
2478.324205 -0.0670487 0.0053456 -0.0091999 -0.0541045 -0.0648871 -0.0136910 0.9963307
2479.174122 -0.0699027 0.0073529 -0.0093203 -0.1330314 -0.0480019 -0.0257290 0.9896143
2479.924050 -0.0694705 0.0093573 -0.0096374 -0.1996547 -0.0442543 -0.0351231 0.9782361
2480.074035 -0.0700233 0.0103724 -0.0098578 -0.2082516 -0.0433303 -0.0366466 0.9764276
2480.573987 -0.0698826 0.0111487 -0.0100327 -0.2419237 -0.0374564 -0.0417964 0.9686708
2480.723972 -0.0695273 0.0111371 -0.0098914 -0.2483537 -0.0378775 -0.0428527 0.9669796
2481.623885 -0.0690620 0.0110702 -0.0100569 -0.2494748 -0.0394434 -0.0424870 0.9666444
