2444.927438 0.0000000 0.0000000 0.0000000 -0.0000000 -0.0000000 -0.0000000 1.0000000
2449.726974 -0.0154563 0.0017541 0.0018093 -0.0231026 -0.0235488 -0.0016747 0.9994543
2450.226925 -0.0210047 0.0014056 0.0022091 -0.0201113 -0.0342394 -0.0059231 0.9991937
2450.326915 -0.0221916 0.0011327 0.0019879 -0.0180683 -0.0368066 -0.0090330 0.9991183
2450.976852 -0.0318975 0.0011358 0.0023172 -0.0122835 -0.0535413 -0.0249410 0.9981785
2451.226828 -0.0358383 0.0012572 0.0021456 -0.0116816 -0.0601699 -0.0302749 0.9976606
2451.426809 -0.0388536 0.0015693 0.0024949 -0.0114905 -0.0653327 -0.0327810 0.9972588
2451.826770 -0.0459793 0.0017339 0.0021324 -0.0105307 -0.0762777 -0.0402610 0.9962178
2452.676688 -0.0576126 0.0019957 -0.0001409 -0.0027119 -0.0990515 -0.0479249 0.9939239
2452.826673 -0.0637632 0.0033010 -0.0019483 -0.0037777 -0.1117197 -0.0509112 0.9924276
2453.926567 -0.0768453 0.0053856 -0.0022363 -0.0080882 -0.1374711 -0.0716268 0.9878795
2454.676494 -0.0840869 0.0062127 -0.0032471 -0.0087637 -0.1530977 -0.0844635 0.9845558
2456.676301 -0.1120216 0.0135029 -0.0090417 -0.0142374 -0.1907889 -0.1315708 0.9726695
2457.026267 -0.1193303 0.0158461 -0.0112385 -0.0166815 -0.2009088 -0.1390592 0.9695463
2457.326238 -0.1256823 0.0180149 -0.0134482 -0.0182155 -0.2106609 -0.1464992 0.9663478
2457.726199 -0.1332473 0.0205487 -0.0170747 -0.0164670 -0.2251168 -0.1594875 0.9610489
2457.826189 -0.1351345 0.0210133 -0.0184131 -0.0161611 -0.2286684 -0.1624981 0.9597104
2458.076165 -0.1437386 0.0236710 -0.0222552 -0.0149018 -0.2310338 -0.1680598 0.9582052
2458.376136 -0.1411425 0.0240896 -0.0231727 -0.0031017 -0.2454841 -0.1737570 0.9536963
2458.476126 -0.1404031 0.0234028 -0.0251087 0.0036206 -0.2551255 -0.1745358 0.9510180
2458.576117 -0.1492216 0.0253173 -0.0282432 0.0079625 -0.2588325 -0.1774435 0.9494504
2459.136493 -0.1618879 0.0276993 -0.0390434 0.0460829 -0.2873077 -0.1821201 0.9392353
2459.187575 -0.1619711 0.0273493 -0.0395600 0.0505415 -0.2899092 -0.1824407 0.9381437
2459.541946 -0.1677401 0.0272659 -0.0437648 0.0771454 -0.3053146 -0.1808759 0.9317272
2459.594331 -0.1689670 0.0281249 -0.0445650 0.0791586 -0.3070194 -0.1814795 0.9308804
2459.695586 -0.1706138 0.0286463 -0.0460555 0.0852411 -0.3126518 -0.1824019 0.9282846
2460.298471 -0.1800846 0.0304627 -0.0538462 0.1245964 -0.3358514 -0.1798601 0.9161495
2461.352873 -0.1938150 0.0363348 -0.0659530 0.1614267 -0.3662328 -0.1802799 0.8985066
2461.602137 -0.1977278 0.0383553 -0.0682139 0.1677623 -0.3752753 -0.1828861 0.8930717
2464.987724 -0.2265700 0.0570075 -0.1029157 0.2066418 -0.4234121 -0.1694455 0.8656267
2465.775420 -0.2320154 0.0656279 -0.1105826 0.1831362 -0.4201591 -0.1846225 0.8693918
2465.975400 -0.2322358 0.0663427 -0.1121915 0.1732964 -0.4152902 -0.1894686 0.8726993
2466.025395 -0.2323740 0.0664008 -0.1117614 0.1700986 -0.4147709 -0.1910149 0.8732381
2466.425357 -0.2312553 0.0664378 -0.1156784 0.1408427 -0.4153342 -0.2041634 0.8752018
2468.225183 -0.2449880 0.0893604 -0.1293815 0.0667312 -0.3912768 -0.2482523 0.8836403
2468.525153 -0.2462871 0.0918046 -0.1306536 0.0576460 -0.3893117 -0.2530065 0.8837992
2469.225086 -0.2485806 0.0959758 -0.1341574 0.0414657 -0.3867012 -0.2613703 0.8834186
2469.575052 -0.2502183 0.0984273 -0.1367088 0.0342473 -0.3851439 -0.2652523 0.8832511
2469.675042 -0.2523345 0.0992008 -0.1363428 0.0322609 -0.3838395 -0.2659943 0.8836705
2470.839706 -0.2578633 0.1064805 -0.1453304 0.0218419 -0.3794059 -0.2716789 0.8841746
2471.804883 -0.2630271 0.1120387 -0.1517965 0.0182824 -0.3737244 -0.2738761 0.8859953
2473.105646 -0.2703763 0.1201175 -0.1624473 0.0100376 -0.3767926 -0.2774211 0.8837218
2473.255651 -0.2718846 0.1201495 -0.1643450 0.0185792 -0.3815390 -0.2728006 0.8829851
2473.504185 -0.2731039 0.1192820 -0.1666022 0.0397666 -0.3916204 -0.2617477 0.8812152
2473.703475 -0.2743795 0.1189985 -0.1687658 0.0520921 -0.3975024 -0.2550654 0.8798977
2474.003090 -0.2756251 0.1177606 -0.1715674 0.0709995 -0.4051988 -0.2454530 0.8777960
2475.735893 -0.2835051 0.1188767 -0.1900621 0.1536559 -0.4380966 -0.2018682 0.8623865
2476.574374 -0.2866398 0.1232330 -0.1939916 0.1377597 -0.4287069 -0.2092431 0.8680150
2477.024331 -0.2891549 0.1245340 -0.1987214 0.1453409 -0.4314778 -0.2048733 0.8664467
2477.174316 -0.2892852 0.1244226 -0.1988487 0.1477727 -0.4319164 -0.2033393 0.8661782
2477.524282 -0.2887500 0.1248131 -0.1995116 0.1474702 -0.4296389 -0.2030582 0.8674275
2477.824253 -0.2880915 0.1267785 -0.2005809 0.1326211 -0.4241162 -0.2108817 0.8706698
2478.324205 -0.2919349 0.1313716 -0.2029606 0.1042884 -0.4140317 -0.2266104 0.8754139
2478.574180 -0.2919726 0.1340717 -0.2029612 0.0844458 -0.4061375 -0.2361597 0.8787206
2479.174122 -0.2939385 0.1398630 -0.2039249 0.0399911 -0.3809261 -0.2616826 0.8858997
2479.524088 -0.2941322 0.1433178 -0.2047876 0.0126542 -0.3712464 -0.2770110 0.8861607
2480.424001 -0.2920257 0.1489022 -0.2019914 -0.0450930 -0.3439658 -0.3080608 0.8858628
2480.673977 -0.2916088 0.1497160 -0.2012517 -0.0575930 -0.3385766 -0.3146101 0.8849121
2480.773967 -0.2908980 0.1492444 -0.2012062 -0.0593210 -0.3379765 -0.3153008 0.8847816
