2469.725037 0.0000000 0.0000000 0.0000000 -0.0000000 -0.0000000 -0.0000000 1.0000000
2471.400873 -0.0228611 0.0000279 -0.0025693 -0.0080736 -0.0005563 -0.0004636 0.9999672
2471.502878 -0.0236130 0.0002212 -0.0029272 -0.0095123 0.0021027 -0.0005392 0.9999524
2471.553643 -0.0245907 0.0000378 -0.0029357 -0.0124035 0.0047400 -0.0009531 0.9999114
2471.804883 -0.0277321 0.0011054 -0.0031302 -0.0175115 0.0056737 -0.0013437 0.9998297
2472.455927 -0.0379829 0.0024385 -0.0034123 -0.0300792 0.0078077 -0.0022832 0.9995144
2472.555779 -0.0386693 0.0020276 -0.0036109 -0.0313273 0.0076743 -0.0023295 0.9994770
2473.305508 -0.0486127 -0.0005034 -0.0060282 -0.0096202 -0.0026836 -0.0003810 0.9999501
2473.504185 -0.0509627 -0.0025386 -0.0066440 0.0106781 -0.0055781 0.0006103 0.9999273
2473.752897 -0.0533965 -0.0039558 -0.0075635 0.0286696 -0.0077807 0.0016270 0.9995574
2474.102764 -0.0565946 -0.0072031 -0.0093757 0.0562293 -0.0108118 0.0030603 0.9983547
2474.302014 -0.0605593 -0.0084435 -0.0107754 0.0705100 -0.0169337 0.0036111 0.9973608
2476.129395 -0.0812712 -0.0144268 -0.0185489 0.1340741 -0.0205817 0.0066878 0.9907350
2476.325840 -0.0820980 -0.0136457 -0.0179726 0.1290247 -0.0177108 0.0069350 0.9914590
2476.624369 -0.0858870 -0.0140202 -0.0189786 0.1288792 -0.0155864 0.0073950 0.9915103
2476.824350 -0.0866678 -0.0145717 -0.0185815 0.1342233 -0.0174670 0.0083272 0.9907622
2477.024331 -0.0882558 -0.0152364 -0.0183491 0.1369528 -0.0169536 0.0083429 0.9903973
2477.324302 -0.0908157 -0.0144078 -0.0179923 0.1416789 -0.0151676 0.0085180 0.9897598
2477.574277 -0.0926394 -0.0146153 -0.0182327 0.1377218 -0.0133406 0.0085245 0.9903444
2477.674268 -0.0917607 -0.0137826 -0.0185605 0.1328848 -0.0133505 0.0090134 0.9910006
2478.774161 -0.1102933 -0.0040884 -0.0170892 0.0466172 0.0023812 0.0043231 0.9989007
2478.824156 -0.1116411 -0.0040224 -0.0163014 0.0419240 0.0040010 0.0034884 0.9991067
2480.124030 -0.1152129 0.0105779 -0.0171714 -0.0710154 0.0122629 -0.0059436 0.9973822
2480.473997 -0.1132404 0.0104302 -0.0145343 -0.0960582 0.0159393 -0.0081048 0.9952151
2480.773967 -0.1122803 0.0095322 -0.0160916 -0.1112895 0.0166230 -0.0089367 0.9936088
2481.173929 -0.1125218 0.0107383 -0.0156510 -0.1122213 0.0175439 -0.0098531 0.9934795
