2444.927438 0.0000000 0.0000000 0.0000000 -0.0000000 -0.0000000 -0.0000000 1.0000000
2449.726974 -0.0155928 0.0013771 0.0017075 -0.0232710 -0.0235239 -0.0016174 0.9994511
2450.226925 -0.0213300 0.0010908 0.0021581 -0.0202620 -0.0341743 -0.0060144 0.9991924
2450.326915 -0.0226811 0.0009555 0.0021412 -0.0181510 -0.0366302 -0.0090237 0.9991233
2451.026848 -0.0335021 0.0007702 0.0021518 -0.0116750 -0.0541676 -0.0259717 0.9981258
2451.376814 -0.0395164 0.0010740 0.0023591 -0.0111285 -0.0635125 -0.0329793 0.9973739
2451.826770 -0.0471811 0.0013071 0.0017541 -0.0107263 -0.0758789 -0.0402693 0.9962458
2452.026751 -0.0491899 0.0011619 0.0012931 -0.0108086 -0.0821575 -0.0412959 0.9957048
2452.426712 -0.0533938 0.0014275 0.0011861 -0.0051821 -0.0896618 -0.0455034 0.9949188
2452.726683 -0.0614263 0.0026417 -0.0006466 -0.0036215 -0.1019213 -0.0484433 0.9936057
2453.026654 -0.0695685 0.0036909 -0.0030510 -0.0091176 -0.1233577 -0.0565449 0.9907081
2455.376427 -0.0985072 0.0086929 -0.0063864 -0.0078525 -0.1723694 -0.1036145 0.9795362
2455.576407 -0.1026520 0.0097948 -0.0072173 -0.0102017 -0.1761601 -0.1080060 0.9783651
2456.826286 -0.1180696 0.0145393 -0.0108124 -0.0162309 -0.1942158 -0.1339451 0.9716355
2457.576214 -0.1334812 0.0192522 -0.0162960 -0.0170001 -0.2188595 -0.1542959 0.9633298
2457.776194 -0.1382897 0.0209800 -0.0186672 -0.0167500 -0.2256248 -0.1611432 0.9606487
2457.826189 -0.1391285 0.0215072 -0.0194427 -0.0161854 -0.2272906 -0.1624009 0.9600536
2458.026170 -0.1425849 0.0217693 -0.0222665 -0.0161025 -0.2312424 -0.1659127 0.9585096
2458.126160 -0.1445280 0.0223307 -0.0224813 -0.0140900 -0.2325912 -0.1681304 0.9578283
2458.326141 -0.1472068 0.0236467 -0.0247523 -0.0085035 -0.2396194 -0.1720444 0.9554638
2458.376136 -0.1485287 0.0253902 -0.0263695 -0.0025101 -0.2424543 -0.1747437 0.9542925
2458.576117 -0.1558632 0.0266300 -0.0303572 0.0082673 -0.2561953 -0.1779646 0.9500654
2458.880493 -0.1625761 0.0268642 -0.0361300 0.0263316 -0.2718028 -0.1812526 0.9447632
2459.136493 -0.1680946 0.0279097 -0.0409049 0.0458222 -0.2850492 -0.1827005 0.9398233
2459.187575 -0.1685101 0.0283368 -0.0418021 0.0505724 -0.2874369 -0.1829242 0.9388084
2459.287288 -0.1705910 0.0287774 -0.0420431 0.0595562 -0.2923755 -0.1821007 0.9369146
2459.541946 -0.1736201 0.0284567 -0.0456647 0.0774272 -0.3030878 -0.1812416 0.9323595
2459.695586 -0.1767765 0.0297026 -0.0477504 0.0853329 -0.3104142 -0.1828570 0.9289374
2460.147715 -0.1841495 0.0313257 -0.0531943 0.1165776 -0.3298708 -0.1807216 0.9192033
2461.502147 -0.2038804 0.0393845 -0.0713861 0.1632018 -0.3686512 -0.1838911 0.8964628
2461.602137 -0.2042903 0.0401243 -0.0716087 0.1679854 -0.3726858 -0.1837583 0.8939347
2463.601312 -0.2202724 0.0491533 -0.0876250 0.1935821 -0.4013132 -0.1753467 0.8779107
2464.938993 -0.2327739 0.0585794 -0.1043059 0.2035070 -0.4187450 -0.1719132 0.8681494
2465.825415 -0.2406261 0.0678945 -0.1153627 0.1808492 -0.4159346 -0.1867830 0.8714380
2465.925405 -0.2400835 0.0686963 -0.1157931 0.1768656 -0.4137825 -0.1890042 0.8728001
2466.025395 -0.2402485 0.0687017 -0.1159047 0.1703131 -0.4118584 -0.1921035 0.8743354
2466.425357 -0.2396412 0.0684341 -0.1165136 0.1410041 -0.4129308 -0.2047112 0.8761846
2466.675333 -0.2423025 0.0758139 -0.1193876 0.1207989 -0.4011857 -0.2183168 0.8813600
2468.325173 -0.2544442 0.0932519 -0.1319073 0.0618941 -0.3869636 -0.2518448 0.8848743
2469.425066 -0.2587165 0.1005346 -0.1385324 0.0377699 -0.3836510 -0.2638949 0.8841633
2469.625047 -0.2607363 0.1024792 -0.1391856 0.0334996 -0.3814482 -0.2661417 0.8846149
2471.247509 -0.2697202 0.1115524 -0.1526867 0.0245689 -0.3791885 -0.2704185 0.8845826
2471.604231 -0.2712331 0.1140517 -0.1540270 0.0210225 -0.3716182 -0.2730181 0.8870846
2471.804883 -0.2714986 0.1144901 -0.1556685 0.0182027 -0.3707206 -0.2742653 0.8871378
2472.505783 -0.2761682 0.1204023 -0.1616749 0.0075141 -0.3649248 -0.2800215 0.8878972
2473.255651 -0.2812488 0.1232518 -0.1682043 0.0185818 -0.3782766 -0.2730223 0.8843191
2473.355662 -0.2818752 0.1227619 -0.1697097 0.0287757 -0.3826894 -0.2678185 0.8837387
2473.703475 -0.2837734 0.1220496 -0.1726793 0.0521805 -0.3942535 -0.2555386 0.8812159
2475.438708 -0.2915772 0.1212860 -0.1902358 0.1448051 -0.4338735 -0.2073959 0.8647382
2476.824350 -0.2980490 0.1275709 -0.2002979 0.1430238 -0.4285036 -0.2069754 0.8678076
2477.224311 -0.2997203 0.1288416 -0.2025054 0.1495121 -0.4289971 -0.2036676 0.8672527
2477.524282 -0.2995474 0.1288394 -0.2029364 0.1479509 -0.4262533 -0.2041500 0.8687586
2477.774258 -0.2986348 0.1304919 -0.2051542 0.1361134 -0.4214950 -0.2103298 0.8715369
2477.974239 -0.2998326 0.1327485 -0.2063652 0.1257858 -0.4181875 -0.2160653 0.8732772
2478.324205 -0.3020017 0.1354207 -0.2075987 0.1046973 -0.4104426 -0.2274760 0.8768295
2478.774161 -0.3048182 0.1410898 -0.2090530 0.0714734 -0.3916504 -0.2462779 0.8836565
2479.524088 -0.3049513 0.1478681 -0.2084236 0.0131197 -0.3677139 -0.2774914 0.8874756
2479.824059 -0.3043941 0.1492239 -0.2074947 -0.0078212 -0.3587503 -0.2884496 0.8877127
2480.024040 -0.3040299 0.1501441 -0.2072973 -0.0227464 -0.3523412 -0.2963124 0.8874330
2480.473997 -0.3016846 0.1531113 -0.2055295 -0.0471433 -0.3397546 -0.3094542 0.8868948
2481.523895 -0.3020468 0.1532617 -0.2058098 -0.0604420 -0.3330773 -0.3164507 0.8861519
