2444.927438 0.0000000 0.0000000 0.0000000 -0.0000000 -0.0000000 -0.0000000 1.0000000
2449.726974 -0.0159122 0.0018633 0.0022370 -0.0230408 -0.0234664 -0.0017652 0.9994575
2450.126935 -0.0202146 0.0019185 0.0027784 -0.0205448 -0.0317635 -0.0037595 0.9992772
2450.226925 -0.0212888 0.0016582 0.0027225 -0.0200040 -0.0343236 -0.0058804 0.9991933
2451.226828 -0.0368538 0.0012817 0.0024819 -0.0116951 -0.0599770 -0.0303881 0.9976686
2451.626790 -0.0437081 0.0013856 0.0024793 -0.0116724 -0.0710948 -0.0368443 0.9967206
2451.876765 -0.0478968 0.0016633 0.0019465 -0.0111632 -0.0775880 -0.0404097 0.9961037
2452.426712 -0.0535383 0.0017481 0.0014150 -0.0050296 -0.0898072 -0.0454897 0.9949071
2452.726683 -0.0617184 0.0023474 -0.0008380 -0.0037616 -0.1020593 -0.0483732 0.9935944
2452.976659 -0.0696440 0.0034242 -0.0031025 -0.0074975 -0.1203878 -0.0559602 0.9911201
2453.026654 -0.0700566 0.0037489 -0.0030445 -0.0090702 -0.1233993 -0.0566332 0.9906983
2455.576407 -0.1029648 0.0096856 -0.0077209 -0.0102970 -0.1762943 -0.1080362 0.9783366
2456.326335 -0.1111660 0.0117940 -0.0090598 -0.0129925 -0.1855742 -0.1216689 0.9749821
2457.526218 -0.1339309 0.0185881 -0.0170126 -0.0185897 -0.2163910 -0.1518101 0.9642526
2457.626209 -0.1360589 0.0195480 -0.0181577 -0.0165223 -0.2197793 -0.1568724 0.9627124
2457.776194 -0.1395037 0.0204796 -0.0202330 -0.0170560 -0.2254927 -0.1613816 0.9606342
2458.176155 -0.1471605 0.0216305 -0.0262884 -0.0115454 -0.2329347 -0.1712530 0.9572254
2458.326141 -0.1499810 0.0228030 -0.0279595 -0.0087257 -0.2385106 -0.1728911 0.9555864
2458.526122 -0.1567889 0.0241742 -0.0323342 0.0048438 -0.2519149 -0.1776874 0.9512847
2458.626112 -0.1591098 0.0251271 -0.0341647 0.0098852 -0.2584243 -0.1786384 0.9493195
2458.880493 -0.1651918 0.0267105 -0.0387616 0.0263178 -0.2709198 -0.1819133 0.9448902
2459.084542 -0.1699346 0.0274299 -0.0420664 0.0416311 -0.2819696 -0.1827026 0.9409462
2459.136493 -0.1706758 0.0268420 -0.0438372 0.0455865 -0.2844993 -0.1835524 0.9398354
2459.489521 -0.1757128 0.0277033 -0.0480880 0.0723531 -0.2992183 -0.1824133 0.9337874
2459.645808 -0.1794124 0.0284874 -0.0502172 0.0827263 -0.3068004 -0.1834387 0.9302582
2460.601148 -0.1932139 0.0319825 -0.0618423 0.1322472 -0.3383991 -0.1815044 0.9138123
2461.302502 -0.2038201 0.0371157 -0.0712438 0.1584425 -0.3615529 -0.1816185 0.9006610
2462.152440 -0.2179074 0.0428174 -0.0822718 0.1889261 -0.3811471 -0.1787101 0.8871846
2462.451700 -0.2180624 0.0422980 -0.0819751 0.1956799 -0.3896469 -0.1741327 0.8829284
2463.201508 -0.2246909 0.0467904 -0.0890828 0.1924433 -0.3972802 -0.1768914 0.8796837
2465.875410 -0.2461850 0.0685965 -0.1205226 0.1785732 -0.4141846 -0.1884181 0.8723883
2465.975400 -0.2458766 0.0686400 -0.1205718 0.1729634 -0.4117841 -0.1913883 0.8740069
2466.075391 -0.2452879 0.0693235 -0.1212685 0.1678302 -0.4118547 -0.1938491 0.8744320
2466.375362 -0.2417701 0.0727269 -0.1243992 0.1451830 -0.4134674 -0.2040352 0.8754063
2466.625337 -0.2407862 0.0711273 -0.1308592 0.1227383 -0.4030807 -0.2168899 0.8805794
2469.275081 -0.2628906 0.1006894 -0.1446903 0.0401777 -0.3827589 -0.2633674 0.8846011
2469.625047 -0.2660320 0.1026021 -0.1474655 0.0327445 -0.3802316 -0.2672056 0.8848463
2469.975013 -0.2673437 0.1052324 -0.1476290 0.0267474 -0.3758607 -0.2704325 0.8859343
2471.451994 -0.2759833 0.1133659 -0.1602241 0.0239891 -0.3760873 -0.2714725 0.8855990
2472.106039 -0.2811265 0.1200200 -0.1652736 0.0109585 -0.3627343 -0.2796527 0.8888747
2472.406208 -0.2806444 0.1201490 -0.1674044 0.0070554 -0.3640463 -0.2806473 0.8880640
2473.055789 -0.2853737 0.1242296 -0.1730949 0.0078138 -0.3708470 -0.2796914 0.8855418
2473.255651 -0.2872004 0.1250253 -0.1754371 0.0181557 -0.3773724 -0.2740635 0.8843923
2473.653795 -0.2897414 0.1235139 -0.1794688 0.0503955 -0.3928905 -0.2573231 0.8814092
2475.095616 -0.2960378 0.1222511 -0.1942976 0.1286106 -0.4251776 -0.2167285 0.8693170
2475.930244 -0.3015740 0.1263257 -0.2026745 0.1503799 -0.4340088 -0.2043512 0.8644437
2476.624369 -0.3038669 0.1292005 -0.2066767 0.1384004 -0.4251082 -0.2103536 0.8694134
2476.724360 -0.3041494 0.1291006 -0.2079156 0.1404122 -0.4266227 -0.2091644 0.8686357
2477.024331 -0.3045245 0.1301730 -0.2095322 0.1450757 -0.4279641 -0.2060134 0.8679621
2477.574277 -0.3058864 0.1314365 -0.2118362 0.1463052 -0.4252592 -0.2051597 0.8692864
2477.724263 -0.3054445 0.1324221 -0.2145055 0.1392170 -0.4222447 -0.2093793 0.8709124
2478.074229 -0.3058413 0.1340037 -0.2161524 0.1198815 -0.4158062 -0.2197592 0.8743224
2478.324205 -0.3078706 0.1378602 -0.2156774 0.1041424 -0.4098235 -0.2278945 0.8770764
2479.174122 -0.3114232 0.1463942 -0.2169219 0.0399772 -0.3759426 -0.2639816 0.8873459
2479.474093 -0.3116818 0.1499707 -0.2178601 0.0152457 -0.3667957 -0.2770770 0.8879510
2479.924050 -0.3097686 0.1538468 -0.2162016 -0.0168805 -0.3535259 -0.2940234 0.8878541
2480.224021 -0.3091536 0.1545776 -0.2158799 -0.0353373 -0.3456171 -0.3032885 0.8873084
2480.573987 -0.3076716 0.1551004 -0.2155709 -0.0538979 -0.3354858 -0.3128682 0.8869373
2480.873958 -0.3076673 0.1562037 -0.2157127 -0.0620268 -0.3315519 -0.3175377 0.8862256
