2444.927438 0.0000000 0.0000000 0.0000000 -0.0000000 -0.0000000 -0.0000000 1.0000000
2449.726974 -0.0154624 0.0015342 0.0016969 -0.0232122 -0.0235905 -0.0015167 0.9994510
2449.826964 -0.0158235 0.0017874 0.0021425 -0.0218634 -0.0257448 -0.0018593 0.9994277
2449.976949 -0.0177373 0.0014374 0.0016592 -0.0208546 -0.0281296 -0.0029783 0.9993823
2450.176930 -0.0207364 0.0011616 0.0019588 -0.0200370 -0.0331335 -0.0048081 0.9992385
2451.226828 -0.0374871 0.0008969 0.0018518 -0.0118671 -0.0594022 -0.0305899 0.9976948
2451.326819 -0.0372558 0.0008329 0.0018611 -0.0116577 -0.0627264 -0.0318172 0.9974554
2451.626790 -0.0432240 0.0011984 0.0020291 -0.0117412 -0.0710580 -0.0367925 0.9967242
2452.426712 -0.0525855 0.0012368 0.0009076 -0.0052776 -0.0898728 -0.0453110 0.9949080
2452.976659 -0.0684457 0.0033468 -0.0031412 -0.0075159 -0.1204655 -0.0557461 0.9911226
2453.026654 -0.0690665 0.0040586 -0.0031067 -0.0088379 -0.1233497 -0.0564648 0.9907162
2456.326335 -0.1098342 0.0115894 -0.0094210 -0.0130234 -0.1854623 -0.1216309 0.9750077
2456.676301 -0.1147015 0.0131811 -0.0105384 -0.0145141 -0.1896065 -0.1315865 0.9728945
2457.026267 -0.1220324 0.0157307 -0.0126986 -0.0168704 -0.1997299 -0.1389787 0.9697981
2457.676204 -0.1350405 0.0195231 -0.0183239 -0.0163416 -0.2213924 -0.1586749 0.9620502
2457.826189 -0.1385575 0.0208589 -0.0203941 -0.0163969 -0.2271461 -0.1626497 0.9600421
2458.226151 -0.1446550 0.0203821 -0.0261448 -0.0109173 -0.2348758 -0.1718289 0.9566551
2458.426131 -0.1496317 0.0225423 -0.0288517 -0.0002980 -0.2462029 -0.1749498 0.9532977
2458.476126 -0.1521420 0.0237604 -0.0303177 0.0036241 -0.2493958 -0.1768568 0.9521083
2458.626112 -0.1557067 0.0238845 -0.0326708 0.0093396 -0.2589151 -0.1780278 0.9493060
2458.880493 -0.1615230 0.0249513 -0.0384853 0.0256077 -0.2712422 -0.1814224 0.9449116
2458.980345 -0.1635289 0.0256365 -0.0395421 0.0328176 -0.2769873 -0.1820957 0.9428903
2459.187575 -0.1673578 0.0261301 -0.0440049 0.0497418 -0.2869748 -0.1830107 0.9389773
2459.337284 -0.1695088 0.0257796 -0.0454136 0.0611580 -0.2939160 -0.1817430 0.9363987
2459.438499 -0.1707844 0.0263466 -0.0458416 0.0679642 -0.2968490 -0.1814450 0.9350611
2459.746055 -0.1764083 0.0268017 -0.0511949 0.0877396 -0.3127255 -0.1828851 0.9279319
2460.398896 -0.1862234 0.0291581 -0.0595030 0.1260699 -0.3347262 -0.1807296 0.9161887
2462.002059 -0.2090486 0.0389780 -0.0787993 0.1838827 -0.3797671 -0.1797992 0.8886149
2462.302070 -0.2147999 0.0421993 -0.0844164 0.1927043 -0.3847468 -0.1762235 0.8853137
2463.151691 -0.2149875 0.0424310 -0.0849495 0.1919018 -0.3986225 -0.1748782 0.8795974
2465.725424 -0.2391273 0.0639830 -0.1169756 0.1833014 -0.4176930 -0.1849791 0.8704688
2465.975400 -0.2389444 0.0639354 -0.1170306 0.1719483 -0.4126701 -0.1905280 0.8739772
2466.075391 -0.2382091 0.0652606 -0.1182850 0.1670754 -0.4125560 -0.1927689 0.8744847
2466.775323 -0.2448349 0.0760812 -0.1220752 0.1160248 -0.3972869 -0.2209590 0.8831073
2467.525250 -0.2510928 0.0856065 -0.1295232 0.0894393 -0.3903922 -0.2369208 0.8851345
2467.925211 -0.2511331 0.0871972 -0.1316773 0.0772267 -0.3826391 -0.2436882 0.8878285
2468.275178 -0.2543285 0.0916843 -0.1347901 0.0643295 -0.3878435 -0.2505638 0.8846790
2469.625047 -0.2605244 0.1000550 -0.1437653 0.0323046 -0.3805683 -0.2661957 0.8850220
2470.635558 -0.2650343 0.1057016 -0.1497858 0.0212040 -0.3730189 -0.2723180 0.8867075
2471.298255 -0.2699203 0.1098142 -0.1561543 0.0247220 -0.3789648 -0.2698420 0.8848501
2471.654562 -0.2712777 0.1122230 -0.1584720 0.0208650 -0.3719147 -0.2725616 0.8871045
2471.854879 -0.2720132 0.1135673 -0.1596054 0.0152950 -0.3684065 -0.2755500 0.8877584
2472.306356 -0.2758623 0.1177272 -0.1641899 0.0076862 -0.3628086 -0.2799738 0.8887775
2473.255651 -0.2810916 0.1211556 -0.1725190 0.0176499 -0.3775615 -0.2732945 0.8845598
2474.252177 -0.2865050 0.1188603 -0.1830072 0.0839859 -0.4097004 -0.2386242 0.8764419
2475.195171 -0.2910748 0.1187271 -0.1932725 0.1345970 -0.4295212 -0.2128326 0.8672355
2475.638036 -0.2925057 0.1196814 -0.1968238 0.1526868 -0.4342362 -0.2029637 0.8642520
2476.624369 -0.2967234 0.1250084 -0.2030666 0.1379695 -0.4253667 -0.2096690 0.8695208
2476.974335 -0.2993101 0.1264559 -0.2071727 0.1442278 -0.4273789 -0.2065823 0.8682565
2477.224311 -0.2995798 0.1267484 -0.2075097 0.1486022 -0.4281677 -0.2041810 0.8676981
2477.574277 -0.2993106 0.1273154 -0.2084329 0.1458968 -0.4253250 -0.2049352 0.8693758
2478.824156 -0.3067505 0.1408515 -0.2136060 0.0672266 -0.3881637 -0.2481505 0.8850033
2479.274113 -0.3074197 0.1457028 -0.2125305 0.0318153 -0.3713720 -0.2679874 0.8883993
2479.524088 -0.3061942 0.1479434 -0.2124050 0.0127072 -0.3665213 -0.2774686 0.8879820
2479.924050 -0.3056166 0.1512410 -0.2109020 -0.0169841 -0.3534284 -0.2933775 0.8881044
2480.074035 -0.3045523 0.1506024 -0.2113049 -0.0254691 -0.3507060 -0.2976732 0.8875513
2480.324011 -0.3040264 0.1519682 -0.2107759 -0.0407441 -0.3426855 -0.3057000 0.8873861
2480.523992 -0.3028689 0.1527382 -0.2101072 -0.0512254 -0.3366198 -0.3114992 0.8871478
2481.723875 -0.3025776 0.1534995 -0.2098214 -0.0604087 -0.3350844 -0.3153434 0.8857922
