2469.725037 0.0000000 0.0000000 0.0000000 -0.0000000 -0.0000000 -0.0000000 1.0000000
2471.400873 -0.0215587 -0.0004266 -0.0033000 -0.0081790 -0.0008625 -0.0002002 0.9999662
2471.502878 -0.0219350 -0.0005215 -0.0037631 -0.0098185 0.0016466 -0.0000880 0.9999505
2471.553643 -0.0236826 -0.0002826 -0.0034226 -0.0124848 0.0045631 -0.0007504 0.9999114
2471.804883 -0.0263255 -0.0000230 -0.0040683 -0.0178822 0.0054151 -0.0010991 0.9998248
2473.205498 -0.0453146 -0.0007737 -0.0068777 -0.0207120 -0.0020476 -0.0008938 0.9997830
2473.355662 -0.0477180 -0.0027064 -0.0076288 -0.0031521 -0.0036899 0.0002603 0.9999882
2473.653795 -0.0500639 -0.0049018 -0.0088139 0.0239712 -0.0082261 0.0018574 0.9996771
2473.903416 -0.0520299 -0.0069217 -0.0100045 0.0389205 -0.0089816 0.0027260 0.9991983
2474.053085 -0.0544606 -0.0080687 -0.0109217 0.0497607 -0.0097418 0.0030605 0.9987090
2475.245739 -0.0677575 -0.0157366 -0.0181632 0.1252398 -0.0230076 0.0059312 0.9918420
2475.687479 -0.0705399 -0.0176303 -0.0202533 0.1454951 -0.0222517 0.0074606 0.9890806
2476.029050 -0.0782815 -0.0162253 -0.0213893 0.1382396 -0.0222025 0.0071729 0.9901240
2476.624369 -0.0822375 -0.0155103 -0.0205716 0.1282950 -0.0162431 0.0080705 0.9915702
2476.824350 -0.0845585 -0.0155419 -0.0214432 0.1338024 -0.0177385 0.0085730 0.9908122
2476.924340 -0.0861581 -0.0157100 -0.0212393 0.1356835 -0.0170041 0.0087657 0.9905675
2477.074326 -0.0861222 -0.0157817 -0.0209454 0.1372990 -0.0167046 0.0088751 0.9903490
2477.224311 -0.0862270 -0.0161807 -0.0200799 0.1408238 -0.0170457 0.0089210 0.9898477
2477.674268 -0.0859707 -0.0155748 -0.0215107 0.1322178 -0.0148024 0.0092267 0.9910672
2478.824156 -0.1046009 -0.0072165 -0.0192265 0.0412165 0.0021655 0.0034249 0.9991421
2479.674074 -0.1085152 -0.0026629 -0.0218015 -0.0369938 0.0071961 -0.0030456 0.9992849
2480.124030 -0.1099911 -0.0025936 -0.0223175 -0.0756086 0.0108711 -0.0062254 0.9970589
2480.274016 -0.1090237 -0.0025069 -0.0207346 -0.0868909 0.0120661 -0.0067592 0.9961218
2480.873958 -0.1106411 -0.0001476 -0.0216793 -0.1174169 0.0169655 -0.0107564 0.9928795
2481.173929 -0.1072187 0.0041192 -0.0191305 -0.1143683 0.0163847 -0.0106991 0.9932457
