2444.927438 0.0000000 0.0000000 0.0000000 -0.0000000 -0.0000000 -0.0000000 1.0000000
2449.726974 -0.0151512 0.0013998 0.0016744 -0.0232772 -0.0237239 -0.0015596 0.9994463
2449.826964 -0.0156007 0.0017716 0.0022447 -0.0218599 -0.0258117 -0.0018429 0.9994261
2449.976949 -0.0173697 0.0011832 0.0016693 -0.0209283 -0.0282683 -0.0030038 0.9993768
2451.026848 -0.0326362 0.0007768 0.0019268 -0.0116505 -0.0543591 -0.0257535 0.9981213
2451.226828 -0.0362818 0.0008318 0.0018595 -0.0118942 -0.0599281 -0.0303816 0.9976693
2451.276823 -0.0363190 0.0008289 0.0017231 -0.0120520 -0.0614418 -0.0305734 0.9975695
2451.826770 -0.0461508 0.0015801 0.0017835 -0.0105704 -0.0761691 -0.0402260 0.9962271
2452.226731 -0.0496217 0.0013620 0.0013456 -0.0081997 -0.0872636 -0.0432775 0.9952109
2452.426712 -0.0517778 0.0014976 0.0012525 -0.0051190 -0.0901857 -0.0453630 0.9948782
2452.726683 -0.0596796 0.0023091 -0.0007642 -0.0038167 -0.1024416 -0.0483311 0.9935569
2453.026654 -0.0678800 0.0037273 -0.0030966 -0.0089709 -0.1238340 -0.0565561 0.9906493
2453.926567 -0.0770679 0.0049613 -0.0025760 -0.0082748 -0.1373635 -0.0716559 0.9878908
2456.626306 -0.1116708 0.0127821 -0.0098583 -0.0142149 -0.1891307 -0.1302323 0.9731737
2457.026267 -0.1196285 0.0154553 -0.0122307 -0.0168667 -0.2006612 -0.1389780 0.9696060
2457.326238 -0.1249930 0.0170269 -0.0145384 -0.0186735 -0.2108250 -0.1459664 0.9663839
2457.576214 -0.1303778 0.0186086 -0.0165096 -0.0170405 -0.2197361 -0.1543048 0.9631281
2457.826189 -0.1353952 0.0204532 -0.0193769 -0.0163845 -0.2283305 -0.1622064 0.9598364
2458.026170 -0.1401206 0.0206221 -0.0220709 -0.0163516 -0.2317816 -0.1661533 0.9583335
2458.126160 -0.1397690 0.0202842 -0.0219189 -0.0145954 -0.2341559 -0.1679296 0.9574746
2458.176155 -0.1396068 0.0204382 -0.0227004 -0.0118922 -0.2357260 -0.1700046 0.9567603
2458.426131 -0.1474033 0.0231726 -0.0266071 0.0001583 -0.2475431 -0.1748425 0.9529704
2458.880493 -0.1585748 0.0252893 -0.0349287 0.0259177 -0.2732235 -0.1810269 0.9444081
2458.980345 -0.1600044 0.0258291 -0.0365147 0.0331362 -0.2790355 -0.1816781 0.9423557
2459.084542 -0.1621534 0.0265416 -0.0372017 0.0415833 -0.2847435 -0.1815684 0.9403323
2459.136493 -0.1631353 0.0258066 -0.0394446 0.0452995 -0.2869478 -0.1823501 0.9393388
2459.387891 -0.1665495 0.0261082 -0.0418123 0.0635366 -0.2967093 -0.1815045 0.9354051
2460.048337 -0.1778987 0.0283417 -0.0513787 0.1086042 -0.3269325 -0.1814866 0.9210770
2460.550758 -0.1837142 0.0292994 -0.0568072 0.1303324 -0.3405493 -0.1799938 0.9135874
2461.502147 -0.1977299 0.0359783 -0.0699373 0.1622967 -0.3708115 -0.1833948 0.8958376
2462.152440 -0.2059439 0.0385222 -0.0761064 0.1880633 -0.3843383 -0.1769606 0.8863415
2465.133957 -0.2300719 0.0577336 -0.1068497 0.2048244 -0.4258758 -0.1715013 0.8644444
2465.381345 -0.2320754 0.0615791 -0.1109724 0.1963180 -0.4261920 -0.1770197 0.8651495
2465.875410 -0.2318464 0.0622947 -0.1122472 0.1776767 -0.4179206 -0.1865584 0.8711885
2465.975400 -0.2316844 0.0629249 -0.1125205 0.1721313 -0.4155581 -0.1893360 0.8728311
2466.375362 -0.2359101 0.0710233 -0.1226988 0.1454345 -0.4142426 -0.2041126 0.8749800
2466.475352 -0.2369270 0.0726337 -0.1193635 0.1373337 -0.4110203 -0.2083293 0.8768128
2467.925211 -0.2452873 0.0867006 -0.1278706 0.0775683 -0.3851187 -0.2429520 0.8869279
2468.425163 -0.2489139 0.0923397 -0.1316212 0.0597397 -0.3896508 -0.2523352 0.8837027
2469.325076 -0.2523840 0.0975308 -0.1367507 0.0391358 -0.3858313 -0.2627624 0.8834922
2469.475061 -0.2536899 0.0993610 -0.1368692 0.0356737 -0.3849464 -0.2645025 0.8835055
2470.839706 -0.2607355 0.1060440 -0.1470854 0.0213501 -0.3784809 -0.2719084 0.8845124
2471.298255 -0.2639301 0.1085218 -0.1509604 0.0252210 -0.3816409 -0.2697296 0.8837194
2472.805794 -0.2712800 0.1178450 -0.1624459 0.0053871 -0.3699185 -0.2806496 0.8856450
2473.305508 -0.2749365 0.1193388 -0.1673028 0.0224835 -0.3823081 -0.2708435 0.8831640
2473.504185 -0.2763061 0.1186773 -0.1695756 0.0392249 -0.3903261 -0.2622124 0.8816755
2473.703475 -0.2770436 0.1182164 -0.1710047 0.0515671 -0.3965901 -0.2554971 0.8802149
2475.145394 -0.2839262 0.1160932 -0.1867304 0.1319128 -0.4295728 -0.2133045 0.8675064
2476.924340 -0.2905507 0.1239345 -0.2012071 0.1440457 -0.4306687 -0.2056048 0.8668922
2477.024331 -0.2906043 0.1238581 -0.2010197 0.1450233 -0.4310263 -0.2051418 0.8666611
2477.274306 -0.2907056 0.1239152 -0.2015881 0.1493567 -0.4314635 -0.2024486 0.8663408
2478.574180 -0.2963715 0.1363450 -0.2042696 0.0848319 -0.4048631 -0.2371516 0.8790043
2478.824156 -0.2979251 0.1384976 -0.2052014 0.0675564 -0.3920643 -0.2476412 0.8834000
2479.674074 -0.2975882 0.1467524 -0.2045186 0.0035805 -0.3670915 -0.2823302 0.8862961
2479.824059 -0.2980709 0.1460772 -0.2045379 -0.0082807 -0.3613487 -0.2883414 0.8866892
2479.924050 -0.2974565 0.1473759 -0.2044409 -0.0171719 -0.3571565 -0.2929187 0.8867598
2480.324011 -0.2963189 0.1496788 -0.2028933 -0.0402211 -0.3463576 -0.3053395 0.8861075
2480.473997 -0.2953714 0.1506518 -0.2030449 -0.0470815 -0.3422521 -0.3095277 0.8859116
2480.773967 -0.2950227 0.1512180 -0.2029808 -0.0589585 -0.3367543 -0.3154514 0.8852180
