2469.725037 0.0000000 0.0000000 0.0000000 -0.0000000 -0.0000000 -0.0000000 1.0000000
2471.247509 -0.0191359 0.0005773 -0.0017375 -0.0078825 -0.0018847 -0.0001815 0.9999672
2471.502878 -0.0210017 0.0006462 -0.0018324 -0.0094392 0.0014860 -0.0002400 0.9999543
2471.704715 -0.0235153 0.0011276 -0.0020643 -0.0146224 0.0043182 -0.0007819 0.9998835
2471.804883 -0.0245032 0.0014902 -0.0020611 -0.0173714 0.0049108 -0.0009327 0.9998366
2471.904874 -0.0255453 0.0019728 -0.0018659 -0.0214583 0.0053680 -0.0010474 0.9997548
2472.755937 -0.0374860 0.0027481 -0.0026829 -0.0309720 0.0039913 -0.0018994 0.9995105
2472.955937 -0.0393083 0.0021907 -0.0032631 -0.0292569 0.0018130 -0.0016760 0.9995689
2473.355662 -0.0449395 -0.0006401 -0.0043865 -0.0025257 -0.0043356 0.0002221 0.9999874
2473.852650 -0.0487016 -0.0037723 -0.0062567 0.0372385 -0.0094978 0.0023335 0.9992586
2474.352365 -0.0559525 -0.0071138 -0.0085671 0.0737276 -0.0193447 0.0037633 0.9970837
2474.897828 -0.0591100 -0.0105896 -0.0108511 0.1089220 -0.0210282 0.0052642 0.9938139
2475.783953 -0.0693552 -0.0128907 -0.0146208 0.1454622 -0.0219799 0.0071837 0.9890935
2476.129395 -0.0747690 -0.0116612 -0.0141208 0.1348261 -0.0216703 0.0068165 0.9906088
2476.424389 -0.0749857 -0.0108693 -0.0148842 0.1275113 -0.0180667 0.0073578 0.9916453
2476.824350 -0.0819670 -0.0117260 -0.0152021 0.1349984 -0.0180253 0.0080041 0.9906495
2477.074326 -0.0820032 -0.0119326 -0.0143695 0.1385339 -0.0174833 0.0082308 0.9901692
2477.424292 -0.0869304 -0.0126702 -0.0162818 0.1431057 -0.0143793 0.0082286 0.9895687
2477.624272 -0.0869712 -0.0125248 -0.0164870 0.1363802 -0.0143391 0.0082567 0.9905184
2477.774258 -0.0882621 -0.0113974 -0.0182272 0.1252470 -0.0122569 0.0084150 0.9920142
2479.774064 -0.1048408 0.0040165 -0.0161284 -0.0440424 0.0083616 -0.0043826 0.9989851
2479.824059 -0.1061285 0.0051188 -0.0169871 -0.0480543 0.0094434 -0.0049022 0.9987881
2479.924050 -0.1054359 0.0049962 -0.0156486 -0.0594641 0.0102899 -0.0052032 0.9981639
2480.124030 -0.1042853 0.0095715 -0.0154811 -0.0709418 0.0100701 -0.0062352 0.9974101
2480.723972 -0.1049872 0.0085059 -0.0137310 -0.1107308 0.0156801 -0.0102902 0.9936734
2481.673880 -0.1027561 0.0115952 -0.0154149 -0.1103509 0.0133980 -0.0099708 0.9937524
