2469.725037 0.0000000 0.0000000 0.0000000 -0.0000000 -0.0000000 -0.0000000 1.0000000
2471.247509 -0.0218393 0.0023046 -0.0009134 -0.0072879 -0.0019373 -0.0001079 0.9999716
2471.349495 -0.0224956 0.0023344 -0.0012326 -0.0068761 -0.0018565 -0.0001395 0.9999746
2472.106039 -0.0340627 0.0048838 -0.0007658 -0.0260747 0.0092377 -0.0015862 0.9996161
2472.206050 -0.0347583 0.0049060 -0.0012397 -0.0289050 0.0097028 -0.0016219 0.9995338
2472.706080 -0.0427226 0.0050704 -0.0015692 -0.0293859 0.0041149 -0.0019627 0.9995578
2472.805794 -0.0434881 0.0046703 -0.0020084 -0.0308347 0.0037993 -0.0019038 0.9995155
2473.355662 -0.0517443 0.0026102 -0.0030331 -0.0012875 -0.0042076 0.0002171 0.9999903
2473.454862 -0.0518713 0.0020993 -0.0036387 0.0080208 -0.0054169 0.0008445 0.9999529
2473.504185 -0.0530051 0.0010380 -0.0039541 0.0119617 -0.0064544 0.0008788 0.9999073
2473.903416 -0.0559816 -0.0023166 -0.0055256 0.0406532 -0.0096887 0.0026751 0.9991228
2474.947112 -0.0670904 -0.0098671 -0.0104677 0.1148531 -0.0211139 0.0055732 0.9931425
2475.979054 -0.0843282 -0.0120236 -0.0144906 0.1421147 -0.0228702 0.0067300 0.9895630
2476.474384 -0.0868448 -0.0105562 -0.0144850 0.1267042 -0.0168972 0.0073161 0.9917697
2476.624369 -0.0900353 -0.0114233 -0.0145494 0.1301344 -0.0167009 0.0075129 0.9913272
2476.824350 -0.0934097 -0.0115983 -0.0157930 0.1355794 -0.0178790 0.0079867 0.9905730
2477.024331 -0.0954285 -0.0128962 -0.0166215 0.1382105 -0.0173071 0.0080339 0.9902191
2477.424292 -0.1001888 -0.0122339 -0.0159919 0.1437478 -0.0140720 0.0081802 0.9894805
2477.524282 -0.1002848 -0.0121812 -0.0160456 0.1403877 -0.0135416 0.0086041 0.9899666
2478.324205 -0.1014961 -0.0098127 -0.0193703 0.0883264 -0.0108861 0.0085109 0.9959958
2479.774064 -0.1179008 0.0067734 -0.0158800 -0.0433796 0.0080872 -0.0036730 0.9990192
2479.824059 -0.1186894 0.0105669 -0.0172029 -0.0462051 0.0086744 -0.0039962 0.9988863
2479.924050 -0.1181529 0.0083981 -0.0130010 -0.0585791 0.0099955 -0.0048140 0.9982212
2480.124030 -0.1201310 0.0105077 -0.0177308 -0.0712728 0.0106915 -0.0064849 0.9973785
2480.324011 -0.1185776 0.0123172 -0.0171188 -0.0868046 0.0128642 -0.0072415 0.9961160
2480.374006 -0.1167214 0.0140934 -0.0148036 -0.0876148 0.0124534 -0.0076090 0.9960476
2480.723972 -0.1186437 0.0111606 -0.0141332 -0.1103722 0.0154552 -0.0096312 0.9937235
