2469.725037 0.0000000 0.0000000 0.0000000 -0.0000000 -0.0000000 -0.0000000 1.0000000
2471.247509 -0.0217450 0.0004968 -0.0022211 -0.0078338 -0.0015334 -0.0002998 0.9999681
2471.298255 -0.0214562 0.0008017 -0.0022638 -0.0063762 -0.0017624 0.0000510 0.9999781
2471.804883 -0.0280631 0.0013368 -0.0028934 -0.0174452 0.0053893 -0.0011840 0.9998326
2471.904874 -0.0294578 0.0017891 -0.0027787 -0.0214912 0.0060092 -0.0012731 0.9997502
2472.206050 -0.0349355 0.0029571 -0.0026032 -0.0295150 0.0103322 -0.0020554 0.9995089
2472.356351 -0.0380336 0.0022544 -0.0033960 -0.0305245 0.0089952 -0.0023392 0.9994908
2473.005933 -0.0453477 0.0021745 -0.0041142 -0.0269393 0.0009564 -0.0015871 0.9996354
2473.155503 -0.0477339 0.0015462 -0.0046608 -0.0234043 -0.0010427 -0.0012666 0.9997247
2473.603958 -0.0533174 -0.0029137 -0.0065599 0.0193030 -0.0077511 0.0012613 0.9997829
2474.102764 -0.0579833 -0.0066543 -0.0088248 0.0565035 -0.0112193 0.0030899 0.9983346
2474.202182 -0.0592121 -0.0073695 -0.0093011 0.0639238 -0.0134286 0.0036828 0.9978577
2474.252177 -0.0598994 -0.0064838 -0.0095210 0.0666734 -0.0153892 0.0036266 0.9976496
2476.674364 -0.0875817 -0.0140299 -0.0172406 0.1315802 -0.0171851 0.0078725 0.9911253
2476.824350 -0.0909089 -0.0138333 -0.0184390 0.1347535 -0.0176313 0.0080721 0.9906895
2477.074326 -0.0935844 -0.0116955 -0.0158418 0.1388646 -0.0162791 0.0080317 0.9901450
2477.174316 -0.0935747 -0.0118126 -0.0159936 0.1411391 -0.0165278 0.0081746 0.9898181
2477.274306 -0.0941749 -0.0117196 -0.0167034 0.1435425 -0.0161690 0.0081777 0.9894783
2477.624272 -0.0964546 -0.0111373 -0.0185828 0.1371993 -0.0139285 0.0083940 0.9904100
2478.824156 -0.1098867 -0.0167153 -0.0312558 0.0391213 0.0022069 0.0034896 0.9992260
2479.624079 -0.1170839 -0.0175259 -0.0378143 -0.0396784 0.0084780 -0.0029207 0.9991723
2479.824059 -0.1172605 -0.0176199 -0.0375279 -0.0553250 0.0104131 -0.0045386 0.9984038
2479.924050 -0.1167996 -0.0176523 -0.0368598 -0.0668638 0.0113555 -0.0047762 0.9976861
2481.423905 -0.1163903 -0.0179056 -0.0360567 -0.1236815 0.0175967 -0.0106529 0.9921088
2481.623885 -0.1157214 -0.0176725 -0.0347444 -0.1216828 0.0153167 -0.0092761 0.9924075
