2461.452330 0.0000000 0.0000000 0.0000000 -0.0000000 -0.0000000 -0.0000000 1.0000000
2462.601883 -0.0069959 0.0008656 0.0021868 0.0422775 -0.0199966 -0.0025391 0.9989026
2462.651700 -0.0072863 0.0008815 0.0021960 0.0409971 -0.0202397 -0.0025165 0.9989511
2462.701517 -0.0075965 0.0007568 0.0020836 0.0411590 -0.0211204 -0.0027146 0.9989257
2465.232505 -0.0232748 0.0012623 0.0019553 0.0556677 -0.0542245 -0.0028766 0.9969717
2465.332179 -0.0236715 0.0018346 0.0011174 0.0529673 -0.0562549 -0.0031878 0.9970054
2465.625434 -0.0240180 0.0021665 0.0005221 0.0393104 -0.0544353 -0.0042470 0.9977342
2466.225376 -0.0286656 0.0033035 -0.0000570 0.0062652 -0.0554832 -0.0068008 0.9984168
2466.525347 -0.0302145 0.0043601 0.0003438 -0.0222196 -0.0530864 -0.0104400 0.9982881
2466.925308 -0.0320431 0.0058098 0.0005363 -0.0511867 -0.0485584 -0.0149123 0.9973965
2468.275178 -0.0388503 0.0076689 -0.0001932 -0.1037897 -0.0526438 -0.0221336 0.9929584
2469.075100 -0.0413165 0.0089592 -0.0005998 -0.1277956 -0.0503663 -0.0255512 0.9901912
2469.325076 -0.0430036 0.0090627 -0.0009043 -0.1321115 -0.0548057 -0.0254063 0.9893925
2469.475061 -0.0435078 0.0093506 -0.0008440 -0.1361507 -0.0551596 -0.0258005 0.9888148
2469.625047 -0.0439689 0.0091301 -0.0011917 -0.1390369 -0.0545693 -0.0264604 0.9884285
2469.975013 -0.0451815 0.0092546 -0.0013796 -0.1469764 -0.0515901 -0.0278425 0.9874012
2470.943687 -0.0497861 0.0097514 -0.0021805 -0.1519780 -0.0546318 -0.0276993 0.9864841
2471.604231 -0.0523813 0.0098006 -0.0026655 -0.1550969 -0.0481828 -0.0291830 0.9862919
2471.854879 -0.0534401 0.0100970 -0.0028181 -0.1607125 -0.0469278 -0.0300844 0.9854259
2472.256203 -0.0558729 0.0107097 -0.0031508 -0.1710823 -0.0427054 -0.0320912 0.9838076
2472.955937 -0.0584124 0.0107889 -0.0035424 -0.1694127 -0.0504887 -0.0304266 0.9837807
2473.255651 -0.0600234 0.0103181 -0.0038506 -0.1551621 -0.0555180 -0.0278667 0.9859340
2474.749304 -0.0661098 0.0060828 -0.0049715 -0.0398289 -0.0746942 -0.0146385 0.9963033
2475.145394 -0.0665343 0.0059542 -0.0056732 -0.0188182 -0.0749117 -0.0116300 0.9969448
2475.438708 -0.0667142 0.0051411 -0.0066722 -0.0044975 -0.0792134 -0.0097017 0.9968004
2477.024331 -0.0731046 0.0050885 -0.0079331 -0.0043293 -0.0723872 -0.0086791 0.9973295
2477.274306 -0.0734295 0.0047652 -0.0081507 0.0005536 -0.0716750 -0.0084402 0.9973922
2477.524282 -0.0746765 0.0052496 -0.0080283 -0.0022950 -0.0686891 -0.0091220 0.9975938
2477.674268 -0.0747420 0.0055253 -0.0081672 -0.0087190 -0.0683428 -0.0092614 0.9975808
2478.174219 -0.0767229 0.0063842 -0.0085411 -0.0424198 -0.0651700 -0.0131505 0.9968854
2478.674171 -0.0790468 0.0080693 -0.0085614 -0.0866638 -0.0565161 -0.0194365 0.9944434
2478.824156 -0.0795343 0.0081213 -0.0080658 -0.0997937 -0.0516262 -0.0217657 0.9934295
2479.824059 -0.0807413 0.0113211 -0.0083547 -0.1887465 -0.0431169 -0.0345734 0.9804695
2480.074035 -0.0803615 0.0120430 -0.0090721 -0.2083806 -0.0420303 -0.0368616 0.9764488
2480.723972 -0.0799041 0.0133740 -0.0090049 -0.2482673 -0.0362504 -0.0438227 0.9670206
2481.073938 -0.0801820 0.0133906 -0.0092239 -0.2498469 -0.0347315 -0.0443845 0.9666438
