2469.725037 0.0000000 0.0000000 0.0000000 -0.0000000 -0.0000000 -0.0000000 1.0000000
2470.943687 -0.0135487 0.0005921 -0.0015303 -0.0110949 -0.0011448 -0.0004217 0.9999377
2471.046304 -0.0145323 0.0002566 -0.0017982 -0.0105597 -0.0016793 -0.0005953 0.9999427
2471.804883 -0.0210992 0.0006503 -0.0024635 -0.0175986 0.0052229 -0.0010378 0.9998310
2471.955580 -0.0227659 0.0012501 -0.0025401 -0.0228793 0.0057868 -0.0012397 0.9997208
2472.306356 -0.0274033 0.0015467 -0.0026962 -0.0302043 0.0087807 -0.0018112 0.9995036
2472.356351 -0.0279970 0.0011599 -0.0030852 -0.0308154 0.0084228 -0.0019798 0.9994877
2473.355662 -0.0377991 -0.0012866 -0.0051975 -0.0027538 -0.0043186 0.0003585 0.9999868
2473.454862 -0.0388995 -0.0019658 -0.0055401 0.0063858 -0.0050227 0.0006949 0.9999668
2474.102764 -0.0440275 -0.0057905 -0.0074357 0.0561940 -0.0113647 0.0034024 0.9983494
2474.202182 -0.0451497 -0.0060053 -0.0080394 0.0637831 -0.0135501 0.0039560 0.9978639
2475.930244 -0.0595227 -0.0096398 -0.0131152 0.1451780 -0.0236871 0.0076737 0.9890922
2476.029050 -0.0613775 -0.0108190 -0.0144044 0.1392272 -0.0232763 0.0073732 0.9899594
2476.724360 -0.0666537 -0.0109075 -0.0150024 0.1319303 -0.0179084 0.0081687 0.9910635
2476.924340 -0.0693841 -0.0110352 -0.0157111 0.1364964 -0.0175296 0.0084482 0.9904495
2476.974335 -0.0692493 -0.0110477 -0.0158270 0.1366821 -0.0176754 0.0081868 0.9904234
2477.074326 -0.0723349 -0.0088418 -0.0145452 0.1389562 -0.0160578 0.0080906 0.9901353
2477.574277 -0.0731750 -0.0083576 -0.0151485 0.1391665 -0.0139274 0.0086045 0.9901337
2478.674171 -0.0821400 -0.0119761 -0.0243087 0.0522928 -0.0028045 0.0042352 0.9986189
2478.774161 -0.0830491 -0.0113168 -0.0249408 0.0434797 0.0007321 0.0034571 0.9990481
2478.824156 -0.0834044 -0.0124971 -0.0244150 0.0387645 0.0021655 0.0025727 0.9992427
2479.924050 -0.0864163 -0.0098621 -0.0290182 -0.0644538 0.0100680 -0.0050384 0.9978572
2480.424001 -0.0838490 -0.0110702 -0.0263802 -0.1027189 0.0130056 -0.0070718 0.9946002
2481.823866 -0.0852840 -0.0154146 -0.0278589 -0.1217742 0.0117995 -0.0072993 0.9924608
2481.873861 -0.0840542 -0.0154849 -0.0269806 -0.1213316 0.0112934 -0.0072370 0.9925214
