2444.927438 0.0000000 0.0000000 0.0000000 -0.0000000 -0.0000000 -0.0000000 1.0000000
2449.726974 -0.0154688 0.0020843 0.0022553 -0.0229359 -0.0235796 -0.0016430 0.9994575
2449.776969 -0.0155469 0.0020748 0.0025091 -0.0222924 -0.0246306 -0.0017289 0.9994466
2450.226925 -0.0212564 0.0020592 0.0028965 -0.0198058 -0.0341589 -0.0060090 0.9992021
2450.326915 -0.0223537 0.0015568 0.0026282 -0.0178900 -0.0367609 -0.0091125 0.9991224
2450.876862 -0.0308288 0.0016631 0.0028692 -0.0127635 -0.0505296 -0.0219361 0.9984001
2451.226828 -0.0361838 0.0017565 0.0026170 -0.0114962 -0.0600057 -0.0303270 0.9976710
2451.676785 -0.0440585 0.0020458 0.0029660 -0.0116570 -0.0720132 -0.0374140 0.9966335
2451.826770 -0.0465769 0.0022477 0.0024900 -0.0102818 -0.0760012 -0.0403995 0.9962359
2452.576698 -0.0560181 0.0023697 0.0007209 -0.0033175 -0.0954967 -0.0468446 0.9943213
2452.726683 -0.0602913 0.0035054 0.0003836 -0.0032172 -0.1022856 -0.0483603 0.9935737
2452.826673 -0.0647267 0.0038028 -0.0016076 -0.0035530 -0.1110957 -0.0509475 0.9924966
2456.126354 -0.1069629 0.0122264 -0.0074683 -0.0114757 -0.1839050 -0.1180387 0.9757634
2456.826286 -0.1161292 0.0147303 -0.0100631 -0.0160961 -0.1945241 -0.1341477 0.9715481
2457.326238 -0.1268958 0.0184263 -0.0133065 -0.0181766 -0.2099651 -0.1464978 0.9665002
2457.626209 -0.1328750 0.0202086 -0.0163341 -0.0159864 -0.2201402 -0.1570907 0.9626034
2457.676204 -0.1335340 0.0205499 -0.0164555 -0.0157982 -0.2218009 -0.1588191 0.9619414
2457.826189 -0.1367230 0.0214390 -0.0186616 -0.0161200 -0.2276717 -0.1625389 0.9599411
2458.126160 -0.1412436 0.0213393 -0.0236941 -0.0141549 -0.2328323 -0.1683835 0.9577243
2458.226151 -0.1429980 0.0212072 -0.0256721 -0.0103853 -0.2352182 -0.1719542 0.9565544
2458.426131 -0.1484686 0.0234441 -0.0294264 0.0002739 -0.2460204 -0.1751383 0.9533103
2458.576117 -0.1533180 0.0248868 -0.0325071 0.0079097 -0.2557983 -0.1785705 0.9500617
2458.626112 -0.1539151 0.0253502 -0.0331010 0.0104458 -0.2590664 -0.1786583 0.9491347
2458.676502 -0.1556905 0.0256292 -0.0336867 0.0163116 -0.2630643 -0.1795221 0.9477884
2458.780107 -0.1575464 0.0253856 -0.0365102 0.0192752 -0.2676349 -0.1806660 0.9462346
2458.980345 -0.1623972 0.0272863 -0.0396183 0.0338651 -0.2768715 -0.1828219 0.9427468
2459.287288 -0.1682117 0.0275512 -0.0438191 0.0593876 -0.2921585 -0.1827509 0.9368664
2459.337284 -0.1684975 0.0275126 -0.0448629 0.0621221 -0.2939705 -0.1823186 0.9362063
2459.796524 -0.1765412 0.0294988 -0.0505184 0.0918285 -0.3149492 -0.1840089 0.9265610
2460.651143 -0.1877586 0.0321173 -0.0605352 0.1354472 -0.3404168 -0.1805185 0.9127889
2462.401704 -0.2137212 0.0428065 -0.0812105 0.1953741 -0.3879808 -0.1750522 0.8835477
2462.801508 -0.2131815 0.0434920 -0.0818966 0.1945588 -0.3942363 -0.1749116 0.8809827
2463.551494 -0.2226855 0.0454610 -0.0916036 0.1926108 -0.3991487 -0.1772455 0.8787295
2464.296009 -0.2396080 0.0566228 -0.1048875 0.1976076 -0.4033704 -0.1784106 0.8754503
2464.987724 -0.2372063 0.0611154 -0.1092771 0.2075661 -0.4192078 -0.1717543 0.8669958
2465.825415 -0.2342840 0.0655619 -0.1139763 0.1805437 -0.4173284 -0.1865064 0.8708940
2465.925405 -0.2339384 0.0665841 -0.1145704 0.1764437 -0.4149406 -0.1883671 0.8724734
2466.075391 -0.2337148 0.0668071 -0.1150801 0.1678167 -0.4138703 -0.1924503 0.8737916
2466.275371 -0.2324794 0.0680916 -0.1165015 0.1528470 -0.4181835 -0.1983548 0.8731642
2466.375362 -0.2317624 0.0696233 -0.1176382 0.1452527 -0.4152699 -0.2030384 0.8747731
2466.475352 -0.2317174 0.0694455 -0.1175262 0.1365533 -0.4116207 -0.2074220 0.8768682
2467.925211 -0.2450185 0.0860258 -0.1279590 0.0774748 -0.3841558 -0.2431639 0.8872955
2468.325173 -0.2485842 0.0910474 -0.1316264 0.0616176 -0.3878265 -0.2516434 0.8845730
2469.675042 -0.2578014 0.1008200 -0.1409681 0.0322705 -0.3806869 -0.2670656 0.8847102
2470.584930 -0.2619410 0.1061529 -0.1466115 0.0217287 -0.3733156 -0.2728092 0.8864189
2470.787973 -0.2637911 0.1075752 -0.1497152 0.0215802 -0.3746809 -0.2727879 0.8858529
2471.451994 -0.2675474 0.1110906 -0.1546970 0.0243903 -0.3767509 -0.2711098 0.8854170
2471.955580 -0.2700061 0.1150023 -0.1581647 0.0135978 -0.3682565 -0.2771606 0.8873467
2473.155503 -0.2774557 0.1219448 -0.1685026 0.0112570 -0.3742680 -0.2775589 0.8847361
2473.255651 -0.2780467 0.1218020 -0.1691715 0.0182700 -0.3782586 -0.2735558 0.8841684
2475.145394 -0.2875645 0.1188410 -0.1883435 0.1324407 -0.4276914 -0.2143189 0.8681054
2475.537454 -0.2886856 0.1187135 -0.1923782 0.1495915 -0.4346669 -0.2053562 0.8640115
2476.724360 -0.2935839 0.1252573 -0.2008254 0.1405107 -0.4277810 -0.2085967 0.8681864
2476.924340 -0.2935540 0.1265896 -0.2020158 0.1445312 -0.4288954 -0.2061418 0.8675627
2477.024331 -0.2935882 0.1262611 -0.2016590 0.1454131 -0.4292389 -0.2056905 0.8673525
2477.274306 -0.2934597 0.1258881 -0.2030174 0.1497339 -0.4297425 -0.2030281 0.8669952
2477.874248 -0.2938797 0.1290559 -0.2054551 0.1309032 -0.4203440 -0.2132942 0.8721702
2478.324205 -0.2956984 0.1320780 -0.2063664 0.1039328 -0.4116448 -0.2269084 0.8765039
2478.824156 -0.2990055 0.1385203 -0.2072673 0.0674239 -0.3903053 -0.2480372 0.8840777
2479.824059 -0.2988904 0.1461679 -0.2069122 -0.0083735 -0.3597079 -0.2885820 0.8872771
2480.074035 -0.2978185 0.1481283 -0.2060094 -0.0253075 -0.3526760 -0.2975583 0.8868136
2480.274016 -0.2965274 0.1497289 -0.2039503 -0.0363240 -0.3475006 -0.3036257 0.8864172
2480.424001 -0.2960560 0.1499900 -0.2048956 -0.0451698 -0.3417445 -0.3081326 0.8866931
2480.773967 -0.2958655 0.1509758 -0.2050140 -0.0594239 -0.3351135 -0.3152249 0.8858900
