2469.725037 0.0000000 0.0000000 0.0000000 -0.0000000 -0.0000000 -0.0000000 1.0000000
2471.247509 -0.0233591 0.0020393 -0.0023772 -0.0073175 -0.0015846 -0.0002755 0.9999719
2471.349495 -0.0235029 0.0021687 -0.0026857 -0.0068268 -0.0017350 -0.0001172 0.9999752
2471.502878 -0.0261321 0.0026896 -0.0024995 -0.0086458 0.0019782 -0.0003990 0.9999606
2472.306356 -0.0397820 0.0046927 -0.0028475 -0.0292971 0.0092795 -0.0020226 0.9995256
2472.505783 -0.0421547 0.0039429 -0.0042666 -0.0303070 0.0076480 -0.0018847 0.9995096
2472.955937 -0.0474845 0.0039319 -0.0044078 -0.0286719 0.0022928 -0.0016517 0.9995849
2473.255651 -0.0548765 0.0022624 -0.0049703 -0.0141039 -0.0018050 -0.0010004 0.9998984
2473.454862 -0.0552813 0.0013355 -0.0062899 0.0078647 -0.0046854 0.0006717 0.9999579
2473.603958 -0.0554439 0.0002415 -0.0075906 0.0206602 -0.0082956 0.0016564 0.9997508
2474.202182 -0.0641593 -0.0070058 -0.0106034 0.0642789 -0.0131687 0.0038023 0.9978379
2475.145394 -0.0732031 -0.0127950 -0.0154844 0.1232630 -0.0202092 0.0063028 0.9921482
2476.424389 -0.0905377 -0.0134372 -0.0200559 0.1273834 -0.0169640 0.0074008 0.9916809
2476.624369 -0.0934713 -0.0137908 -0.0192672 0.1294915 -0.0161851 0.0076728 0.9914188
2476.724360 -0.0942481 -0.0132565 -0.0198554 0.1325442 -0.0173547 0.0083780 0.9909897
2476.924340 -0.0994670 -0.0147791 -0.0211791 0.1366881 -0.0165508 0.0084784 0.9904396
2477.024331 -0.1004954 -0.0115778 -0.0195710 0.1386564 -0.0164397 0.0081653 0.9901705
2477.274306 -0.1003163 -0.0124089 -0.0195629 0.1436992 -0.0160118 0.0087614 0.9894531
2477.674268 -0.1018092 -0.0112411 -0.0201487 0.1340380 -0.0134439 0.0090415 0.9908438
2477.774258 -0.1038789 -0.0114704 -0.0222257 0.1259689 -0.0112324 0.0094287 0.9919258
2479.724069 -0.1235514 -0.0178086 -0.0404182 -0.0441969 0.0087672 -0.0029128 0.9989802
2479.824059 -0.1252768 -0.0179986 -0.0423032 -0.0548934 0.0103305 -0.0045266 0.9984286
2479.924050 -0.1239883 -0.0182460 -0.0409876 -0.0663388 0.0109687 -0.0041937 0.9977280
2480.074035 -0.1258701 -0.0184264 -0.0430400 -0.0773332 0.0121451 -0.0058775 0.9969140
2480.274016 -0.1227240 -0.0047974 -0.0337376 -0.0873654 0.0127579 -0.0060000 0.9960766
2480.723972 -0.1235461 -0.0009243 -0.0304241 -0.1140465 0.0164793 -0.0095286 0.9932930
2481.923856 -0.1238060 -0.0003560 -0.0326491 -0.1125183 0.0130812 -0.0092309 0.9935207
