2469.725037 0.0000000 0.0000000 0.0000000 -0.0000000 -0.0000000 -0.0000000 1.0000000
2471.247509 -0.0225233 0.0024107 -0.0011425 -0.0072092 -0.0013373 -0.0004419 0.9999731
2471.349495 -0.0207280 0.0019181 -0.0008822 -0.0070639 -0.0022515 0.0001005 0.9999725
2471.654562 -0.0248659 0.0031744 -0.0004553 -0.0124647 0.0038577 -0.0005299 0.9999148
2471.904874 -0.0234855 0.0023604 0.0000911 -0.0216482 0.0036759 0.0000910 0.9997589
2472.005891 -0.0288354 0.0039334 -0.0004894 -0.0224221 0.0053512 -0.0009423 0.9997339
2473.005933 -0.0438325 0.0054160 -0.0006031 -0.0259397 0.0003056 -0.0013957 0.9996625
2473.355662 -0.0502504 0.0031597 -0.0011444 -0.0012497 -0.0040625 0.0000034 0.9999910
2473.454862 -0.0501081 0.0027870 -0.0013566 0.0081030 -0.0053448 0.0007321 0.9999526
2473.653795 -0.0503692 0.0016993 -0.0028216 0.0263195 -0.0094692 0.0019059 0.9996069
2473.752897 -0.0504430 0.0016298 -0.0029105 0.0305980 -0.0097180 0.0022549 0.9994820
2474.402202 -0.0613517 -0.0046280 -0.0059170 0.0765201 -0.0201475 0.0037700 0.9968573
2475.145394 -0.0671057 -0.0089250 -0.0090892 0.1242370 -0.0209120 0.0058508 0.9920149
2476.474384 -0.0849351 -0.0091206 -0.0110742 0.1269343 -0.0165606 0.0066711 0.9917505
2476.624369 -0.0846083 -0.0090169 -0.0109175 0.1306486 -0.0173856 0.0074855 0.9912481
2476.724360 -0.0841931 -0.0076300 -0.0106834 0.1340560 -0.0188690 0.0080036 0.9907618
2476.824350 -0.0845777 -0.0073589 -0.0113178 0.1368413 -0.0196115 0.0084189 0.9903631
2477.024331 -0.0847164 -0.0073352 -0.0116596 0.1398430 -0.0196554 0.0086348 0.9899409
2477.224311 -0.0878538 -0.0086170 -0.0108751 0.1436419 -0.0185173 0.0088207 0.9894171
2477.574277 -0.0910467 -0.0089270 -0.0092414 0.1398282 -0.0154116 0.0082650 0.9900213
2477.624272 -0.0931249 -0.0097585 -0.0115121 0.1376092 -0.0150463 0.0080870 0.9903393
2479.624079 -0.1135073 0.0047975 -0.0114655 -0.0322846 0.0064298 -0.0033017 0.9994526
2479.824059 -0.1132451 0.0069053 -0.0130711 -0.0475207 0.0084435 -0.0043687 0.9988250
2479.924050 -0.1128860 0.0075882 -0.0132650 -0.0586722 0.0092200 -0.0053569 0.9982204
2480.124030 -0.1128860 0.0139240 -0.0105140 -0.0699042 0.0096880 -0.0069665 0.9974824
2480.723972 -0.1121255 0.0136494 -0.0097325 -0.1093369 0.0149837 -0.0100223 0.9938413
