2469.725037 0.0000000 0.0000000 0.0000000 -0.0000000 -0.0000000 -0.0000000 1.0000000
2471.247509 -0.0211068 0.0004097 -0.0021150 -0.0079593 -0.0019057 -0.0000868 0.9999665
2471.502878 -0.0229952 0.0007508 -0.0021017 -0.0094374 0.0014248 -0.0001290 0.9999545
2471.553643 -0.0243406 0.0005748 -0.0021070 -0.0123147 0.0041562 -0.0005926 0.9999154
2471.804883 -0.0272749 0.0017105 -0.0023688 -0.0173606 0.0049962 -0.0008979 0.9998364
2472.106039 -0.0321896 0.0029725 -0.0019355 -0.0267446 0.0090178 -0.0014956 0.9996005
2473.105646 -0.0462112 0.0025497 -0.0035039 -0.0252304 -0.0008019 -0.0013085 0.9996805
2473.205498 -0.0476461 0.0013965 -0.0045623 -0.0200236 -0.0024397 -0.0008356 0.9997962
2473.454862 -0.0511302 -0.0011156 -0.0051838 0.0068598 -0.0050263 0.0007371 0.9999636
2474.003090 -0.0558449 -0.0057457 -0.0076171 0.0488257 -0.0109627 0.0029752 0.9987427
2474.102764 -0.0576323 -0.0068595 -0.0080984 0.0563626 -0.0114860 0.0034901 0.9983382
2474.152601 -0.0585710 -0.0076503 -0.0092047 0.0579492 -0.0117631 0.0035528 0.9982439
2475.930244 -0.0802006 -0.0145380 -0.0161378 0.1446292 -0.0231741 0.0073203 0.9891875
2476.624369 -0.0898617 -0.0131522 -0.0165178 0.1293993 -0.0159569 0.0073592 0.9914369
2476.724360 -0.0899452 -0.0131263 -0.0160468 0.1323052 -0.0172665 0.0079286 0.9910269
2476.824350 -0.0905031 -0.0130680 -0.0167078 0.1349800 -0.0178622 0.0081528 0.9906538
2477.024331 -0.0939211 -0.0144976 -0.0168689 0.1375499 -0.0169482 0.0079461 0.9903179
2477.524282 -0.0985988 -0.0143783 -0.0172897 0.1395282 -0.0130287 0.0081422 0.9900989
2477.674268 -0.0978306 -0.0139461 -0.0168374 0.1331010 -0.0132255 0.0081074 0.9909810
2478.824156 -0.1152623 -0.0059144 -0.0136225 0.0417096 0.0030695 0.0027645 0.9991212
2479.924050 -0.1185130 0.0092919 -0.0133604 -0.0581149 0.0110307 -0.0047794 0.9982376
2480.224021 -0.1181151 0.0101013 -0.0139275 -0.0801854 0.0123211 -0.0067114 0.9966812
2480.473997 -0.1186332 0.0096126 -0.0143994 -0.0966586 0.0155866 -0.0079192 0.9951640
2480.623982 -0.1190325 0.0096117 -0.0153493 -0.1073732 0.0167434 -0.0100535 0.9940270
2480.873958 -0.1181532 0.0103697 -0.0144019 -0.1140103 0.0169185 -0.0107716 0.9932771
2481.873861 -0.1195182 0.0093175 -0.0149330 -0.1103451 0.0136436 -0.0087271 0.9937614
