2469.725037 0.0000000 0.0000000 0.0000000 -0.0000000 -0.0000000 -0.0000000 1.0000000
2471.400873 -0.0218297 0.0001508 -0.0021546 -0.0080389 -0.0008403 -0.0002859 0.9999673
2471.502878 -0.0225091 0.0004143 -0.0022380 -0.0095143 0.0018043 -0.0003126 0.9999531
2471.804883 -0.0260615 0.0017617 -0.0022260 -0.0172899 0.0052678 -0.0010387 0.9998361
2472.005891 -0.0292702 0.0018447 -0.0025291 -0.0230618 0.0062293 -0.0012813 0.9997138
2472.505783 -0.0369656 0.0022190 -0.0031269 -0.0309592 0.0075236 -0.0019779 0.9994904
2472.955937 -0.0415727 0.0024803 -0.0033467 -0.0291706 0.0021549 -0.0016641 0.9995707
2473.205498 -0.0458458 0.0008986 -0.0043155 -0.0202188 -0.0020024 -0.0009783 0.9997931
2473.653795 -0.0515114 -0.0033045 -0.0059268 0.0244384 -0.0078785 0.0013623 0.9996694
2473.802477 -0.0518503 -0.0036099 -0.0064964 0.0324318 -0.0083843 0.0017377 0.9994373
2474.053085 -0.0527809 -0.0041931 -0.0069853 0.0511294 -0.0105494 0.0031292 0.9986314
2475.832546 -0.0748664 -0.0136563 -0.0153692 0.1458184 -0.0206206 0.0071532 0.9890706
2476.029050 -0.0792029 -0.0137422 -0.0155636 0.1390581 -0.0221628 0.0067189 0.9900134
2476.325840 -0.0806663 -0.0125123 -0.0154419 0.1293185 -0.0180126 0.0070040 0.9914148
2476.724360 -0.0843940 -0.0136997 -0.0167069 0.1318788 -0.0171522 0.0079358 0.9910857
2476.824350 -0.0869622 -0.0138354 -0.0166175 0.1344801 -0.0172082 0.0079577 0.9907349
2476.974335 -0.0885115 -0.0140866 -0.0160781 0.1365380 -0.0167517 0.0078377 0.9904622
2477.224311 -0.0887273 -0.0140483 -0.0161539 0.1416338 -0.0166380 0.0082380 0.9897450
2477.624272 -0.0889458 -0.0142315 -0.0160948 0.1360902 -0.0146902 0.0087433 0.9905490
2477.774258 -0.0897299 -0.0132711 -0.0170893 0.1249319 -0.0125333 0.0089276 0.9920460
2478.824156 -0.1065425 -0.0050864 -0.0146633 0.0419808 0.0025581 0.0041903 0.9991063
2479.924050 -0.1104466 0.0065817 -0.0143914 -0.0590466 0.0104682 -0.0049565 0.9981880
2480.224021 -0.1108777 0.0097399 -0.0132410 -0.0804287 0.0125494 -0.0069329 0.9966573
2480.623982 -0.1113892 0.0124231 -0.0132425 -0.1059696 0.0166409 -0.0100693 0.9941791
2480.773967 -0.1095146 0.0108500 -0.0123936 -0.1106698 0.0163475 -0.0097571 0.9936749
2481.273919 -0.1098706 0.0129357 -0.0120569 -0.1122083 0.0171243 -0.0099471 0.9934874
2481.873861 -0.1094043 0.0140970 -0.0140840 -0.1082650 0.0126973 -0.0095151 0.9939954
