2444.927438 0.0000000 0.0000000 0.0000000 -0.0000000 -0.0000000 -0.0000000 1.0000000
2449.726974 -0.0155830 0.0019222 0.0021179 -0.0230105 -0.0236624 -0.0014948 0.9994540
2449.776969 -0.0156572 0.0017383 0.0024738 -0.0224528 -0.0247121 -0.0015108 0.9994413
2450.176930 -0.0208458 0.0018473 0.0026799 -0.0196835 -0.0332922 -0.0047369 0.9992406
2450.226925 -0.0215458 0.0017954 0.0027698 -0.0199312 -0.0341888 -0.0058674 0.9991995
2451.026848 -0.0334496 0.0009894 0.0024493 -0.0116155 -0.0543686 -0.0257313 0.9981218
2451.526799 -0.0422662 0.0013905 0.0025734 -0.0102686 -0.0672783 -0.0350532 0.9970654
2452.176736 -0.0508030 0.0016662 0.0016385 -0.0090968 -0.0858067 -0.0425295 0.9953621
2452.926664 -0.0688201 0.0031741 -0.0030352 -0.0054443 -0.1175574 -0.0548840 0.9915333
2453.726586 -0.0767851 0.0045225 -0.0027942 -0.0081797 -0.1349180 -0.0671213 0.9885469
2454.376523 -0.0838229 0.0056725 -0.0029657 -0.0086209 -0.1453927 -0.0813346 0.9859875
2455.726393 -0.1048773 0.0106866 -0.0074479 -0.0116139 -0.1790022 -0.1097147 0.9776431
2455.826383 -0.1064581 0.0106201 -0.0078178 -0.0096404 -0.1800636 -0.1124013 0.9771643
2457.326238 -0.1294931 0.0183971 -0.0140865 -0.0183353 -0.2101965 -0.1460966 0.9665076
2457.576214 -0.1341027 0.0197551 -0.0160502 -0.0167301 -0.2193406 -0.1542720 0.9632289
2457.676204 -0.1363162 0.0203896 -0.0171613 -0.0160829 -0.2218595 -0.1584850 0.9619783
2457.826189 -0.1406935 0.0217104 -0.0198036 -0.0161476 -0.2272634 -0.1627304 0.9600049
2458.176155 -0.1408980 0.0209074 -0.0235528 -0.0117558 -0.2362524 -0.1690701 0.9567978
2458.326141 -0.1461623 0.0222236 -0.0267124 -0.0087440 -0.2404596 -0.1717639 0.9553010
2458.376136 -0.1483384 0.0237146 -0.0284603 -0.0029966 -0.2426795 -0.1744462 0.9542884
2458.626112 -0.1554459 0.0245109 -0.0326291 0.0098109 -0.2602180 -0.1773770 0.9490668
2459.031960 -0.1649896 0.0256640 -0.0408159 0.0377260 -0.2804301 -0.1819583 0.9417149
2459.187575 -0.1673259 0.0265009 -0.0445494 0.0501574 -0.2881531 -0.1825337 0.9386871
2459.438499 -0.1711837 0.0264176 -0.0465394 0.0683205 -0.2978931 -0.1809179 0.9348052
2459.541946 -0.1730397 0.0256910 -0.0489482 0.0764954 -0.3036482 -0.1808415 0.9323318
2459.746055 -0.1771491 0.0278592 -0.0518921 0.0883552 -0.3135965 -0.1821697 0.9277202
2460.147715 -0.1837115 0.0292120 -0.0571250 0.1159149 -0.3302861 -0.1801649 0.9192473
2462.152440 -0.2111270 0.0403615 -0.0805062 0.1886292 -0.3829749 -0.1768773 0.8868279
2463.001488 -0.2184238 0.0459394 -0.0872680 0.1920514 -0.3956327 -0.1758525 0.8807196
2464.543555 -0.2286627 0.0540587 -0.1009886 0.1977982 -0.4131008 -0.1725309 0.8720417
2465.875410 -0.2421137 0.0677098 -0.1207464 0.1789743 -0.4148876 -0.1874856 0.8721730
2465.975400 -0.2417435 0.0681765 -0.1212492 0.1733640 -0.4124266 -0.1902535 0.8738724
2466.375362 -0.2402278 0.0698557 -0.1229652 0.1445939 -0.4142000 -0.2027127 0.8754647
2466.475352 -0.2396592 0.0706737 -0.1238302 0.1363198 -0.4105999 -0.2073142 0.8774083
2469.025105 -0.2570296 0.0968226 -0.1382429 0.0454718 -0.3812882 -0.2596253 0.8860849
2469.175091 -0.2585898 0.0984650 -0.1405070 0.0427299 -0.3834755 -0.2604528 0.8850339
2469.425066 -0.2598665 0.1004513 -0.1417035 0.0375287 -0.3844011 -0.2628152 0.8841694
2469.625047 -0.2617363 0.1015172 -0.1439629 0.0329966 -0.3818812 -0.2655091 0.8846371
2469.975013 -0.2628708 0.1035844 -0.1452810 0.0269594 -0.3773443 -0.2688025 0.8857933
2470.635558 -0.2664814 0.1078889 -0.1504898 0.0220695 -0.3740693 -0.2714959 0.8864959
2471.654562 -0.2727435 0.1136786 -0.1590662 0.0214873 -0.3730316 -0.2718394 0.8868422
2472.406208 -0.2778162 0.1200885 -0.1654399 0.0079278 -0.3646637 -0.2794294 0.8881873
2472.505783 -0.2781400 0.1202179 -0.1663842 0.0071518 -0.3651905 -0.2795574 0.8879372
2473.105646 -0.2812769 0.1231042 -0.1710591 0.0097560 -0.3738920 -0.2770400 0.8850754
2473.504185 -0.2844544 0.1226072 -0.1760436 0.0397434 -0.3883731 -0.2617786 0.8826430
2475.145394 -0.2927243 0.1203478 -0.1929275 0.1326287 -0.4276518 -0.2132684 0.8683549
2476.474384 -0.2976888 0.1261967 -0.2025762 0.1355845 -0.4253583 -0.2106227 0.8696696
2476.924340 -0.3014866 0.1288142 -0.2076439 0.1446923 -0.4283068 -0.2054825 0.8679830
2477.074326 -0.3013315 0.1289490 -0.2072457 0.1463621 -0.4283531 -0.2046410 0.8678789
2477.424292 -0.3017303 0.1288921 -0.2081264 0.1506798 -0.4277604 -0.2020141 0.8680478
2477.724263 -0.3013527 0.1302922 -0.2090581 0.1393719 -0.4236819 -0.2076202 0.8706108
2477.824253 -0.3008837 0.1306281 -0.2091107 0.1327537 -0.4208900 -0.2111366 0.8721522
2478.074229 -0.3032610 0.1339178 -0.2118329 0.1205463 -0.4167401 -0.2180646 0.8742105
2478.574180 -0.3047693 0.1386531 -0.2108203 0.0846848 -0.4030880 -0.2363192 0.8800579
2479.174122 -0.3077440 0.1444369 -0.2126853 0.0401784 -0.3772987 -0.2621859 0.8872937
2479.824059 -0.3068056 0.1493280 -0.2110644 -0.0082048 -0.3594742 -0.2875501 0.8877082
2480.024040 -0.3056313 0.1505437 -0.2114822 -0.0230090 -0.3531590 -0.2951637 0.8874840
2480.473997 -0.3038489 0.1538462 -0.2088014 -0.0473255 -0.3406057 -0.3083962 0.8869272
2481.073938 -0.3044305 0.1542892 -0.2095483 -0.0600969 -0.3334180 -0.3150996 0.8865287
2481.923856 -0.3037530 0.1534427 -0.2096971 -0.0592247 -0.3387252 -0.3134755 0.8851501
