2469.725037 0.0000000 0.0000000 0.0000000 -0.0000000 -0.0000000 -0.0000000 1.0000000
2470.891756 -0.0140817 0.0016824 -0.0004947 -0.0110212 -0.0005578 -0.0003920 0.9999391
2470.995143 -0.0158689 0.0001557 -0.0012538 -0.0109775 -0.0018260 -0.0004088 0.9999380
2471.502878 -0.0203425 0.0012450 -0.0012258 -0.0092087 0.0014942 -0.0001356 0.9999565
2472.055886 -0.0279173 0.0035197 -0.0006247 -0.0239735 0.0071643 -0.0013570 0.9996860
2472.306356 -0.0312343 0.0038716 -0.0004886 -0.0295038 0.0087116 -0.0017313 0.9995252
2472.755937 -0.0359824 0.0040759 -0.0009384 -0.0304791 0.0039539 -0.0017062 0.9995261
2472.855789 -0.0365065 0.0033877 -0.0015151 -0.0299892 0.0029048 -0.0016210 0.9995447
2473.355662 -0.0438015 0.0016849 -0.0020465 -0.0016575 -0.0040937 0.0003140 0.9999902
2473.454862 -0.0440338 0.0017524 -0.0022140 0.0079125 -0.0052921 0.0008346 0.9999543
2474.053085 -0.0492673 -0.0033413 -0.0047997 0.0512489 -0.0104956 0.0031864 0.9986257
2475.245739 -0.0625079 -0.0103670 -0.0100280 0.1268300 -0.0235459 0.0053494 0.9916306
2476.129395 -0.0715709 -0.0098963 -0.0114340 0.1352976 -0.0218221 0.0068086 0.9905413
2476.374393 -0.0728110 -0.0096224 -0.0112612 0.1291364 -0.0183556 0.0071475 0.9914312
2476.624369 -0.0767069 -0.0094128 -0.0107520 0.1301862 -0.0164777 0.0074770 0.9913244
2476.874345 -0.0794420 -0.0099428 -0.0117587 0.1364368 -0.0175967 0.0082326 0.9904583
2477.074326 -0.0798889 -0.0099584 -0.0119739 0.1390328 -0.0170119 0.0085956 0.9901044
2477.274306 -0.0813196 -0.0098326 -0.0122109 0.1437219 -0.0165296 0.0086267 0.9894425
2477.774258 -0.0871830 -0.0098172 -0.0137944 0.1258098 -0.0116135 0.0078191 0.9919556
2477.874248 -0.0875928 -0.0082492 -0.0142547 0.1203248 -0.0110648 0.0074296 0.9926451
2479.924050 -0.1028599 0.0086135 -0.0096711 -0.0578607 0.0106873 -0.0052030 0.9982539
2480.124030 -0.1030373 0.0117219 -0.0112743 -0.0700055 0.0107910 -0.0066547 0.9974660
2481.073938 -0.1013177 0.0139968 -0.0097000 -0.1101959 0.0169428 -0.0109351 0.9937053
2481.373909 -0.1033477 0.0111547 -0.0111712 -0.1124206 0.0176614 -0.0105293 0.9934480
2481.623885 -0.1034719 0.0130892 -0.0097965 -0.1099569 0.0157005 -0.0101971 0.9937600
