2469.725037 0.0000000 0.0000000 0.0000000 -0.0000000 -0.0000000 -0.0000000 1.0000000
2471.247509 -0.0214209 -0.0012184 -0.0036303 -0.0085274 -0.0016490 -0.0000682 0.9999623
2471.349495 -0.0217688 -0.0007852 -0.0038023 -0.0079524 -0.0017578 -0.0000306 0.9999669
2471.502878 -0.0234401 -0.0008918 -0.0037466 -0.0100126 0.0016650 -0.0001400 0.9999485
2471.804883 -0.0277220 -0.0007114 -0.0046033 -0.0182354 0.0052796 -0.0009310 0.9998193
2471.904874 -0.0289546 -0.0002829 -0.0043716 -0.0223385 0.0058334 -0.0010347 0.9997329
2472.805794 -0.0425722 0.0000203 -0.0064120 -0.0323437 0.0042155 -0.0019030 0.9994661
2473.355662 -0.0503113 -0.0034460 -0.0081075 -0.0034335 -0.0038862 0.0003307 0.9999865
2473.454862 -0.0513351 -0.0043259 -0.0082566 0.0057055 -0.0046907 0.0007769 0.9999725
2473.504185 -0.0519006 -0.0048235 -0.0091674 0.0099374 -0.0059544 0.0010787 0.9999323
2473.653795 -0.0533093 -0.0061238 -0.0096749 0.0235275 -0.0082157 0.0017964 0.9996879
2475.145394 -0.0689202 -0.0159386 -0.0164334 0.1218224 -0.0199903 0.0061210 0.9923317
2476.029050 -0.0824348 -0.0165285 -0.0197535 0.1383323 -0.0224237 0.0071900 0.9901059
2476.325840 -0.0845413 -0.0154378 -0.0201361 0.1285670 -0.0180769 0.0072364 0.9915097
2476.624369 -0.0891705 -0.0145455 -0.0189834 0.1287806 -0.0156792 0.0076132 0.9915200
2476.974335 -0.0898994 -0.0141124 -0.0199562 0.1366649 -0.0175710 0.0083591 0.9904262
2477.024331 -0.0909993 -0.0168672 -0.0206075 0.1365599 -0.0173036 0.0084385 0.9904448
2477.474287 -0.0945635 -0.0114190 -0.0180363 0.1426668 -0.0138298 0.0087097 0.9896358
2477.574277 -0.0950257 -0.0109601 -0.0183804 0.1390776 -0.0138060 0.0084679 0.9901491
2479.474093 -0.1157653 -0.0171089 -0.0373420 -0.0262497 0.0087243 -0.0020336 0.9996153
2479.724069 -0.1156782 -0.0169939 -0.0375711 -0.0443123 0.0085915 -0.0024374 0.9989778
2479.824059 -0.1169342 -0.0171418 -0.0387519 -0.0553070 0.0101480 -0.0043157 0.9984085
2480.473997 -0.1158412 -0.0179344 -0.0368191 -0.1066307 0.0156362 -0.0083146 0.9941410
2481.173929 -0.1169274 -0.0055346 -0.0324485 -0.1178968 0.0180242 -0.0102778 0.9928091
2481.673880 -0.1157935 -0.0074930 -0.0332631 -0.1175589 0.0150372 -0.0095168 0.9929065
