2444.927438 0.0000000 0.0000000 0.0000000 -0.0000000 -0.0000000 -0.0000000 1.0000000
2449.726974 -0.0157459 0.0017862 0.0020097 -0.0230747 -0.0235548 -0.0016636 0.9994549
2450.226925 -0.0214494 0.0013865 0.0024419 -0.0201388 -0.0342198 -0.0059909 0.9991935
2450.676882 -0.0278333 0.0014804 0.0027474 -0.0135756 -0.0467095 -0.0185309 0.9986444
2450.876862 -0.0313351 0.0012138 0.0026651 -0.0129759 -0.0506394 -0.0219482 0.9983915
2451.226828 -0.0367565 0.0015472 0.0024397 -0.0115852 -0.0601180 -0.0302819 0.9976646
2451.676785 -0.0457917 0.0021628 0.0029033 -0.0115938 -0.0717286 -0.0377572 0.9966419
2451.826770 -0.0458318 0.0021304 0.0024971 -0.0103932 -0.0769384 -0.0397914 0.9961873
2452.426712 -0.0532399 0.0027062 0.0020916 -0.0046255 -0.0901361 -0.0453706 0.9948847
2452.676688 -0.0592545 0.0024660 0.0003720 -0.0025072 -0.0989464 -0.0479685 0.9939328
2452.726683 -0.0611566 0.0028884 -0.0004001 -0.0035511 -0.1025325 -0.0482236 0.9935538
2454.776485 -0.0877776 0.0070488 -0.0030227 -0.0066490 -0.1543838 -0.0884480 0.9840215
2456.326335 -0.1118630 0.0130229 -0.0081139 -0.0125350 -0.1856222 -0.1221721 0.9749160
2456.526315 -0.1115302 0.0129346 -0.0087339 -0.0129701 -0.1874206 -0.1268565 0.9739676
2457.576214 -0.1340907 0.0196117 -0.0164452 -0.0168807 -0.2194297 -0.1546913 0.9631388
2457.776194 -0.1386460 0.0207274 -0.0191878 -0.0169518 -0.2262392 -0.1615140 0.9604383
2458.026170 -0.1429494 0.0211114 -0.0234349 -0.0161851 -0.2319049 -0.1665183 0.9582431
2458.176155 -0.1451017 0.0214088 -0.0250534 -0.0116984 -0.2345130 -0.1709861 0.9568859
2458.426131 -0.1517696 0.0233914 -0.0297885 0.0000650 -0.2466989 -0.1756236 0.9530457
2458.476126 -0.1529021 0.0238875 -0.0309974 0.0037553 -0.2505500 -0.1773662 0.9517100
2458.728235 -0.1616648 0.0263742 -0.0357810 0.0175646 -0.2654341 -0.1803672 0.9469445
2458.880493 -0.1616745 0.0245388 -0.0383929 0.0253449 -0.2729630 -0.1815173 0.9444047
2458.980345 -0.1651783 0.0261467 -0.0402980 0.0330433 -0.2779327 -0.1827981 0.9424682
2459.187575 -0.1690022 0.0270029 -0.0446740 0.0503165 -0.2879996 -0.1836085 0.9385161
2459.796524 -0.1798142 0.0277153 -0.0527473 0.0908306 -0.3157524 -0.1840772 0.9263724
2460.248475 -0.1867732 0.0303735 -0.0578906 0.1195245 -0.3327565 -0.1816528 0.9175997
2460.701533 -0.1911833 0.0312398 -0.0625784 0.1372691 -0.3431604 -0.1796183 0.9116663
2461.502147 -0.2044323 0.0381356 -0.0739428 0.1626284 -0.3697076 -0.1841362 0.8960816
2461.752795 -0.2110431 0.0406797 -0.0791412 0.1748423 -0.3782450 -0.1844024 0.8901442
2462.302070 -0.2104116 0.0379109 -0.0830531 0.1914696 -0.3880247 -0.1756374 0.8842669
2465.232505 -0.2444131 0.0632685 -0.1150088 0.2015629 -0.4229712 -0.1757133 0.8657902
2465.875410 -0.2420132 0.0668945 -0.1185277 0.1783241 -0.4160633 -0.1878403 0.8716697
2465.975400 -0.2416748 0.0671289 -0.1189658 0.1727048 -0.4136610 -0.1908193 0.8732959
2466.375362 -0.2382701 0.0717475 -0.1231933 0.1450049 -0.4151700 -0.2032371 0.8748155
2466.475352 -0.2380949 0.0714817 -0.1248688 0.1363377 -0.4110909 -0.2082300 0.8769587
2466.675333 -0.2410321 0.0744470 -0.1252934 0.1198660 -0.4023272 -0.2180864 0.8810240
2469.175091 -0.2593474 0.0995896 -0.1418219 0.0426510 -0.3833751 -0.2616104 0.8847398
2469.675042 -0.2635692 0.1025803 -0.1426828 0.0320639 -0.3817371 -0.2669197 0.8843091
2471.298255 -0.2733738 0.1128367 -0.1560591 0.0252726 -0.3803279 -0.2700346 0.8841908
2471.654562 -0.2747647 0.1149605 -0.1581121 0.0212693 -0.3732983 -0.2726909 0.8864737
2471.804883 -0.2753360 0.1160167 -0.1593778 0.0179410 -0.3712373 -0.2746973 0.8867933
2472.656085 -0.2810206 0.1227795 -0.1665068 0.0068717 -0.3673344 -0.2805164 0.8867518
2473.255651 -0.2845820 0.1247542 -0.1717575 0.0183430 -0.3791055 -0.2733001 0.8838832
2473.553627 -0.2875120 0.1229694 -0.1770353 0.0442192 -0.3912066 -0.2604358 0.8815755
2473.852650 -0.2874774 0.1230067 -0.1774404 0.0613271 -0.3985893 -0.2511615 0.8799338
2474.798430 -0.2931158 0.1221836 -0.1881951 0.1174811 -0.4247830 -0.2220637 0.8697386
2475.095616 -0.2926360 0.1226605 -0.1898995 0.1289958 -0.4270806 -0.2156721 0.8685895
2476.974335 -0.3011176 0.1296274 -0.2069024 0.1445715 -0.4294446 -0.2059555 0.8673285
2477.074326 -0.3020453 0.1292799 -0.2061141 0.1458439 -0.4292159 -0.2053694 0.8673677
2477.824253 -0.3018486 0.1326517 -0.2115775 0.1328086 -0.4209684 -0.2124057 0.8717978
2477.974239 -0.3019703 0.1333355 -0.2120670 0.1251897 -0.4190517 -0.2159292 0.8729821
2478.824156 -0.3079803 0.1431196 -0.2137329 0.0676183 -0.3899643 -0.2486336 0.8840458
2479.174122 -0.3079972 0.1444219 -0.2131090 0.0394682 -0.3780176 -0.2625518 0.8869112
2479.824059 -0.3073329 0.1514896 -0.2126077 -0.0080039 -0.3595383 -0.2883810 0.8874146
2480.074035 -0.3063845 0.1524108 -0.2127405 -0.0253279 -0.3523299 -0.2977481 0.8868868
2480.424001 -0.3042956 0.1551684 -0.2099322 -0.0450249 -0.3418178 -0.3078582 0.8867676
2480.723972 -0.3046603 0.1561601 -0.2099356 -0.0585762 -0.3355049 -0.3152801 0.8857787
2480.973948 -0.3043729 0.1560823 -0.2097091 -0.0600799 -0.3346834 -0.3158566 0.8857833
2481.523895 -0.3043656 0.1566268 -0.2104017 -0.0600331 -0.3341153 -0.3163225 0.8858346
