2444.927438 0.0000000 0.0000000 0.0000000 -0.0000000 -0.0000000 -0.0000000 1.0000000
2449.726974 -0.0154312 0.0020856 0.0023940 -0.0229988 -0.0237249 -0.0015689 0.9994528
2449.826964 -0.0156509 0.0022109 0.0027946 -0.0216898 -0.0259375 -0.0017882 0.9994267
2449.976949 -0.0180308 0.0018009 0.0022681 -0.0207021 -0.0281119 -0.0029677 0.9993860
2450.126935 -0.0201203 0.0019184 0.0025411 -0.0205701 -0.0317276 -0.0037367 0.9992779
2451.026848 -0.0335914 0.0010982 0.0023570 -0.0115362 -0.0541060 -0.0259342 0.9981317
2451.676785 -0.0443851 0.0014454 0.0023305 -0.0119737 -0.0720483 -0.0373178 0.9966308
2452.476707 -0.0543147 0.0019914 0.0012568 -0.0045453 -0.0917650 -0.0456446 0.9947236
2452.576698 -0.0568429 0.0021680 0.0007142 -0.0034467 -0.0953808 -0.0468626 0.9943312
2452.726683 -0.0616301 0.0028330 -0.0004795 -0.0035806 -0.1018664 -0.0484809 0.9936096
2452.826673 -0.0655885 0.0031368 -0.0020677 -0.0039349 -0.1110147 -0.0510674 0.9924980
2454.026557 -0.0798139 0.0051837 -0.0025284 -0.0088422 -0.1383024 -0.0744161 0.9875508
2455.576407 -0.1026532 0.0101445 -0.0070278 -0.0100945 -0.1760558 -0.1082705 0.9783558
2456.826286 -0.1176967 0.0146012 -0.0106143 -0.0162613 -0.1943199 -0.1340797 0.9715956
2457.576214 -0.1335277 0.0192159 -0.0165877 -0.0170110 -0.2186984 -0.1545933 0.9633185
2457.726199 -0.1365469 0.0203957 -0.0184986 -0.0167359 -0.2237792 -0.1594968 0.9613550
2457.826189 -0.1386407 0.0211198 -0.0198403 -0.0163680 -0.2272085 -0.1625277 0.9600486
2457.926180 -0.1407850 0.0204129 -0.0222799 -0.0165075 -0.2296777 -0.1654884 0.9589522
2458.126160 -0.1439543 0.0217814 -0.0231580 -0.0142861 -0.2325080 -0.1680817 0.9578541
2458.376136 -0.1483765 0.0242822 -0.0264847 -0.0033969 -0.2421287 -0.1745242 0.9544126
2458.426131 -0.1515140 0.0239339 -0.0286022 0.0001794 -0.2456240 -0.1750478 0.9534291
2458.676502 -0.1587643 0.0261919 -0.0332185 0.0161813 -0.2626144 -0.1795240 0.9479151
2458.780107 -0.1605110 0.0256973 -0.0357095 0.0190674 -0.2674192 -0.1803060 0.9463685
2459.031960 -0.1661440 0.0272702 -0.0393590 0.0381212 -0.2792431 -0.1828042 0.9418878
2459.136493 -0.1683046 0.0281598 -0.0414864 0.0460352 -0.2846855 -0.1829595 0.9398728
2459.187575 -0.1686042 0.0275197 -0.0422997 0.0502624 -0.2871669 -0.1831643 0.9388609
2459.796524 -0.1797528 0.0298078 -0.0498678 0.0916393 -0.3146778 -0.1838289 0.9267077
2459.846519 -0.1806097 0.0298315 -0.0510207 0.0949669 -0.3164363 -0.1838259 0.9257740
2460.048337 -0.1834672 0.0306712 -0.0525168 0.1091992 -0.3248747 -0.1821564 0.9216024
2461.302502 -0.1994195 0.0366952 -0.0675628 0.1584670 -0.3623364 -0.1809699 0.9004723
2461.502147 -0.2036549 0.0389206 -0.0708413 0.1630687 -0.3687556 -0.1840594 0.8964095
2462.552065 -0.2157899 0.0440172 -0.0806162 0.1968881 -0.3902602 -0.1737016 0.8824737
2465.725424 -0.2421526 0.0672992 -0.1153923 0.1842711 -0.4174444 -0.1854376 0.8702857
2465.925405 -0.2420194 0.0675704 -0.1157260 0.1763334 -0.4135211 -0.1893996 0.8729460
2466.025395 -0.2418696 0.0678056 -0.1159378 0.1700042 -0.4116441 -0.1924199 0.8744268
2466.325366 -0.2395993 0.0713340 -0.1193412 0.1506446 -0.4157071 -0.2012663 0.8740627
2466.425357 -0.2394803 0.0714645 -0.1194799 0.1418130 -0.4120446 -0.2051463 0.8763694
2466.625337 -0.2388152 0.0719900 -0.1218771 0.1234784 -0.4033310 -0.2163478 0.8804947
2468.325173 -0.2531912 0.0923118 -0.1329767 0.0615251 -0.3869230 -0.2518409 0.8849189
2469.075100 -0.2549145 0.0965077 -0.1357082 0.0439067 -0.3807611 -0.2611754 0.8859349
2469.225086 -0.2566535 0.0981300 -0.1371891 0.0413924 -0.3838016 -0.2620548 0.8844830
2469.425066 -0.2580200 0.0998203 -0.1393640 0.0374636 -0.3835250 -0.2640307 0.8841905
2470.686165 -0.2665533 0.1079759 -0.1475658 0.0219381 -0.3737575 -0.2723422 0.8863712
2470.995143 -0.2695443 0.1101321 -0.1516063 0.0217334 -0.3781835 -0.2720529 0.8845859
2471.298255 -0.2707062 0.1112005 -0.1533110 0.0251817 -0.3794853 -0.2698650 0.8846071
2472.306356 -0.2769875 0.1192068 -0.1611921 0.0082071 -0.3633017 -0.2802031 0.8884992
2472.905942 -0.2794609 0.1218126 -0.1657447 0.0059390 -0.3684116 -0.2803943 0.8863502
2473.155503 -0.2810312 0.1232430 -0.1680704 0.0113299 -0.3743286 -0.2772734 0.8847989
2473.953411 -0.2858364 0.1209858 -0.1757048 0.0667313 -0.3994973 -0.2484977 0.8798851
2475.095616 -0.2906820 0.1203516 -0.1874229 0.1287946 -0.4258858 -0.2158948 0.8691506
2475.438708 -0.2929916 0.1210066 -0.1915323 0.1444896 -0.4336290 -0.2079780 0.8647739
2476.624369 -0.2979968 0.1267948 -0.1996479 0.1385566 -0.4259206 -0.2097108 0.8691462
2477.424292 -0.3009325 0.1292856 -0.2041106 0.1508996 -0.4272204 -0.2032566 0.8679855
2477.524282 -0.3009322 0.1294291 -0.2042765 0.1479527 -0.4258809 -0.2044888 0.8688611
2477.924243 -0.2987391 0.1308774 -0.2072798 0.1287450 -0.4187089 -0.2143733 0.8730130
2478.324205 -0.3024886 0.1344372 -0.2084531 0.1041767 -0.4101804 -0.2278394 0.8769199
2479.174122 -0.3053546 0.1426848 -0.2101516 0.0397847 -0.3764558 -0.2633520 0.8873240
2479.824059 -0.3046536 0.1482699 -0.2101046 -0.0083691 -0.3579757 -0.2891217 0.8878018
2480.124030 -0.3029814 0.1497878 -0.2089800 -0.0284895 -0.3502340 -0.2990697 0.8871763
2480.374006 -0.3024879 0.1511804 -0.2070232 -0.0421143 -0.3428993 -0.3062730 0.8870419
2480.873958 -0.3009242 0.1534999 -0.2066195 -0.0615354 -0.3327473 -0.3167775 0.8860839
2481.723875 -0.3004807 0.1528350 -0.2064436 -0.0603113 -0.3362669 -0.3153502 0.8853482
