2444.927438 0.0000000 0.0000000 0.0000000 -0.0000000 -0.0000000 -0.0000000 1.0000000
2449.476998 -0.0134775 0.0018014 0.0019493 -0.0248213 -0.0184288 -0.0008511 0.9995217
2449.526993 -0.0131889 0.0013536 0.0018310 -0.0236364 -0.0200122 -0.0012925 0.9995195
2450.226925 -0.0213494 0.0013526 0.0023343 -0.0201198 -0.0342648 -0.0062635 0.9991906
2450.876862 -0.0310535 0.0006562 0.0020807 -0.0131394 -0.0507166 -0.0220503 0.9983832
2451.276823 -0.0371842 0.0010093 0.0023329 -0.0118988 -0.0613570 -0.0308234 0.9975689
2451.576794 -0.0427376 0.0013046 0.0024088 -0.0109135 -0.0693028 -0.0359533 0.9968879
2452.176736 -0.0503258 0.0018189 0.0018536 -0.0089711 -0.0859665 -0.0426397 0.9953448
2452.676688 -0.0595762 0.0021616 -0.0000826 -0.0026823 -0.0986018 -0.0482870 0.9939511
2452.726683 -0.0613266 0.0026348 -0.0001918 -0.0036982 -0.1022602 -0.0482627 0.9935793
2452.826673 -0.0656810 0.0030982 -0.0026640 -0.0039132 -0.1110636 -0.0509755 0.9924974
2454.076552 -0.0801000 0.0053100 -0.0025635 -0.0088935 -0.1397306 -0.0756966 0.9872519
2455.726393 -0.1048275 0.0105502 -0.0074637 -0.0117364 -0.1788063 -0.1101755 0.9776257
2456.176349 -0.1093615 0.0116835 -0.0087242 -0.0119711 -0.1845851 -0.1190041 0.9755117
2456.826286 -0.1175770 0.0146494 -0.0105244 -0.0161953 -0.1949250 -0.1340134 0.9714847
2457.026267 -0.1225940 0.0159534 -0.0122254 -0.0167893 -0.2002092 -0.1391026 0.9696829
2457.776194 -0.1380150 0.0210635 -0.0187784 -0.0167008 -0.2262821 -0.1614575 0.9604421
2457.826189 -0.1387638 0.0215506 -0.0195023 -0.0161858 -0.2278210 -0.1625913 0.9598957
2458.076165 -0.1421135 0.0207855 -0.0238970 -0.0164821 -0.2322388 -0.1662446 0.9582047
2458.376136 -0.1474598 0.0248304 -0.0280309 -0.0031233 -0.2427202 -0.1738638 0.9543839
2458.526122 -0.1517427 0.0232999 -0.0315782 0.0045551 -0.2537639 -0.1768821 0.9509447
2458.676502 -0.1564548 0.0243353 -0.0348064 0.0156132 -0.2639515 -0.1792512 0.9476048
2458.780107 -0.1591428 0.0248402 -0.0367547 0.0189509 -0.2684582 -0.1802702 0.9460834
2459.136493 -0.1662716 0.0267277 -0.0418499 0.0456524 -0.2862721 -0.1826981 0.9394603
2459.438499 -0.1707527 0.0271709 -0.0455602 0.0685009 -0.2980726 -0.1815474 0.9346128
2459.594331 -0.1730821 0.0273508 -0.0478463 0.0788194 -0.3059500 -0.1820060 0.9311584
2460.298471 -0.1859091 0.0301316 -0.0575364 0.1242078 -0.3343834 -0.1804850 0.9166163
2460.550758 -0.1881052 0.0312874 -0.0602283 0.1311113 -0.3393444 -0.1807321 0.9137785
2460.701533 -0.1890980 0.0312467 -0.0596877 0.1374916 -0.3436421 -0.1789955 0.9115738
2461.352873 -0.2001022 0.0361525 -0.0711689 0.1612030 -0.3644777 -0.1812196 0.8990713
2463.551494 -0.2209412 0.0481419 -0.0911919 0.1934863 -0.4010098 -0.1757534 0.8779891
2463.850932 -0.2205464 0.0479323 -0.0913082 0.1939177 -0.4066303 -0.1754595 0.8753638
2464.889946 -0.2379178 0.0603587 -0.1101910 0.2030345 -0.4171308 -0.1734698 0.8687273
2465.133957 -0.2374044 0.0612475 -0.1112728 0.2056864 -0.4242578 -0.1724011 0.8648562
2465.875410 -0.2351669 0.0636389 -0.1140630 0.1776489 -0.4178467 -0.1863878 0.8712661
2465.925405 -0.2346315 0.0643960 -0.1144260 0.1754813 -0.4166871 -0.1875886 0.8720027
2466.375362 -0.2306294 0.0688429 -0.1195680 0.1444107 -0.4170254 -0.2017346 0.8743789
2466.525347 -0.2417426 0.0744396 -0.1210754 0.1339356 -0.4094906 -0.2100139 0.8776519
2468.625144 -0.2556487 0.0956357 -0.1360620 0.0550710 -0.3859921 -0.2552424 0.8847760
2469.125095 -0.2571435 0.0978709 -0.1378443 0.0427788 -0.3822576 -0.2618049 0.8851595
2469.475061 -0.2583489 0.1009794 -0.1399662 0.0355344 -0.3844671 -0.2647694 0.8836399
2469.625047 -0.2592427 0.1011747 -0.1424256 0.0330420 -0.3826331 -0.2663101 0.8840696
2470.075398 -0.2618394 0.1041558 -0.1454710 0.0259386 -0.3784218 -0.2704633 0.8848580
2470.280080 -0.2616667 0.1041173 -0.1468846 0.0219615 -0.3789873 -0.2714100 0.8844337
2470.891756 -0.2656740 0.1079424 -0.1523648 0.0212793 -0.3786286 -0.2722935 0.8843325
2471.955580 -0.2710046 0.1146630 -0.1597848 0.0133520 -0.3698821 -0.2769663 0.8867348
2472.406208 -0.2748848 0.1184081 -0.1642240 0.0074910 -0.3654082 -0.2806925 0.8874866
2473.255651 -0.2795333 0.1217692 -0.1713663 0.0180707 -0.3797244 -0.2734398 0.8835800
2473.653795 -0.2816787 0.1201140 -0.1757002 0.0502967 -0.3952259 -0.2566661 0.8805619
2475.687479 -0.2908185 0.1199023 -0.1956724 0.1524211 -0.4364608 -0.2030766 0.8631510
2475.930244 -0.2922896 0.1215182 -0.1991458 0.1499836 -0.4364742 -0.2038243 0.8633950
2476.824350 -0.2969119 0.1264069 -0.2046889 0.1424964 -0.4299451 -0.2072241 0.8671218
2477.074326 -0.2964456 0.1271910 -0.2052968 0.1455890 -0.4300371 -0.2046880 0.8671648
2477.524282 -0.2972616 0.1280478 -0.2069350 0.1474945 -0.4279075 -0.2038833 0.8680854
2477.874248 -0.2991810 0.1319783 -0.2087526 0.1309949 -0.4209758 -0.2131757 0.8718807
2478.024234 -0.3010520 0.1341265 -0.2077120 0.1226486 -0.4187021 -0.2175436 0.8731098
2478.574180 -0.3027758 0.1398582 -0.2080709 0.0852922 -0.4040549 -0.2377056 0.8791820
2478.824156 -0.3042305 0.1411815 -0.2107701 0.0676237 -0.3911400 -0.2483513 0.8836052
2480.124030 -0.3027248 0.1513383 -0.2087116 -0.0281002 -0.3524593 -0.2988210 0.8863909
2480.224021 -0.3023548 0.1524770 -0.2086764 -0.0350113 -0.3484055 -0.3025797 0.8864724
2481.273919 -0.3007649 0.1530468 -0.2083169 -0.0614197 -0.3342532 -0.3166305 0.8855775
2481.573890 -0.3012352 0.1535045 -0.2079089 -0.0607013 -0.3358976 -0.3159878 0.8852344
2481.823866 -0.3012512 0.1530260 -0.2074001 -0.0601527 -0.3389256 -0.3148815 0.8845115
