2469.725037 0.0000000 0.0000000 0.0000000 -0.0000000 -0.0000000 -0.0000000 1.0000000
2470.995143 -0.0099590 0.0005590 -0.0009384 -0.0106414 -0.0017028 -0.0003914 0.9999419
2471.097089 -0.0107144 0.0003831 -0.0011394 -0.0095240 -0.0017206 -0.0002527 0.9999532
2471.704715 -0.0143466 0.0009542 -0.0013157 -0.0143870 0.0044908 -0.0007515 0.9998862
2471.955580 -0.0164697 0.0013077 -0.0012924 -0.0226686 0.0059493 -0.0012903 0.9997245
2472.356351 -0.0201098 0.0016219 -0.0013828 -0.0302835 0.0083707 -0.0019573 0.9995044
2472.805794 -0.0228276 0.0017901 -0.0017473 -0.0312125 0.0037707 -0.0019023 0.9995039
2473.155503 -0.0256908 0.0014733 -0.0020614 -0.0229957 -0.0014022 -0.0011371 0.9997339
2473.454862 -0.0274975 -0.0001893 -0.0026267 0.0070623 -0.0053841 0.0008320 0.9999602
2474.053085 -0.0304186 -0.0027936 -0.0043551 0.0509842 -0.0107359 0.0030565 0.9986371
2474.252177 -0.0322299 -0.0037060 -0.0047343 0.0664824 -0.0157995 0.0036316 0.9976559
2476.424389 -0.0448508 -0.0063595 -0.0091057 0.1277117 -0.0182702 0.0075053 0.9916146
2476.524379 -0.0452991 -0.0065796 -0.0093581 0.1258886 -0.0164551 0.0077941 0.9918773
2476.674364 -0.0475218 -0.0075885 -0.0099358 0.1317491 -0.0176477 0.0077709 0.9910955
2476.824350 -0.0489354 -0.0072937 -0.0100855 0.1349787 -0.0183347 0.0081436 0.9906454
2476.924340 -0.0499917 -0.0072111 -0.0100588 0.1369033 -0.0176010 0.0080869 0.9903950
2477.424292 -0.0507172 -0.0071952 -0.0100801 0.1435581 -0.0154094 0.0088166 0.9894826
2477.524282 -0.0514510 -0.0073154 -0.0097622 0.1400227 -0.0144183 0.0087959 0.9900042
2477.624272 -0.0518335 -0.0074791 -0.0090970 0.1365807 -0.0146762 0.0086374 0.9904826
2477.774258 -0.0539304 -0.0077986 -0.0112795 0.1247016 -0.0119351 0.0080331 0.9920900
2478.674171 -0.0583505 -0.0028425 -0.0092102 0.0550638 -0.0037776 0.0051603 0.9984624
2479.374103 -0.0627411 -0.0012001 -0.0094438 -0.0118129 0.0077492 -0.0007420 0.9999000
2479.924050 -0.0617018 0.0040747 -0.0073001 -0.0593492 0.0090644 -0.0045397 0.9981858
2480.224021 -0.0616994 0.0046166 -0.0071111 -0.0810278 0.0107745 -0.0066952 0.9966311
2480.324011 -0.0612326 0.0043310 -0.0068329 -0.0882434 0.0116665 -0.0070493 0.9960057
2480.723972 -0.0618541 0.0050875 -0.0062314 -0.1108642 0.0148419 -0.0098598 0.9936758
