2469.725037 0.0000000 0.0000000 0.0000000 -0.0000000 -0.0000000 -0.0000000 1.0000000
2470.943687 -0.0150394 0.0011896 -0.0009234 -0.0109314 -0.0011382 -0.0003166 0.9999396
2471.502878 -0.0203538 0.0013729 -0.0011745 -0.0091182 0.0017514 -0.0001913 0.9999569
2471.804883 -0.0237960 0.0019895 -0.0011972 -0.0172261 0.0052716 -0.0008046 0.9998375
2471.854879 -0.0249450 0.0022389 -0.0012214 -0.0199136 0.0063206 -0.0010333 0.9997812
2472.356351 -0.0322472 0.0034917 -0.0010828 -0.0299485 0.0087520 -0.0020584 0.9995110
2472.805794 -0.0363663 0.0035710 -0.0018159 -0.0309616 0.0041137 -0.0019709 0.9995102
2472.955937 -0.0385223 0.0035656 -0.0018752 -0.0286573 0.0025207 -0.0018026 0.9995845
2473.155503 -0.0409598 0.0029617 -0.0020691 -0.0228017 -0.0009996 -0.0011665 0.9997388
2473.255651 -0.0423621 0.0019757 -0.0025081 -0.0141086 -0.0025710 -0.0005068 0.9998971
2473.454862 -0.0436658 0.0006918 -0.0030189 0.0074315 -0.0050321 0.0007872 0.9999594
2474.202182 -0.0512767 -0.0048539 -0.0056546 0.0644243 -0.0133150 0.0035751 0.9978274
2475.638036 -0.0649855 -0.0101959 -0.0108167 0.1483197 -0.0223820 0.0066056 0.9886641
2476.424389 -0.0752159 -0.0094014 -0.0109726 0.1277379 -0.0164265 0.0067113 0.9916492
2476.624369 -0.0752931 -0.0094495 -0.0111748 0.1301188 -0.0162696 0.0073685 0.9913375
2476.824350 -0.0758671 -0.0079553 -0.0124404 0.1361341 -0.0183926 0.0081948 0.9904858
2477.224311 -0.0813328 -0.0101562 -0.0123712 0.1425627 -0.0165072 0.0078246 0.9896172
2477.424292 -0.0816316 -0.0099169 -0.0125067 0.1437694 -0.0144718 0.0081834 0.9894716
2477.574277 -0.0815909 -0.0098794 -0.0125471 0.1390679 -0.0143234 0.0082754 0.9901447
2477.624272 -0.0815431 -0.0100000 -0.0125033 0.1370622 -0.0144785 0.0081755 0.9904229
2477.974239 -0.0846060 -0.0127189 -0.0159459 0.1121827 -0.0118881 0.0070448 0.9935915
2479.174122 -0.0948411 0.0026562 -0.0105257 0.0099563 0.0056274 0.0017702 0.9999331
2479.524088 -0.0969407 0.0029071 -0.0104933 -0.0231636 0.0061267 -0.0020255 0.9997109
2480.074035 -0.0983233 0.0076022 -0.0096220 -0.0682693 0.0100498 -0.0056812 0.9976001
2480.473997 -0.0977504 0.0122053 -0.0094723 -0.0950834 0.0142818 -0.0088742 0.9953273
2480.773967 -0.0969544 0.0113155 -0.0096766 -0.1100183 0.0151542 -0.0093645 0.9937699
2481.873861 -0.0984576 0.0120547 -0.0098489 -0.1086210 0.0123395 -0.0093243 0.9939629
