2461.502147 0.0000000 0.0000000 0.0000000 -0.0000000 -0.0000000 -0.0000000 1.0000000
2462.901498 -0.0132131 -0.0020823 0.0002586 0.0375506 -0.0222039 -0.0023681 0.9990453
2463.001488 -0.0140300 -0.0020883 -0.0002366 0.0357918 -0.0227258 -0.0025867 0.9990975
2463.151691 -0.0140120 -0.0023414 0.0000885 0.0380993 -0.0254964 -0.0018484 0.9989470
2464.395328 -0.0319147 0.0005074 0.0016213 0.0459269 -0.0347100 -0.0039268 0.9983339
2464.889946 -0.0337061 -0.0008587 -0.0021473 0.0538381 -0.0444821 -0.0020765 0.9975563
2465.975400 -0.0359750 -0.0012171 -0.0060437 0.0185334 -0.0491521 -0.0050561 0.9986066
2466.025395 -0.0360663 -0.0010650 -0.0063116 0.0149250 -0.0490196 -0.0052395 0.9986725
2466.125386 -0.0359489 -0.0010494 -0.0062889 0.0095381 -0.0525104 -0.0051836 0.9985614
2466.275371 -0.0361096 -0.0013880 -0.0069796 -0.0023713 -0.0576631 -0.0049442 0.9983211
2469.725037 -0.0697231 0.0094906 -0.0097382 -0.1445035 -0.0524912 -0.0263295 0.9877602
2470.787973 -0.0773977 0.0100658 -0.0117614 -0.1562047 -0.0501477 -0.0278406 0.9860579
2471.349495 -0.0817257 0.0099089 -0.0123444 -0.1519402 -0.0536622 -0.0267576 0.9865691
2471.502878 -0.0826508 0.0097614 -0.0126506 -0.1538388 -0.0501991 -0.0275168 0.9864362
2472.005891 -0.0860544 0.0106288 -0.0133942 -0.1669807 -0.0457131 -0.0297223 0.9844513
2472.455927 -0.0902613 0.0110768 -0.0142641 -0.1738424 -0.0443864 -0.0311945 0.9832780
2472.805794 -0.0923232 0.0110228 -0.0148891 -0.1752173 -0.0474955 -0.0306104 0.9829070
2473.155503 -0.0949816 0.0105911 -0.0152003 -0.1674924 -0.0528582 -0.0287682 0.9840350
2473.504185 -0.0971513 0.0084160 -0.0157823 -0.1340071 -0.0584242 -0.0241301 0.9889624
2474.053085 -0.1001005 0.0056081 -0.0169489 -0.0950076 -0.0630898 -0.0194622 0.9932847
2474.102764 -0.1002173 0.0060326 -0.0167026 -0.0888579 -0.0643597 -0.0185044 0.9937906
2475.095616 -0.1058435 0.0021400 -0.0194862 -0.0274226 -0.0732963 -0.0117935 0.9968634
2475.930244 -0.1118700 0.0004263 -0.0215870 -0.0013189 -0.0772720 -0.0081803 0.9969757
2476.674364 -0.1158313 0.0012296 -0.0225405 -0.0139849 -0.0712418 -0.0090920 0.9973196
2476.774355 -0.1167984 0.0013487 -0.0225968 -0.0119913 -0.0724472 -0.0088266 0.9972611
2476.974335 -0.1176989 0.0014251 -0.0228436 -0.0086253 -0.0715931 -0.0082981 0.9973621
2477.074326 -0.1184566 0.0011179 -0.0228995 -0.0073515 -0.0705959 -0.0082208 0.9974440
2477.524282 -0.1191921 0.0014362 -0.0232065 -0.0057546 -0.0680812 -0.0079460 0.9976315
2477.624272 -0.1217920 0.0028897 -0.0213684 -0.0086142 -0.0675322 -0.0089755 0.9976395
2478.124224 -0.1234693 0.0029948 -0.0244928 -0.0432382 -0.0638533 -0.0122854 0.9969465
2478.374200 -0.1238806 0.0030663 -0.0252027 -0.0612423 -0.0627145 -0.0143777 0.9960470
2478.574180 -0.1244800 0.0030534 -0.0262995 -0.0815233 -0.0599274 -0.0158686 0.9947416
2479.174122 -0.1275015 0.0082345 -0.0245651 -0.1360243 -0.0466628 -0.0252080 0.9892849
2479.924050 -0.1294134 0.0120091 -0.0247643 -0.2026497 -0.0417486 -0.0354629 0.9777180
2480.124030 -0.1296184 0.0129813 -0.0246463 -0.2151405 -0.0412827 -0.0373123 0.9749964
2481.073938 -0.1289752 0.0142065 -0.0263780 -0.2532946 -0.0344193 -0.0443198 0.9657603
2481.673880 -0.1276339 0.0140433 -0.0267081 -0.2524447 -0.0377981 -0.0425898 0.9659343
