2444.927438 0.0000000 0.0000000 0.0000000 -0.0000000 -0.0000000 -0.0000000 1.0000000
2449.476998 -0.0131089 0.0018494 0.0018179 -0.0247621 -0.0186502 -0.0007120 0.9995191
2449.626983 -0.0146930 0.0018279 0.0020587 -0.0232968 -0.0221761 -0.0013863 0.9994816
2449.776969 -0.0158483 0.0016255 0.0020791 -0.0223645 -0.0245991 -0.0017513 0.9994457
2450.326915 -0.0232974 0.0015156 0.0022186 -0.0177937 -0.0364272 -0.0092912 0.9991347
2450.676882 -0.0283787 0.0012217 0.0022390 -0.0135965 -0.0463478 -0.0185698 0.9986602
2451.376814 -0.0397360 0.0015897 0.0022399 -0.0108222 -0.0635471 -0.0329714 0.9973753
2451.576794 -0.0432999 0.0015836 0.0023841 -0.0107219 -0.0690148 -0.0360211 0.9969075
2451.926760 -0.0479650 0.0017030 0.0020603 -0.0106357 -0.0798025 -0.0410206 0.9959095
2452.426712 -0.0536071 0.0013792 0.0010143 -0.0051273 -0.0898324 -0.0455830 0.9949000
2452.526702 -0.0555390 0.0019332 0.0004338 -0.0039537 -0.0948801 -0.0464319 0.9943974
2452.826673 -0.0657581 0.0027402 -0.0030857 -0.0039687 -0.1111450 -0.0510048 0.9924866
2452.926664 -0.0686287 0.0034442 -0.0031440 -0.0051855 -0.1175567 -0.0550695 0.9915245
2454.476514 -0.0843430 0.0064243 -0.0031986 -0.0099341 -0.1492500 -0.0809821 0.9854277
2456.176349 -0.1096161 0.0120239 -0.0086746 -0.0117953 -0.1844878 -0.1188940 0.9755457
2456.526315 -0.1130869 0.0128391 -0.0092521 -0.0129577 -0.1864183 -0.1273135 0.9741004
2457.176252 -0.1266800 0.0172600 -0.0136166 -0.0168386 -0.2040448 -0.1452533 0.9679792
2457.576214 -0.1346936 0.0198485 -0.0167385 -0.0166802 -0.2187507 -0.1547972 0.9632797
2457.926180 -0.1432628 0.0221672 -0.0221382 -0.0157642 -0.2291431 -0.1661298 0.9589816
2457.976175 -0.1432708 0.0221030 -0.0218105 -0.0162145 -0.2299863 -0.1663408 0.9587357
2458.176155 -0.1432762 0.0222175 -0.0232814 -0.0115245 -0.2348135 -0.1697278 0.9570383
2458.476126 -0.1536321 0.0245099 -0.0300646 0.0037563 -0.2497304 -0.1767183 0.9520458
2458.626112 -0.1566863 0.0251665 -0.0318156 0.0097328 -0.2594511 -0.1778219 0.9491943
2459.187575 -0.1685603 0.0273469 -0.0420092 0.0500029 -0.2878215 -0.1825019 0.9388033
2459.337284 -0.1715648 0.0275098 -0.0436282 0.0618348 -0.2943282 -0.1815942 0.9362537
2459.947655 -0.1826452 0.0301738 -0.0522229 0.1032158 -0.3216374 -0.1826110 0.9233359
2459.997887 -0.1831419 0.0297362 -0.0527992 0.1051950 -0.3233221 -0.1825401 0.9225378
2460.298471 -0.1875621 0.0308554 -0.0562243 0.1243046 -0.3336815 -0.1802945 0.9168964
2461.302502 -0.1998739 0.0357569 -0.0701789 0.1579290 -0.3622662 -0.1805080 0.9006878
2461.752795 -0.2085618 0.0403317 -0.0758320 0.1747907 -0.3783598 -0.1833149 0.8903301
2461.952242 -0.2092451 0.0397820 -0.0777764 0.1816406 -0.3792567 -0.1811373 0.8890221
2465.332179 -0.2385585 0.0630417 -0.1134988 0.1985531 -0.4248254 -0.1763858 0.8654411
2465.429799 -0.2382517 0.0637967 -0.1147613 0.1935782 -0.4239865 -0.1789720 0.8664479
2465.875410 -0.2381629 0.0649155 -0.1171782 0.1778891 -0.4162420 -0.1869998 0.8718539
2465.975400 -0.2378142 0.0649631 -0.1162739 0.1723420 -0.4140072 -0.1898660 0.8734112
2466.375362 -0.2439855 0.0740042 -0.1248143 0.1457969 -0.4126297 -0.2046399 0.8755584
2466.525347 -0.2453011 0.0738412 -0.1256487 0.1337714 -0.4078064 -0.2109574 0.8782347
2467.325270 -0.2518035 0.0851387 -0.1304520 0.0958681 -0.3946275 -0.2334888 0.8834938
2467.925211 -0.2527194 0.0893780 -0.1335842 0.0778290 -0.3831127 -0.2435837 0.8876003
2468.275178 -0.2557634 0.0931698 -0.1357882 0.0646716 -0.3887163 -0.2506515 0.8842461
2469.675042 -0.2616672 0.1009451 -0.1440484 0.0316138 -0.3809990 -0.2667719 0.8846881
2470.280080 -0.2649033 0.1052035 -0.1493325 0.0219542 -0.3773186 -0.2715798 0.8850950
2470.891756 -0.2681368 0.1084392 -0.1541091 0.0209662 -0.3775028 -0.2721566 0.8848632
2471.553643 -0.2714861 0.1121032 -0.1585046 0.0216371 -0.3732720 -0.2721675 0.8866367
2472.055886 -0.2746633 0.1165846 -0.1625422 0.0119807 -0.3670415 -0.2774703 0.8877766
2473.504185 -0.2839932 0.1217382 -0.1762456 0.0390976 -0.3883303 -0.2626205 0.8824407
2474.053085 -0.2861517 0.1202247 -0.1813713 0.0721573 -0.4022814 -0.2454916 0.8790318
2475.145394 -0.2911966 0.1198960 -0.1919184 0.1321585 -0.4282291 -0.2136548 0.8680470
2475.930244 -0.2949719 0.1224896 -0.2007973 0.1497988 -0.4353629 -0.2037891 0.8639963
2476.724360 -0.2985756 0.1272595 -0.2056703 0.1403921 -0.4278371 -0.2080764 0.8683028
2476.824350 -0.2993002 0.1272098 -0.2064126 0.1424095 -0.4288183 -0.2072315 0.8676921
2477.024331 -0.2989542 0.1282022 -0.2076196 0.1450948 -0.4291411 -0.2054106 0.8675206
2477.624272 -0.3007493 0.1299613 -0.2096180 0.1447466 -0.4262102 -0.2056645 0.8689622
2478.474190 -0.3063934 0.1382278 -0.2139950 0.0935261 -0.4062809 -0.2333736 0.8784791
2479.174122 -0.3093027 0.1462685 -0.2148216 0.0404311 -0.3764064 -0.2642244 0.8870564
2479.524088 -0.3077213 0.1481921 -0.2153722 0.0125852 -0.3677791 -0.2782812 0.8872090
2480.124030 -0.3056735 0.1519588 -0.2130073 -0.0283365 -0.3510142 -0.2990390 0.8868832
2480.424001 -0.3048891 0.1537966 -0.2127591 -0.0453832 -0.3405790 -0.3089309 0.8868529
2480.873958 -0.3030633 0.1555808 -0.2108800 -0.0613388 -0.3336228 -0.3171639 0.8856300
2481.823866 -0.3040953 0.1544206 -0.2127478 -0.0601170 -0.3371750 -0.3154939 0.8849647
