2461.502147 0.0000000 0.0000000 0.0000000 -0.0000000 -0.0000000 -0.0000000 1.0000000
2462.901498 -0.0156386 -0.0018142 0.0005480 0.0377677 -0.0216931 -0.0025079 0.9990479
2463.001488 -0.0156455 -0.0017586 0.0000875 0.0360108 -0.0226002 -0.0023586 0.9990931
2463.551494 -0.0158283 -0.0018388 0.0003317 0.0391555 -0.0290260 -0.0006933 0.9988112
2464.741146 -0.0330768 -0.0018936 -0.0023660 0.0481555 -0.0424594 -0.0009781 0.9979365
2465.525819 -0.0463720 -0.0003798 -0.0048807 0.0414578 -0.0516646 -0.0047715 0.9977922
2465.925405 -0.0478280 -0.0008702 -0.0065582 0.0225173 -0.0465874 -0.0063770 0.9986401
2465.975400 -0.0475035 -0.0011723 -0.0061703 0.0184637 -0.0461248 -0.0066827 0.9987427
2466.025395 -0.0476670 -0.0011250 -0.0062892 0.0148576 -0.0460639 -0.0068863 0.9988043
2466.225376 -0.0479211 -0.0006497 -0.0074150 0.0030622 -0.0533370 -0.0064372 0.9985511
2466.325366 -0.0477779 -0.0009264 -0.0070131 -0.0054369 -0.0548471 -0.0070386 0.9984552
2466.375362 -0.0477734 -0.0009801 -0.0067144 -0.0118145 -0.0534281 -0.0079695 0.9984700
2469.725037 -0.0800819 0.0120308 -0.0107774 -0.1436511 -0.0507722 -0.0260715 0.9879812
2471.298255 -0.0934354 0.0114591 -0.0136862 -0.1507389 -0.0518758 -0.0265094 0.9868556
2471.400873 -0.0938494 0.0115136 -0.0138832 -0.1519345 -0.0513189 -0.0267507 0.9866949
2471.704715 -0.0959805 0.0118723 -0.0144779 -0.1584396 -0.0456941 -0.0284990 0.9858990
2472.206050 -0.1011338 0.0132305 -0.0151359 -0.1728016 -0.0396744 -0.0312091 0.9836623
2472.356351 -0.1027937 0.0132552 -0.0157654 -0.1735629 -0.0410814 -0.0312635 0.9834688
2472.555779 -0.1037958 0.0130180 -0.0159802 -0.1744752 -0.0425674 -0.0309803 0.9832531
2473.355662 -0.1103996 0.0104306 -0.0175581 -0.1469191 -0.0540834 -0.0257668 0.9873327
2473.504185 -0.1116138 0.0094501 -0.0177675 -0.1338849 -0.0561826 -0.0240806 0.9891099
2474.053085 -0.1147169 0.0067118 -0.0188161 -0.0947670 -0.0609294 -0.0194238 0.9934433
2474.152601 -0.1156670 0.0062306 -0.0190288 -0.0872171 -0.0625034 -0.0184938 0.9940546
2475.095616 -0.1217782 0.0026365 -0.0215680 -0.0273029 -0.0707755 -0.0119165 0.9970474
2475.537454 -0.1247847 0.0008960 -0.0224031 -0.0021138 -0.0746300 -0.0090224 0.9971682
2476.624369 -0.1326280 0.0016234 -0.0245349 -0.0163248 -0.0678906 -0.0097479 0.9975116
2476.824350 -0.1345101 0.0015538 -0.0253864 -0.0109054 -0.0693443 -0.0090340 0.9974923
2477.024331 -0.1363027 0.0015112 -0.0250153 -0.0079671 -0.0684366 -0.0088495 0.9975844
2477.124321 -0.1363035 0.0013441 -0.0250151 -0.0057911 -0.0679871 -0.0086364 0.9976320
2477.574277 -0.1372540 0.0016441 -0.0256334 -0.0071358 -0.0655970 -0.0085661 0.9977840
2478.324205 -0.1437104 0.0047245 -0.0256476 -0.0574116 -0.0596221 -0.0146591 0.9964609
2478.574180 -0.1455818 0.0040535 -0.0273147 -0.0815282 -0.0561324 -0.0169835 0.9949442
2478.874151 -0.1479160 0.0034115 -0.0289001 -0.1091411 -0.0461729 -0.0224164 0.9927003
2479.174122 -0.1479465 0.0034762 -0.0278682 -0.1383073 -0.0432659 -0.0260927 0.9890998
2479.824059 -0.1497911 0.0104840 -0.0294443 -0.1930532 -0.0397033 -0.0342673 0.9797856
2480.024040 -0.1487098 0.0130214 -0.0289702 -0.2095453 -0.0384956 -0.0367194 0.9763507
2480.224021 -0.1490050 0.0132276 -0.0295226 -0.2241684 -0.0366708 -0.0389310 0.9730818
2481.823866 -0.1482901 0.0138921 -0.0297318 -0.2528909 -0.0355806 -0.0427133 0.9658964
