2461.502147 0.0000000 0.0000000 0.0000000 -0.0000000 -0.0000000 -0.0000000 1.0000000
2462.901498 -0.0150973 -0.0016684 0.0012387 0.0376856 -0.0217410 -0.0024466 0.9990501
2463.001488 -0.0158105 -0.0015554 0.0005470 0.0359861 -0.0223137 -0.0025248 0.9991000
2463.151691 -0.0165405 -0.0015644 0.0007381 0.0384118 -0.0247992 -0.0021358 0.9989520
2464.642301 -0.0323712 -0.0020833 -0.0018654 0.0474139 -0.0404093 -0.0011203 0.9980570
2465.925405 -0.0468882 -0.0008508 -0.0054495 0.0223238 -0.0461188 -0.0063243 0.9986665
2465.975400 -0.0470984 -0.0008775 -0.0057105 0.0184097 -0.0455377 -0.0070917 0.9987678
2466.275371 -0.0484831 0.0004331 -0.0088785 -0.0018334 -0.0538028 -0.0065590 0.9985284
2466.425357 -0.0490408 0.0010327 -0.0101018 -0.0154350 -0.0518305 -0.0083177 0.9985020
2466.625337 -0.0508745 0.0014497 -0.0099497 -0.0377888 -0.0473278 -0.0120538 0.9980916
2469.925018 -0.0799575 0.0114310 -0.0098291 -0.1491373 -0.0474851 -0.0270047 0.9873064
2470.839706 -0.0878074 0.0120946 -0.0110499 -0.1554488 -0.0490272 -0.0273327 0.9862479
2471.451994 -0.0923609 0.0117139 -0.0120278 -0.1524602 -0.0488211 -0.0271326 0.9867301
2471.704715 -0.0940306 0.0122786 -0.0123690 -0.1582092 -0.0450450 -0.0282547 0.9859729
2472.505783 -0.1014182 0.0134526 -0.0134766 -0.1740450 -0.0417270 -0.0307544 0.9833724
2473.055789 -0.1055531 0.0129926 -0.0145634 -0.1709608 -0.0481861 -0.0292998 0.9836625
2473.255651 -0.1074531 0.0125782 -0.0146084 -0.1583314 -0.0516721 -0.0269858 0.9856637
2473.355662 -0.1079481 0.0116388 -0.0148929 -0.1463646 -0.0534411 -0.0256063 0.9874542
2473.454862 -0.1085575 0.0110308 -0.0148031 -0.1375652 -0.0544304 -0.0244288 0.9886943
2474.152601 -0.1132199 0.0076122 -0.0161789 -0.0867260 -0.0617099 -0.0184576 0.9941478
2474.997107 -0.1180475 0.0040980 -0.0177410 -0.0306014 -0.0708284 -0.0121758 0.9969447
2475.195171 -0.1202255 0.0033916 -0.0183987 -0.0189047 -0.0733267 -0.0108799 0.9970694
2476.424389 -0.1277343 0.0035260 -0.0206075 -0.0181616 -0.0681365 -0.0102039 0.9974585
2476.824350 -0.1316670 0.0034823 -0.0214912 -0.0103880 -0.0684309 -0.0091383 0.9975600
2477.024331 -0.1320370 0.0033892 -0.0213868 -0.0074036 -0.0681384 -0.0084620 0.9976125
2477.274306 -0.1325121 0.0033407 -0.0216171 -0.0022729 -0.0673747 -0.0080030 0.9976931
2477.574277 -0.1343253 0.0040762 -0.0209290 -0.0066029 -0.0647920 -0.0087021 0.9978390
2477.774258 -0.1347364 0.0036363 -0.0231627 -0.0201170 -0.0624938 -0.0100149 0.9977924
2478.074229 -0.1377879 0.0050922 -0.0238659 -0.0379504 -0.0611324 -0.0119510 0.9973364
2478.774161 -0.1429006 0.0099584 -0.0233737 -0.0975819 -0.0487381 -0.0201167 0.9938298
2478.874151 -0.1434416 0.0099426 -0.0234292 -0.1068037 -0.0457139 -0.0220162 0.9929847
2479.074132 -0.1434518 0.0102232 -0.0236323 -0.1259684 -0.0424806 -0.0248973 0.9908116
2479.174122 -0.1428935 0.0105782 -0.0241956 -0.1356561 -0.0428644 -0.0252229 0.9895069
2480.024040 -0.1448114 0.0159638 -0.0243251 -0.2084768 -0.0377820 -0.0358740 0.9766387
2480.424001 -0.1461394 0.0146120 -0.0245884 -0.2372586 -0.0323773 -0.0408860 0.9700456
2480.923953 -0.1459976 0.0169996 -0.0252244 -0.2542368 -0.0304109 -0.0430526 0.9657046
