2462.051877 0.0000000 0.0000000 0.0000000 -0.0000000 -0.0000000 -0.0000000 1.0000000
2463.501499 -0.0125215 -0.0013009 -0.0002773 0.0120659 -0.0178197 0.0013607 0.9997675
2463.701124 -0.0125889 -0.0010911 -0.0007774 0.0145745 -0.0222394 0.0019408 0.9996446
2464.444750 -0.0179874 -0.0010177 -0.0018847 0.0198975 -0.0298551 0.0037477 0.9993492
2465.525819 -0.0362763 -0.0007641 -0.0052780 0.0158782 -0.0431956 -0.0004076 0.9989403
2465.975400 -0.0366798 -0.0003885 -0.0063990 -0.0066825 -0.0380035 -0.0022631 0.9992527
2466.025395 -0.0367814 -0.0004053 -0.0066193 -0.0104641 -0.0380666 -0.0019264 0.9992186
2466.075391 -0.0368299 -0.0004469 -0.0066594 -0.0124829 -0.0393173 -0.0016915 0.9991474
2466.275371 -0.0374471 0.0002327 -0.0083452 -0.0272423 -0.0465829 -0.0014961 0.9985418
2466.375362 -0.0376803 0.0004989 -0.0088495 -0.0367389 -0.0453229 -0.0029261 0.9982923
2469.725037 -0.0658486 0.0094123 -0.0108568 -0.1697218 -0.0444168 -0.0201372 0.9842846
2470.787973 -0.0739743 0.0095513 -0.0126153 -0.1816552 -0.0419935 -0.0217359 0.9822248
2471.298255 -0.0780183 0.0093372 -0.0130139 -0.1764314 -0.0456204 -0.0204939 0.9830416
2471.854879 -0.0816362 0.0099621 -0.0139987 -0.1895770 -0.0377521 -0.0232798 0.9808636
2472.356351 -0.0863422 0.0108668 -0.0147790 -0.1992424 -0.0352520 -0.0251549 0.9789929
2472.805794 -0.0893304 0.0105804 -0.0155216 -0.2004256 -0.0395181 -0.0245247 0.9786044
2473.105646 -0.0913403 0.0101686 -0.0157071 -0.1947230 -0.0442561 -0.0227963 0.9795942
2473.155503 -0.0920957 0.0101663 -0.0158455 -0.1926203 -0.0446943 -0.0225951 0.9799945
2473.355662 -0.0933716 0.0086642 -0.0160313 -0.1723443 -0.0479001 -0.0197189 0.9836738
2474.053085 -0.0971455 0.0052281 -0.0169940 -0.1202082 -0.0544086 -0.0135908 0.9911635
2475.095616 -0.1028469 0.0013421 -0.0192757 -0.0527618 -0.0641700 -0.0060902 0.9965246
2475.638036 -0.1065595 -0.0003009 -0.0207364 -0.0236346 -0.0674940 -0.0029507 0.9974353
2476.724360 -0.1134830 0.0005909 -0.0219960 -0.0386446 -0.0622821 -0.0034613 0.9973041
2476.824350 -0.1155911 0.0002767 -0.0223660 -0.0362714 -0.0621774 -0.0038149 0.9973985
2476.974335 -0.1158282 0.0001653 -0.0223863 -0.0341506 -0.0618466 -0.0032686 0.9974959
2477.074326 -0.1159754 0.0004077 -0.0226315 -0.0325202 -0.0612885 -0.0031420 0.9975852
2477.574277 -0.1166031 0.0007207 -0.0234256 -0.0321315 -0.0590831 -0.0027381 0.9977321
2477.674268 -0.1165503 0.0006402 -0.0237267 -0.0374649 -0.0586952 -0.0028509 0.9975686
2478.674171 -0.1250471 0.0048624 -0.0241605 -0.1154495 -0.0469947 -0.0128975 0.9921172
2478.774161 -0.1259180 0.0056818 -0.0235953 -0.1238093 -0.0436659 -0.0151769 0.9912286
2478.874151 -0.1274695 0.0056590 -0.0243431 -0.1328733 -0.0401168 -0.0168004 0.9901783
2479.824059 -0.1280745 0.0101486 -0.0254824 -0.2170962 -0.0349270 -0.0280319 0.9751223
2479.924050 -0.1279917 0.0099714 -0.0249744 -0.2283661 -0.0337808 -0.0300803 0.9725240
2480.523992 -0.1261997 0.0145428 -0.0247742 -0.2670047 -0.0289513 -0.0359416 0.9625895
2480.723972 -0.1277917 0.0138422 -0.0253197 -0.2765276 -0.0276833 -0.0376507 0.9598690
