2461.552142 0.0000000 0.0000000 0.0000000 -0.0000000 -0.0000000 -0.0000000 1.0000000
2462.651700 -0.0070156 -0.0008877 0.0006177 0.0361809 -0.0143897 -0.0026406 0.9992382
2462.751513 -0.0070201 -0.0009120 0.0006075 0.0361367 -0.0166835 -0.0020614 0.9992055
2463.001488 -0.0070006 -0.0009045 0.0005748 0.0335869 -0.0209618 -0.0018527 0.9992142
2463.801115 -0.0070429 -0.0008692 0.0004274 0.0394477 -0.0327863 0.0008459 0.9986833
2465.925405 -0.0230380 -0.0004728 -0.0029687 0.0201672 -0.0446454 -0.0058718 0.9987820
2466.025395 -0.0230610 -0.0005172 -0.0029440 0.0126531 -0.0440296 -0.0061588 0.9989312
2466.075391 -0.0230777 -0.0005369 -0.0029907 0.0105281 -0.0451133 -0.0060234 0.9989083
2466.325366 -0.0229619 -0.0005352 -0.0032721 -0.0077900 -0.0531612 -0.0064650 0.9985347
2466.725328 -0.0250739 -0.0011119 -0.0057277 -0.0496400 -0.0432761 -0.0125418 0.9977503
2470.025008 -0.0405327 0.0051919 -0.0053363 -0.1531719 -0.0470815 -0.0264824 0.9867221
2470.075398 -0.0408916 0.0052351 -0.0054205 -0.1534859 -0.0475877 -0.0264945 0.9866487
2470.280080 -0.0417506 0.0052494 -0.0056814 -0.1570062 -0.0485262 -0.0264632 0.9860497
2471.804883 -0.0474185 0.0056746 -0.0066773 -0.1637046 -0.0430271 -0.0280893 0.9851702
2472.356351 -0.0502001 0.0060795 -0.0071805 -0.1763274 -0.0394717 -0.0303974 0.9830700
2472.555779 -0.0506788 0.0062533 -0.0072406 -0.1769647 -0.0409012 -0.0301847 0.9829036
2472.905942 -0.0520127 0.0060381 -0.0075470 -0.1768281 -0.0449250 -0.0293718 0.9827771
2473.653795 -0.0550575 0.0042030 -0.0081849 -0.1228213 -0.0568055 -0.0216142 0.9905660
2474.102764 -0.0561424 0.0033332 -0.0085181 -0.0911099 -0.0604830 -0.0178998 0.9938413
2474.252177 -0.0572476 0.0030652 -0.0086033 -0.0815877 -0.0642524 -0.0170144 0.9944474
2475.095616 -0.0594296 0.0012662 -0.0098507 -0.0296813 -0.0690916 -0.0113320 0.9971043
2475.537454 -0.0611271 0.0004663 -0.0103001 -0.0043939 -0.0727371 -0.0085373 0.9973049
2476.674364 -0.0655762 0.0008320 -0.0111856 -0.0162661 -0.0664217 -0.0092608 0.9976161
2476.824350 -0.0659345 0.0006728 -0.0117361 -0.0131905 -0.0674464 -0.0086719 0.9975980
2477.024331 -0.0659907 0.0006191 -0.0118787 -0.0102053 -0.0671987 -0.0078432 0.9976566
2477.474287 -0.0663276 0.0006793 -0.0119632 -0.0058301 -0.0644302 -0.0072311 0.9978790
2477.774258 -0.0668585 0.0006263 -0.0125908 -0.0228014 -0.0619351 -0.0086083 0.9977826
2477.924243 -0.0680037 0.0011465 -0.0123376 -0.0309687 -0.0606382 -0.0102292 0.9976268
2478.224214 -0.0690766 0.0018173 -0.0120665 -0.0516613 -0.0598163 -0.0126226 0.9967917
2478.674171 -0.0708127 0.0027613 -0.0123546 -0.0929094 -0.0517813 -0.0178725 0.9941666
2478.824156 -0.0710749 0.0033907 -0.0121108 -0.1054819 -0.0470443 -0.0202893 0.9931006
2478.974142 -0.0717218 0.0038633 -0.0123698 -0.1192957 -0.0430260 -0.0230303 0.9916587
2480.024040 -0.0723492 0.0064334 -0.0127039 -0.2118331 -0.0371665 -0.0350868 0.9759684
2480.224021 -0.0720905 0.0070296 -0.0129706 -0.2260745 -0.0358254 -0.0370369 0.9727462
2480.723972 -0.0720469 0.0079073 -0.0132353 -0.2540698 -0.0314331 -0.0423382 0.9657474
2481.823866 -0.0714529 0.0082219 -0.0133081 -0.2537621 -0.0348948 -0.0406689 0.9657812
