2444.927438 0.0000000 0.0000000 0.0000000 -0.0000000 -0.0000000 -0.0000000 1.0000000
2449.476998 -0.0137949 0.0014830 0.0013850 -0.0249487 -0.0184711 -0.0007913 0.9995178
2449.526993 -0.0136988 0.0011589 0.0015040 -0.0237358 -0.0199212 -0.0012127 0.9995191
2450.826867 -0.0317452 0.0011168 0.0018917 -0.0136753 -0.0497827 -0.0205482 0.9984550
2451.426809 -0.0415081 0.0012073 0.0021767 -0.0116246 -0.0649710 -0.0329259 0.9972761
2451.776775 -0.0482649 0.0007441 0.0011535 -0.0112747 -0.0742190 -0.0392811 0.9964042
2452.026751 -0.0511249 0.0008723 0.0005955 -0.0109408 -0.0820503 -0.0414997 0.9957037
2452.126741 -0.0516929 0.0015812 0.0012213 -0.0099199 -0.0849891 -0.0417140 0.9954589
2452.726683 -0.0631592 0.0017358 -0.0015993 -0.0040838 -0.1022114 -0.0482482 0.9935836
2452.826673 -0.0682241 0.0024066 -0.0033221 -0.0042355 -0.1108141 -0.0511487 0.9925151
2454.426519 -0.0868474 0.0057668 -0.0039236 -0.0085893 -0.1464870 -0.0810017 0.9858532
2455.026460 -0.0951215 0.0068559 -0.0059211 -0.0101537 -0.1628766 -0.0937013 0.9821345
2456.376330 -0.1147716 0.0120101 -0.0105957 -0.0124713 -0.1857597 -0.1232785 0.9747514
2456.676301 -0.1195266 0.0131373 -0.0113503 -0.0148039 -0.1896721 -0.1315628 0.9728805
2457.526218 -0.1374231 0.0185068 -0.0181334 -0.0188386 -0.2166790 -0.1517375 0.9641945
2457.576214 -0.1390697 0.0192590 -0.0183944 -0.0173840 -0.2186324 -0.1547035 0.9633092
2457.826189 -0.1439739 0.0208356 -0.0217487 -0.0169071 -0.2274435 -0.1624377 0.9599988
2457.876184 -0.1446931 0.0209529 -0.0230612 -0.0170442 -0.2285197 -0.1642490 0.9594324
2458.076165 -0.1479711 0.0210660 -0.0254838 -0.0167184 -0.2318267 -0.1664569 0.9582635
2458.326141 -0.1533837 0.0221864 -0.0301074 -0.0092627 -0.2388270 -0.1726063 0.9555537
2458.376136 -0.1543613 0.0251108 -0.0306188 -0.0031071 -0.2418243 -0.1750106 0.9544017
2458.426131 -0.1571098 0.0233919 -0.0318962 -0.0003049 -0.2458920 -0.1749530 0.9533774
2458.626112 -0.1632876 0.0248288 -0.0368201 0.0093783 -0.2586141 -0.1784486 0.9493086
2458.676502 -0.1651364 0.0255110 -0.0374579 0.0155979 -0.2626385 -0.1794113 0.9479395
2458.880493 -0.1695364 0.0260204 -0.0416279 0.0256513 -0.2711145 -0.1817163 0.9448906
2459.136493 -0.1743573 0.0268088 -0.0459461 0.0451455 -0.2848752 -0.1828280 0.9398840
2459.187575 -0.1751837 0.0271187 -0.0469228 0.0499438 -0.2872010 -0.1834328 0.9388151
2459.947655 -0.1894646 0.0299002 -0.0578992 0.1027822 -0.3210053 -0.1830781 0.9235117
2460.147715 -0.1924759 0.0298679 -0.0599979 0.1155247 -0.3292054 -0.1812041 0.9194797
2460.499834 -0.1964723 0.0315780 -0.0644836 0.1293964 -0.3367868 -0.1811695 0.9148819
2461.752795 -0.2167107 0.0405583 -0.0832713 0.1744133 -0.3775925 -0.1839317 0.8906026
2462.051877 -0.2182727 0.0403576 -0.0827376 0.1848406 -0.3807301 -0.1791304 0.8881389
2463.551494 -0.2541771 0.0537601 -0.1085893 0.1934640 -0.3929171 -0.1800732 0.8807733
2465.925405 -0.2448788 0.0661357 -0.1210695 0.1751288 -0.4155252 -0.1880488 0.8725288
2466.025395 -0.2444839 0.0670773 -0.1223401 0.1688697 -0.4134845 -0.1908650 0.8741190
2466.375362 -0.2511384 0.0750783 -0.1300707 0.1451399 -0.4126701 -0.2038223 0.8758392
2466.675333 -0.2525148 0.0781938 -0.1289079 0.1202277 -0.4010204 -0.2183724 0.8814995
2466.875313 -0.2546480 0.0807012 -0.1309352 0.1120829 -0.3969563 -0.2227717 0.8833097
2468.025202 -0.2622027 0.0920905 -0.1388426 0.0728399 -0.3865626 -0.2455655 0.8859804
2469.275081 -0.2691892 0.1024314 -0.1478262 0.0398893 -0.3835177 -0.2625429 0.8845305
2469.625047 -0.2709449 0.1041529 -0.1505467 0.0324601 -0.3813556 -0.2662063 0.8846742
2470.432673 -0.2757906 0.1092983 -0.1568764 0.0215625 -0.3745071 -0.2721745 0.8861155
2471.298255 -0.2820279 0.1144603 -0.1648646 0.0246142 -0.3790503 -0.2700778 0.8847446
2471.804883 -0.2838522 0.1181306 -0.1681653 0.0173153 -0.3700244 -0.2743935 0.8874065
2472.406208 -0.2885718 0.1229825 -0.1732406 0.0069490 -0.3638330 -0.2803185 0.8882561
2472.706080 -0.2900065 0.1251015 -0.1760174 0.0064024 -0.3673109 -0.2802189 0.8868591
2473.454862 -0.2949628 0.1259519 -0.1831392 0.0354999 -0.3855898 -0.2642847 0.8832971
2473.953411 -0.2974344 0.1246294 -0.1879067 0.0661105 -0.3993436 -0.2484650 0.8800109
2474.451427 -0.3001786 0.1245556 -0.1945642 0.0945842 -0.4190591 -0.2332671 0.8723702
2475.145394 -0.3018788 0.1233906 -0.2016395 0.1319656 -0.4274837 -0.2136847 0.8684363
2476.824350 -0.3123418 0.1328164 -0.2144834 0.1425595 -0.4280057 -0.2074504 0.8680163
2476.924340 -0.3123523 0.1325722 -0.2147165 0.1441357 -0.4282080 -0.2063351 0.8679221
2477.074326 -0.3118074 0.1333987 -0.2147588 0.1458942 -0.4282448 -0.2050480 0.8679151
2477.574277 -0.3117058 0.1343338 -0.2161771 0.1463651 -0.4263498 -0.2043019 0.8689442
2477.774258 -0.3122827 0.1351883 -0.2171571 0.1355055 -0.4213645 -0.2101701 0.8717332
2478.574180 -0.3167638 0.1426915 -0.2214478 0.0840255 -0.4021603 -0.2373630 0.8802645
2478.824156 -0.3173429 0.1470484 -0.2216354 0.0674954 -0.3895614 -0.2479638 0.8844208
2479.074132 -0.3183505 0.1481691 -0.2249618 0.0482557 -0.3783392 -0.2593516 0.8872810
2479.174122 -0.3164044 0.1480115 -0.2251383 0.0393372 -0.3768444 -0.2625808 0.8874075
2480.224021 -0.3172250 0.1575183 -0.2209277 -0.0355927 -0.3461749 -0.3028994 0.8872137
2480.573987 -0.3154128 0.1586206 -0.2199357 -0.0538464 -0.3362448 -0.3126657 0.8867245
2480.923953 -0.3155520 0.1587231 -0.2201091 -0.0614860 -0.3327979 -0.3164673 0.8861791
2481.823866 -0.3158743 0.1589336 -0.2199704 -0.0604072 -0.3366468 -0.3151966 0.8852519
