2444.927438 0.0000000 0.0000000 0.0000000 -0.0000000 -0.0000000 -0.0000000 1.0000000
2449.476998 -0.0128487 0.0016148 0.0016832 -0.0248685 -0.0186924 -0.0007302 0.9995157
2449.526993 -0.0130070 0.0013409 0.0016742 -0.0236295 -0.0200215 -0.0011795 0.9995196
2450.926857 -0.0318699 0.0008669 0.0024227 -0.0123615 -0.0519048 -0.0243499 0.9982786
2451.276823 -0.0371019 0.0010457 0.0022014 -0.0119004 -0.0612279 -0.0308763 0.9975752
2451.626790 -0.0435147 0.0013652 0.0022109 -0.0115757 -0.0709383 -0.0369624 0.9967284
2451.776775 -0.0464148 0.0013771 0.0019167 -0.0109501 -0.0742668 -0.0393237 0.9964026
2452.726683 -0.0607455 0.0025924 -0.0005604 -0.0036370 -0.1021798 -0.0483800 0.9935821
2452.826673 -0.0652928 0.0033727 -0.0021216 -0.0037524 -0.1108742 -0.0511036 0.9925126
2453.326625 -0.0713605 0.0037737 -0.0026602 -0.0089992 -0.1276471 -0.0623965 0.9898141
2455.026460 -0.0911284 0.0075064 -0.0045442 -0.0097060 -0.1629851 -0.0938756 0.9821044
2456.126354 -0.1081948 0.0118880 -0.0081009 -0.0116686 -0.1834726 -0.1181791 0.9758255
2456.676301 -0.1149748 0.0135756 -0.0097132 -0.0143115 -0.1895271 -0.1318572 0.9728764
2456.976272 -0.1206360 0.0156214 -0.0116566 -0.0154629 -0.1989667 -0.1386874 0.9700201
2457.276243 -0.1274062 0.0177524 -0.0136865 -0.0180413 -0.2075655 -0.1462331 0.9670610
2457.576214 -0.1332930 0.0194479 -0.0162518 -0.0169550 -0.2186853 -0.1546755 0.9633093
2457.876184 -0.1393164 0.0216543 -0.0205899 -0.0162636 -0.2283695 -0.1643977 0.9594563
2457.976175 -0.1403604 0.0210547 -0.0219066 -0.0167069 -0.2307047 -0.1657854 0.9586509
2458.176155 -0.1434979 0.0223175 -0.0238092 -0.0114042 -0.2341451 -0.1702420 0.9571122
2458.476126 -0.1510866 0.0248590 -0.0293872 0.0039758 -0.2505408 -0.1761101 0.9519448
2458.576117 -0.1542505 0.0256874 -0.0312425 0.0077743 -0.2566132 -0.1775869 0.9500275
2458.676502 -0.1571327 0.0264497 -0.0331146 0.0163744 -0.2634076 -0.1790861 0.9477745
2459.031960 -0.1644541 0.0278985 -0.0387543 0.0383949 -0.2801828 -0.1822286 0.9417092
2459.136493 -0.1668926 0.0282721 -0.0405988 0.0460519 -0.2854933 -0.1823111 0.9397529
2459.438499 -0.1711911 0.0282173 -0.0443679 0.0687094 -0.2974047 -0.1812654 0.9348649
2460.147715 -0.1831856 0.0310377 -0.0540777 0.1163733 -0.3300659 -0.1805128 0.9192001
2460.852763 -0.1921476 0.0346267 -0.0626440 0.1457524 -0.3499261 -0.1787397 0.9079428
2462.051877 -0.2101667 0.0423460 -0.0773239 0.1861802 -0.3805406 -0.1791815 0.8879301
2462.401704 -0.2107387 0.0420661 -0.0772237 0.1952485 -0.3898928 -0.1733595 0.8830675
2464.543555 -0.2369115 0.0608164 -0.1049188 0.1997888 -0.4093979 -0.1752058 0.8728005
2464.938993 -0.2357053 0.0604858 -0.1058871 0.2039384 -0.4179879 -0.1723991 0.8683166
2465.525819 -0.2339092 0.0628893 -0.1096122 0.1909061 -0.4239736 -0.1797839 0.8668789
2466.225376 -0.2317361 0.0661682 -0.1122022 0.1571155 -0.4193636 -0.1951079 0.8725719
2466.425357 -0.2303680 0.0675360 -0.1135378 0.1411957 -0.4154548 -0.2031735 0.8753180
2466.675333 -0.2367619 0.0739647 -0.1178042 0.1204397 -0.4028832 -0.2173415 0.8808758
2467.925211 -0.2461790 0.0871953 -0.1264732 0.0777308 -0.3847612 -0.2422271 0.8872671
2469.225086 -0.2538824 0.0986033 -0.1342165 0.0417597 -0.3853172 -0.2610092 0.8841159
2469.725037 -0.2581837 0.1010559 -0.1380807 0.0314403 -0.3811283 -0.2668028 0.8846294
2470.280080 -0.2615067 0.1052409 -0.1438818 0.0228579 -0.3779622 -0.2714897 0.8848251
2470.943687 -0.2652054 0.1089204 -0.1486989 0.0217903 -0.3790804 -0.2717422 0.8842960
2472.055886 -0.2705961 0.1160603 -0.1565461 0.0127097 -0.3678434 -0.2772205 0.8875126
2473.305508 -0.2783282 0.1214185 -0.1674110 0.0229836 -0.3811580 -0.2710250 0.8835926
2473.405519 -0.2792512 0.1214065 -0.1686556 0.0321147 -0.3851260 -0.2664428 0.8829806
2473.504185 -0.2789740 0.1213710 -0.1692263 0.0400332 -0.3894757 -0.2620746 0.8820561
2475.145394 -0.2866171 0.1194025 -0.1861871 0.1329869 -0.4287747 -0.2135551 0.8676756
2475.294510 -0.2873015 0.1197305 -0.1885093 0.1361510 -0.4332089 -0.2116888 0.8654368
2476.674364 -0.2932031 0.1253634 -0.1981668 0.1406375 -0.4284314 -0.2082496 0.8679284
2476.974335 -0.2935018 0.1260476 -0.2004263 0.1446703 -0.4300944 -0.2053009 0.8671452
2477.074326 -0.2946435 0.1267164 -0.2003914 0.1461831 -0.4297063 -0.2047474 0.8672148
2477.774258 -0.2953046 0.1296059 -0.2042046 0.1360802 -0.4226463 -0.2100075 0.8710621
2478.074229 -0.2960728 0.1315763 -0.2065010 0.1203405 -0.4180586 -0.2181172 0.8735960
2479.174122 -0.2996728 0.1418712 -0.2097117 0.0398792 -0.3782537 -0.2620602 0.8869376
2479.524088 -0.3015006 0.1444500 -0.2110115 0.0122629 -0.3684504 -0.2773497 0.8872266
2479.824059 -0.2989621 0.1486434 -0.2077622 -0.0076226 -0.3603741 -0.2874057 0.8873953
2480.024040 -0.2984509 0.1495011 -0.2052532 -0.0225008 -0.3545860 -0.2952450 0.8869008
2480.224021 -0.2980691 0.1497192 -0.2062482 -0.0351982 -0.3485274 -0.3020461 0.8865991
2480.424001 -0.2987835 0.1488038 -0.2081028 -0.0463011 -0.3414262 -0.3083468 0.8866829
2480.723972 -0.2975547 0.1504146 -0.2082655 -0.0596221 -0.3354115 -0.3150468 0.8858272
