2444.927438 0.0000000 0.0000000 0.0000000 -0.0000000 -0.0000000 -0.0000000 1.0000000
2449.476998 -0.0135589 0.0017758 0.0014600 -0.0247716 -0.0183914 -0.0006432 0.9995238
2449.626983 -0.0152381 0.0016338 0.0017466 -0.0234073 -0.0219140 -0.0013136 0.9994850
2449.676978 -0.0155343 0.0015716 0.0018129 -0.0227507 -0.0229185 -0.0016202 0.9994771
2449.876959 -0.0173129 0.0011750 0.0013127 -0.0220272 -0.0259381 -0.0021464 0.9994186
2451.226828 -0.0396457 0.0012257 0.0020348 -0.0116460 -0.0586577 -0.0311093 0.9977254
2451.276823 -0.0394657 0.0012530 0.0020202 -0.0117879 -0.0603123 -0.0312346 0.9976211
2451.476804 -0.0397295 0.0010964 0.0009224 -0.0111674 -0.0664562 -0.0333992 0.9971677
2451.776775 -0.0478000 0.0012465 0.0015373 -0.0110248 -0.0739421 -0.0393363 0.9964255
2451.876765 -0.0485046 0.0016808 0.0017337 -0.0111484 -0.0774349 -0.0405971 0.9961082
2452.726683 -0.0623482 0.0019380 -0.0015068 -0.0040174 -0.1018597 -0.0482735 0.9936187
2452.826673 -0.0669415 0.0027795 -0.0032262 -0.0040438 -0.1105664 -0.0510275 0.9925497
2452.926664 -0.0699304 0.0030715 -0.0035639 -0.0054799 -0.1169647 -0.0551568 0.9915881
2456.226344 -0.1123798 0.0114424 -0.0100992 -0.0125599 -0.1837110 -0.1196428 0.9755912
2456.676301 -0.1175949 0.0132498 -0.0109843 -0.0146920 -0.1892523 -0.1315753 0.9729623
2456.826286 -0.1199456 0.0141746 -0.0120480 -0.0164977 -0.1940822 -0.1338816 0.9716665
2457.576214 -0.1364090 0.0190434 -0.0177785 -0.0172394 -0.2182028 -0.1546502 0.9634177
2457.876184 -0.1427770 0.0215685 -0.0217334 -0.0165809 -0.2277416 -0.1646233 0.9595613
2458.326141 -0.1524603 0.0232748 -0.0274952 -0.0086374 -0.2376266 -0.1733943 0.9557162
2458.376136 -0.1520390 0.0246180 -0.0302620 -0.0033236 -0.2406024 -0.1750095 0.9547100
2458.426131 -0.1508647 0.0230857 -0.0274502 -0.0002348 -0.2472143 -0.1742665 0.9531612
2459.084542 -0.1698035 0.0271374 -0.0408995 0.0413188 -0.2824359 -0.1822961 0.9408990
2459.136493 -0.1706578 0.0277808 -0.0420827 0.0457234 -0.2847605 -0.1829193 0.9398730
2459.287288 -0.1730784 0.0270280 -0.0444443 0.0587081 -0.2920045 -0.1822920 0.9370466
2459.489521 -0.1757999 0.0279095 -0.0464307 0.0721307 -0.2994300 -0.1819445 0.9338282
2460.147715 -0.1874109 0.0292493 -0.0557126 0.1155222 -0.3293726 -0.1811501 0.9194308
2460.952220 -0.1968231 0.0326998 -0.0662447 0.1484072 -0.3527160 -0.1799830 0.9061859
2461.952242 -0.2116686 0.0391481 -0.0775302 0.1811957 -0.3792614 -0.1812797 0.8890819
2462.751513 -0.2185398 0.0424493 -0.0849448 0.1935783 -0.3927082 -0.1746224 0.8819381
2463.251326 -0.2246840 0.0469368 -0.0875066 0.1926074 -0.3979291 -0.1761872 0.8794958
2463.701124 -0.2235053 0.0471170 -0.0914882 0.1929143 -0.4036846 -0.1757814 0.8768830
2465.875410 -0.2420401 0.0655863 -0.1179161 0.1778899 -0.4155412 -0.1875565 0.8720683
2465.925405 -0.2419864 0.0658935 -0.1186669 0.1755625 -0.4142464 -0.1889814 0.8728480
2465.975400 -0.2424060 0.0650530 -0.1181815 0.1720145 -0.4131074 -0.1906492 0.8737312
2466.975303 -0.2508608 0.0812276 -0.1269786 0.1094186 -0.3983286 -0.2250671 0.8824436
2467.675236 -0.2557428 0.0882696 -0.1324569 0.0838213 -0.3870933 -0.2400631 0.8862858
2468.025202 -0.2561173 0.0901278 -0.1347956 0.0729418 -0.3860315 -0.2456938 0.8861680
2468.225183 -0.2585472 0.0931025 -0.1363792 0.0665756 -0.3880341 -0.2491166 0.8848379
2469.075100 -0.2612087 0.0982693 -0.1401622 0.0437187 -0.3801252 -0.2613173 0.8861753
2469.625047 -0.2649206 0.1019564 -0.1446667 0.0325604 -0.3810835 -0.2665352 0.8846887
2469.925018 -0.2654223 0.1030919 -0.1455949 0.0268227 -0.3763361 -0.2695063 0.8860125
2470.330964 -0.2677052 0.1064952 -0.1495104 0.0211999 -0.3764250 -0.2722795 0.8852789
2471.854879 -0.2760054 0.1147481 -0.1612581 0.0150185 -0.3689638 -0.2758255 0.8874460
2471.955580 -0.2766052 0.1156003 -0.1623966 0.0127748 -0.3682585 -0.2770085 0.8874056
2472.356351 -0.2795647 0.1196041 -0.1658812 0.0072153 -0.3639063 -0.2803720 0.8882070
2472.805794 -0.2816163 0.1214029 -0.1693704 0.0050486 -0.3675519 -0.2809570 0.8865345
2473.653795 -0.2874059 0.1208252 -0.1786527 0.0495632 -0.3936494 -0.2568795 0.8812472
2474.202182 -0.2907434 0.1197118 -0.1843398 0.0820084 -0.4079856 -0.2398647 0.8770903
2475.095616 -0.2937169 0.1203474 -0.1924185 0.1280921 -0.4260216 -0.2159959 0.8691627
2476.624369 -0.3014061 0.1264895 -0.2056902 0.1376789 -0.4258848 -0.2098748 0.8692636
2477.024331 -0.3029200 0.1283607 -0.2095969 0.1446850 -0.4284421 -0.2058375 0.8678333
2477.174316 -0.3032106 0.1289460 -0.2096839 0.1475408 -0.4286400 -0.2045333 0.8675630
2477.624272 -0.3042786 0.1298733 -0.2111328 0.1442781 -0.4255850 -0.2057828 0.8693185
2477.874248 -0.3040888 0.1315025 -0.2140139 0.1301572 -0.4192205 -0.2135923 0.8727494
2478.324205 -0.3071665 0.1365399 -0.2130379 0.1039266 -0.4105334 -0.2274798 0.8768777
2479.174122 -0.3101106 0.1459099 -0.2127748 0.0397561 -0.3770765 -0.2624438 0.8873308
2479.524088 -0.3093491 0.1491187 -0.2160060 0.0124198 -0.3675593 -0.2774224 0.8875713
2479.824059 -0.3086680 0.1522731 -0.2132680 -0.0077955 -0.3588561 -0.2880690 0.8877938
2480.923953 -0.3074046 0.1547450 -0.2133635 -0.0615903 -0.3327262 -0.3163382 0.8862450
2481.773871 -0.3076620 0.1542105 -0.2135221 -0.0613387 -0.3360349 -0.3153582 0.8853628
