2469.725037 0.0000000 0.0000000 0.0000000 -0.0000000 -0.0000000 -0.0000000 1.0000000
2470.943687 -0.0158955 0.0008060 -0.0017338 -0.0110386 -0.0008576 -0.0005059 0.9999386
2471.097089 -0.0178826 0.0000303 -0.0021941 -0.0097972 -0.0013082 -0.0004696 0.9999511
2471.451994 -0.0207730 0.0002727 -0.0023569 -0.0086365 0.0010472 -0.0004996 0.9999620
2471.804883 -0.0250160 0.0011035 -0.0025222 -0.0175222 0.0057392 -0.0011828 0.9998293
2471.854879 -0.0254537 0.0013502 -0.0025883 -0.0201894 0.0064559 -0.0011609 0.9997747
2472.206050 -0.0313441 0.0021461 -0.0025819 -0.0296916 0.0108090 -0.0021017 0.9994985
2472.605932 -0.0359580 0.0022072 -0.0032724 -0.0301750 0.0071941 -0.0022110 0.9995163
2473.355662 -0.0452266 -0.0011005 -0.0052876 -0.0026733 -0.0033024 -0.0000316 0.9999910
2473.504185 -0.0462683 -0.0023348 -0.0057035 0.0106447 -0.0054548 0.0006132 0.9999283
2474.102764 -0.0510815 -0.0060271 -0.0076659 0.0563157 -0.0107077 0.0030672 0.9983509
2474.252177 -0.0540511 -0.0068892 -0.0083577 0.0660265 -0.0144319 0.0031398 0.9977086
2475.046588 -0.0604722 -0.0096453 -0.0121829 0.1155944 -0.0176946 0.0050772 0.9931259
2476.229050 -0.0748411 -0.0126965 -0.0154004 0.1308031 -0.0186838 0.0066420 0.9912100
2476.474384 -0.0752190 -0.0120941 -0.0162260 0.1252956 -0.0155288 0.0071532 0.9919721
2476.974335 -0.0812349 -0.0135853 -0.0173254 0.1362998 -0.0164265 0.0081578 0.9904978
2477.024331 -0.0813282 -0.0133105 -0.0170261 0.1371929 -0.0163913 0.0085582 0.9903718
2477.174316 -0.0820924 -0.0132569 -0.0174087 0.1400855 -0.0159256 0.0084712 0.9899751
2477.424292 -0.0846218 -0.0124054 -0.0174857 0.1430082 -0.0133842 0.0082690 0.9895965
2477.624272 -0.0855454 -0.0125112 -0.0163858 0.1361863 -0.0129861 0.0086723 0.9905602
2478.324205 -0.0935332 -0.0084385 -0.0160641 0.0880987 -0.0080326 0.0060484 0.9960610
2479.174122 -0.0994043 -0.0022228 -0.0165808 0.0080804 0.0072532 0.0020247 0.9999390
2479.824059 -0.1067028 0.0050557 -0.0149647 -0.0479000 0.0120682 -0.0053215 0.9987651
2479.924050 -0.1042883 0.0041971 -0.0141382 -0.0596663 0.0122365 -0.0056675 0.9981273
2480.324011 -0.1019709 0.0062836 -0.0136838 -0.0880714 0.0140053 -0.0076709 0.9959862
2480.424001 -0.1009803 0.0083694 -0.0148382 -0.0936555 0.0150737 -0.0088212 0.9954515
