2444.927438 0.0000000 0.0000000 0.0000000 -0.0000000 -0.0000000 -0.0000000 1.0000000
2449.476998 -0.0134952 0.0018485 0.0017144 -0.0247721 -0.0185181 -0.0008215 0.9995213
2449.526993 -0.0133822 0.0015377 0.0016834 -0.0235545 -0.0200281 -0.0011769 0.9995213
2450.926857 -0.0319085 0.0008467 0.0022370 -0.0123824 -0.0523079 -0.0240880 0.9982637
2451.276823 -0.0375497 0.0007487 0.0019386 -0.0120521 -0.0614164 -0.0307151 0.9975668
2451.626790 -0.0443314 0.0012282 0.0018622 -0.0116413 -0.0710059 -0.0367820 0.9967296
2451.776775 -0.0473205 0.0011123 0.0016563 -0.0110594 -0.0744033 -0.0392879 0.9963927
2452.426712 -0.0540626 0.0010749 0.0005849 -0.0053282 -0.0898379 -0.0454339 0.9949054
2452.726683 -0.0615231 0.0022251 -0.0013024 -0.0038453 -0.1025168 -0.0480760 0.9935614
2452.926664 -0.0692889 0.0030915 -0.0038380 -0.0054249 -0.1175968 -0.0550548 0.9915193
2454.026557 -0.0810121 0.0046210 -0.0037951 -0.0090664 -0.1385494 -0.0742803 0.9875243
2455.026460 -0.0927793 0.0068468 -0.0056890 -0.0100373 -0.1632300 -0.0934759 0.9820985
2456.226344 -0.1114769 0.0119134 -0.0095420 -0.0122822 -0.1845574 -0.1195846 0.9754421
2456.676301 -0.1170568 0.0132940 -0.0109803 -0.0145425 -0.1899315 -0.1315649 0.9728336
2457.176252 -0.1280483 0.0169066 -0.0141713 -0.0170717 -0.2041261 -0.1451963 0.9679665
2457.576214 -0.1362219 0.0191642 -0.0177763 -0.0171484 -0.2188315 -0.1546425 0.9632780
2457.826189 -0.1411957 0.0213559 -0.0208030 -0.0164069 -0.2274922 -0.1626438 0.9599610
2458.026170 -0.1443398 0.0199905 -0.0246403 -0.0169647 -0.2313964 -0.1656848 0.9584970
2458.176155 -0.1465980 0.0208851 -0.0263755 -0.0119361 -0.2340268 -0.1705514 0.9570795
2458.626112 -0.1588257 0.0235838 -0.0348034 0.0091064 -0.2592300 -0.1780872 0.9492111
2458.676502 -0.1611428 0.0253846 -0.0363360 0.0159584 -0.2627756 -0.1793608 0.9479051
2458.728235 -0.1620544 0.0254353 -0.0362344 0.0170441 -0.2656026 -0.1793358 0.9471027
2459.387891 -0.1739058 0.0274138 -0.0468505 0.0637057 -0.2948742 -0.1819680 0.9358838
2459.489521 -0.1749968 0.0276402 -0.0482596 0.0723835 -0.3000233 -0.1817155 0.9336628
2459.594331 -0.1774336 0.0278610 -0.0502579 0.0788058 -0.3048513 -0.1820579 0.9315097
2459.846519 -0.1825204 0.0295140 -0.0533755 0.0949041 -0.3171031 -0.1837438 0.9255685
2459.997887 -0.1850414 0.0291975 -0.0556711 0.1051510 -0.3233421 -0.1829653 0.9224516
2462.152440 -0.2160394 0.0421796 -0.0814547 0.1889251 -0.3823275 -0.1778912 0.8868414
2462.451700 -0.2168030 0.0417672 -0.0812498 0.1957734 -0.3906125 -0.1735431 0.8825970
2465.282184 -0.2441774 0.0647975 -0.1159025 0.2007988 -0.4238933 -0.1759434 0.8654699
2465.775420 -0.2431174 0.0661526 -0.1174152 0.1824120 -0.4183583 -0.1854234 0.8702416
2465.925405 -0.2432191 0.0663482 -0.1177683 0.1758263 -0.4148887 -0.1887262 0.8725451
2465.975400 -0.2433448 0.0662581 -0.1177212 0.1726700 -0.4137256 -0.1905314 0.8733349
2466.625337 -0.2379893 0.0705617 -0.1258977 0.1227967 -0.4049475 -0.2154389 0.8800708
2467.225279 -0.2516364 0.0842118 -0.1291751 0.0971919 -0.3974218 -0.2319453 0.8825027
2467.525250 -0.2530325 0.0857553 -0.1317499 0.0892028 -0.3917961 -0.2367263 0.8845900
2468.075197 -0.2551557 0.0903265 -0.1342932 0.0715339 -0.3875684 -0.2464095 0.8854129
2468.275178 -0.2570100 0.0928479 -0.1361440 0.0644665 -0.3891614 -0.2501446 0.8842088
2469.675042 -0.2649032 0.1025126 -0.1445865 0.0321580 -0.3812191 -0.2669760 0.8845121
2470.787973 -0.2706988 0.1093263 -0.1529424 0.0214878 -0.3754323 -0.2724554 0.8856393
2470.995143 -0.2726128 0.1109733 -0.1552171 0.0215911 -0.3790615 -0.2719787 0.8842363
2471.955580 -0.2770161 0.1169294 -0.1614997 0.0134662 -0.3690838 -0.2769056 0.8870846
2472.455927 -0.2805582 0.1210893 -0.1661238 0.0077573 -0.3658364 -0.2803291 0.8874228
2472.805794 -0.2817944 0.1224550 -0.1684991 0.0056169 -0.3684709 -0.2807096 0.8862278
2473.305508 -0.2854594 0.1232864 -0.1744568 0.0225057 -0.3806567 -0.2713030 0.8837356
2473.504185 -0.2868791 0.1229292 -0.1760650 0.0392390 -0.3889167 -0.2624522 0.8822261
2474.798430 -0.2930255 0.1211171 -0.1894875 0.1174613 -0.4248898 -0.2218572 0.8697419
2475.438708 -0.2955390 0.1217288 -0.1962600 0.1442026 -0.4347495 -0.2073951 0.8643991
2476.824350 -0.3028088 0.1288649 -0.2061973 0.1426737 -0.4292721 -0.2071443 0.8674451
2476.974335 -0.3028724 0.1290887 -0.2074405 0.1444452 -0.4294130 -0.2058172 0.8673980
2477.174316 -0.3030515 0.1290153 -0.2076111 0.1477534 -0.4297775 -0.2041848 0.8670460
2477.924243 -0.3038974 0.1331256 -0.2120583 0.1287619 -0.4194714 -0.2142856 0.8726659
2478.124224 -0.3051337 0.1345393 -0.2132746 0.1160084 -0.4155394 -0.2211626 0.8746177
2478.674171 -0.3080952 0.1416280 -0.2141079 0.0775552 -0.3976720 -0.2419657 0.8816432
2479.624079 -0.3089072 0.1502677 -0.2128813 0.0048844 -0.3658925 -0.2814893 0.8870528
2480.274016 -0.3066069 0.1528342 -0.2123848 -0.0369703 -0.3470519 -0.3034965 0.8866104
2480.723972 -0.3059732 0.1546727 -0.2116675 -0.0591060 -0.3352599 -0.3153322 0.8858176
2480.923953 -0.3060513 0.1546261 -0.2115114 -0.0611299 -0.3340506 -0.3162839 0.8857979
2481.823866 -0.3061023 0.1547557 -0.2110963 -0.0600781 -0.3380607 -0.3149091 0.8848378
