2444.927438 0.0000000 0.0000000 0.0000000 -0.0000000 -0.0000000 -0.0000000 1.0000000
2449.476998 -0.0134482 0.0019788 0.0019762 -0.0247007 -0.0185307 -0.0007667 0.9995229
2449.526993 -0.0132351 0.0017607 0.0021830 -0.0234808 -0.0200861 -0.0011713 0.9995218
2450.226925 -0.0219120 0.0016582 0.0025657 -0.0199861 -0.0341004 -0.0061972 0.9991993
2450.876862 -0.0316637 0.0009975 0.0022389 -0.0129917 -0.0506276 -0.0219931 0.9983909
2451.276823 -0.0379239 0.0009705 0.0021913 -0.0119168 -0.0612420 -0.0307914 0.9975767
2451.626790 -0.0444828 0.0013236 0.0019998 -0.0116126 -0.0709452 -0.0368613 0.9967313
2451.976756 -0.0495285 0.0019402 0.0019153 -0.0106663 -0.0810519 -0.0410520 0.9958070
2452.476707 -0.0550287 0.0014634 0.0006441 -0.0047270 -0.0920051 -0.0454846 0.9947079
2452.676688 -0.0604297 0.0019028 -0.0004978 -0.0027547 -0.0985376 -0.0482751 0.9939579
2453.826577 -0.0790906 0.0043914 -0.0036672 -0.0082643 -0.1350204 -0.0692718 0.9883838
2456.226344 -0.1119211 0.0113214 -0.0098847 -0.0125940 -0.1842530 -0.1195420 0.9755009
2456.826286 -0.1201810 0.0140400 -0.0124340 -0.0165620 -0.1942597 -0.1340391 0.9716082
2457.176252 -0.1284366 0.0167955 -0.0145608 -0.0171802 -0.2039576 -0.1451639 0.9680049
2457.576214 -0.1365327 0.0188667 -0.0184112 -0.0172925 -0.2185826 -0.1546508 0.9633306
2457.826189 -0.1420155 0.0207898 -0.0218085 -0.0166681 -0.2269986 -0.1627433 0.9600565
2458.376136 -0.1509690 0.0231484 -0.0312241 -0.0041041 -0.2414808 -0.1738694 0.9546935
2458.476126 -0.1550903 0.0229997 -0.0343411 0.0030253 -0.2493558 -0.1762090 0.9522410
2458.626112 -0.1599965 0.0233192 -0.0377526 0.0089844 -0.2581538 -0.1780120 0.9495197
2458.780107 -0.1638474 0.0238669 -0.0409519 0.0181370 -0.2667413 -0.1799004 0.9466552
2459.136493 -0.1717344 0.0260954 -0.0472638 0.0449162 -0.2840801 -0.1824154 0.9402158
2459.187575 -0.1718157 0.0246748 -0.0482487 0.0489742 -0.2865754 -0.1827896 0.9391827
2459.337284 -0.1745217 0.0251146 -0.0501533 0.0606481 -0.2932510 -0.1816404 0.9366603
2459.594331 -0.1794032 0.0272490 -0.0533768 0.0782470 -0.3036037 -0.1818358 0.9320074
2460.499834 -0.1935640 0.0307448 -0.0651557 0.1291696 -0.3360262 -0.1808983 0.9152473
2460.802571 -0.1972972 0.0326209 -0.0680275 0.1411623 -0.3452252 -0.1789857 0.9104158
2462.302070 -0.2188364 0.0418103 -0.0858119 0.1923601 -0.3853789 -0.1754840 0.8852605
2463.701124 -0.2290965 0.0488874 -0.0980879 0.1932580 -0.4019064 -0.1760953 0.8775609
2464.938993 -0.2400459 0.0588095 -0.1119306 0.2027132 -0.4176266 -0.1717593 0.8689040
2465.775420 -0.2469020 0.0670242 -0.1233311 0.1823443 -0.4163379 -0.1856456 0.8711768
2465.875410 -0.2470152 0.0671024 -0.1234107 0.1780435 -0.4140959 -0.1875911 0.8727168
2466.175381 -0.2459671 0.0677694 -0.1242182 0.1600527 -0.4150084 -0.1955840 0.8740126
2466.375362 -0.2493015 0.0755051 -0.1277687 0.1456243 -0.4117222 -0.2039712 0.8761702
2467.225279 -0.2560534 0.0849029 -0.1331469 0.0968445 -0.3958443 -0.2318118 0.8832847
2467.925211 -0.2582664 0.0896481 -0.1374771 0.0770882 -0.3821124 -0.2429661 0.8882651
2469.775032 -0.2699549 0.1039168 -0.1497709 0.0300292 -0.3776178 -0.2671746 0.8860704
2471.046304 -0.2782250 0.1123892 -0.1616623 0.0213339 -0.3770702 -0.2713797 0.8852774
2471.654562 -0.2804241 0.1152998 -0.1650580 0.0205769 -0.3713872 -0.2722023 0.8874424
2471.904874 -0.2820577 0.1177618 -0.1669662 0.0139224 -0.3674921 -0.2758144 0.8880778
2473.305508 -0.2910107 0.1246939 -0.1802463 0.0219545 -0.3787170 -0.2708357 0.8847256
2473.454862 -0.2920384 0.1244202 -0.1816679 0.0353738 -0.3846991 -0.2637116 0.8838617
2473.653795 -0.2934069 0.1234449 -0.1839560 0.0497253 -0.3923648 -0.2561537 0.8820218
2474.202182 -0.2965113 0.1224711 -0.1899845 0.0823211 -0.4067164 -0.2393640 0.8777869
2475.537454 -0.3025327 0.1226993 -0.2043711 0.1492442 -0.4329083 -0.2047861 0.8650892
2475.930244 -0.3048175 0.1253601 -0.2074908 0.1496930 -0.4335263 -0.2036756 0.8649643
2476.724360 -0.3085379 0.1298030 -0.2129122 0.1402223 -0.4259045 -0.2081620 0.8692593
2476.824350 -0.3086740 0.1300140 -0.2141555 0.1423006 -0.4268924 -0.2072825 0.8686469
2477.024331 -0.3085456 0.1310163 -0.2150960 0.1450946 -0.4271627 -0.2055713 0.8684584
2477.674268 -0.3083418 0.1319456 -0.2169099 0.1416442 -0.4234137 -0.2061883 0.8707147
2477.824253 -0.3079755 0.1331581 -0.2173177 0.1323482 -0.4194539 -0.2113910 0.8728437
2479.724069 -0.3140898 0.1529443 -0.2200519 0.0001639 -0.3617451 -0.2833656 0.8881691
2479.924050 -0.3142426 0.1535086 -0.2202281 -0.0178888 -0.3530960 -0.2929315 0.8883661
2480.074035 -0.3138874 0.1541676 -0.2204348 -0.0259939 -0.3502401 -0.2970030 0.8879445
2480.174026 -0.3135895 0.1550210 -0.2214352 -0.0326770 -0.3463652 -0.3008714 0.8879414
2480.274016 -0.3123281 0.1552158 -0.2210753 -0.0373549 -0.3446063 -0.3030269 0.8877082
2480.424001 -0.3115393 0.1558653 -0.2201307 -0.0460994 -0.3393453 -0.3077026 0.8877155
2480.723972 -0.3115705 0.1570213 -0.2204031 -0.0595989 -0.3329584 -0.3149498 0.8867882
