2462.051877 0.0000000 0.0000000 0.0000000 -0.0000000 -0.0000000 -0.0000000 1.0000000
2463.501499 -0.0073797 0.0033941 0.0020170 0.0145659 -0.0187116 0.0025217 0.9997157
2463.551494 -0.0077784 0.0031427 0.0019602 0.0156916 -0.0193350 0.0026054 0.9996865
2464.444750 -0.0141668 0.0047065 0.0027759 0.0227594 -0.0292040 0.0033333 0.9993088
2464.889946 -0.0149005 0.0052534 0.0014043 0.0313919 -0.0381657 0.0055623 0.9987627
2465.381345 -0.0215639 0.0045922 0.0006231 0.0253656 -0.0457886 0.0027751 0.9986252
2465.525819 -0.0224750 0.0051088 0.0010245 0.0187285 -0.0447317 0.0020005 0.9988215
2465.925405 -0.0245518 0.0068206 0.0016948 0.0006994 -0.0392644 -0.0002901 0.9992286
2466.225376 -0.0233612 0.0105395 0.0030836 -0.0169298 -0.0471698 0.0016553 0.9987420
2467.175284 -0.0338952 0.0094318 0.0018590 -0.0904758 -0.0416936 -0.0096127 0.9949791
2467.225279 -0.0336100 0.0108799 0.0019419 -0.0906990 -0.0421344 -0.0092453 0.9949437
2467.925211 -0.0363669 0.0120235 0.0014930 -0.1158637 -0.0337308 -0.0133714 0.9926022
2468.375168 -0.0400595 0.0125931 0.0011427 -0.1336796 -0.0430128 -0.0149916 0.9899772
2469.225086 -0.0429935 0.0138714 0.0008321 -0.1543677 -0.0452170 -0.0167539 0.9868361
2469.325076 -0.0432539 0.0138410 0.0006155 -0.1569064 -0.0461976 -0.0166421 0.9863920
2469.525057 -0.0441704 0.0141608 0.0005607 -0.1626768 -0.0462701 -0.0171072 0.9854454
2469.675042 -0.0452752 0.0135387 0.0002672 -0.1652191 -0.0451481 -0.0179676 0.9850591
2469.775032 -0.0457346 0.0139109 0.0005086 -0.1671215 -0.0436274 -0.0186830 0.9847934
2471.553643 -0.0556080 0.0156369 -0.0004440 -0.1769540 -0.0393612 -0.0207739 0.9832124
2472.055886 -0.0563870 0.0155384 -0.0015698 -0.1891655 -0.0378485 -0.0212960 0.9809844
2472.955937 -0.0619949 0.0158875 -0.0019472 -0.1939354 -0.0417656 -0.0216487 0.9798857
2473.255651 -0.0639351 0.0153282 -0.0019414 -0.1797066 -0.0467186 -0.0193234 0.9824203
2473.504185 -0.0653053 0.0142334 -0.0019343 -0.1547704 -0.0499722 -0.0163344 0.9865506
2473.703475 -0.0657967 0.0135946 -0.0022301 -0.1399706 -0.0526454 -0.0142878 0.9886519
2475.145394 -0.0718882 0.0095479 -0.0033818 -0.0439250 -0.0645715 -0.0045869 0.9969354
2475.537454 -0.0735279 0.0086130 -0.0038733 -0.0232281 -0.0673601 -0.0023655 0.9974555
2476.824350 -0.0791138 0.0097708 -0.0045625 -0.0316365 -0.0624928 -0.0020033 0.9975419
2476.924340 -0.0798464 0.0097470 -0.0045351 -0.0297701 -0.0618352 -0.0019719 0.9976404
2477.024331 -0.0798870 0.0098077 -0.0045962 -0.0287267 -0.0617830 -0.0016878 0.9976747
2477.974239 -0.0815713 0.0097306 -0.0070765 -0.0537087 -0.0563481 -0.0035219 0.9969593
2478.974142 -0.0866932 0.0130363 -0.0071376 -0.1382277 -0.0387701 -0.0161565 0.9895095
2479.174122 -0.0869095 0.0131433 -0.0074406 -0.1574963 -0.0379796 -0.0179343 0.9866260
2480.174026 -0.0870513 0.0174300 -0.0077881 -0.2405413 -0.0328950 -0.0291934 0.9696420
2480.523992 -0.0863493 0.0182938 -0.0079245 -0.2633704 -0.0293401 -0.0329927 0.9636840
2480.873958 -0.0864679 0.0182157 -0.0080083 -0.2759534 -0.0284908 -0.0346118 0.9601250
2481.873861 -0.0865794 0.0183527 -0.0079851 -0.2719951 -0.0320355 -0.0327583 0.9612072
