2444.927438 0.0000000 0.0000000 0.0000000 -0.0000000 -0.0000000 -0.0000000 1.0000000
2449.476998 -0.0138941 0.0019822 0.0016105 -0.0247105 -0.0185557 -0.0006145 0.9995222
2449.526993 -0.0133357 0.0015719 0.0016516 -0.0235786 -0.0202891 -0.0009351 0.9995157
2451.226828 -0.0393137 0.0011818 0.0016301 -0.0116714 -0.0596271 -0.0304947 0.9976866
2451.276823 -0.0391220 0.0012018 0.0016578 -0.0118366 -0.0613060 -0.0305441 0.9975814
2451.776775 -0.0492484 0.0003234 0.0005207 -0.0114207 -0.0741915 -0.0391298 0.9964106
2451.926760 -0.0507038 0.0012634 0.0011085 -0.0108532 -0.0795884 -0.0409731 0.9959263
2452.076746 -0.0527717 0.0015454 0.0008784 -0.0091267 -0.0834039 -0.0417631 0.9955985
2452.726683 -0.0644706 0.0020837 -0.0016060 -0.0039132 -0.1021344 -0.0480164 0.9936034
2452.826673 -0.0695070 0.0025425 -0.0036858 -0.0041514 -0.1107710 -0.0508736 0.9925343
2453.876572 -0.0830884 0.0047189 -0.0038771 -0.0082138 -0.1355370 -0.0708855 0.9881992
2454.076552 -0.0848034 0.0049500 -0.0038663 -0.0091166 -0.1394369 -0.0756137 0.9872978
2456.126354 -0.1150495 0.0114331 -0.0105211 -0.0122199 -0.1835150 -0.1179133 0.9758429
2456.376330 -0.1171310 0.0121882 -0.0110218 -0.0124795 -0.1858044 -0.1230120 0.9747764
2456.826286 -0.1249616 0.0142828 -0.0129810 -0.0167070 -0.1942808 -0.1337900 0.9716358
2457.526218 -0.1402321 0.0187862 -0.0186640 -0.0188768 -0.2166911 -0.1513619 0.9642501
2457.826189 -0.1476689 0.0210321 -0.0232926 -0.0169789 -0.2270478 -0.1622903 0.9601161
2458.126160 -0.1548651 0.0220025 -0.0281534 -0.0144918 -0.2313521 -0.1685462 0.9580493
2458.326141 -0.1535785 0.0213365 -0.0286541 -0.0099394 -0.2406468 -0.1706930 0.9554340
2458.576117 -0.1649852 0.0235754 -0.0364514 0.0063666 -0.2560644 -0.1774461 0.9502123
2458.626112 -0.1664285 0.0236772 -0.0376130 0.0088598 -0.2588919 -0.1779739 0.9493270
2458.676502 -0.1683473 0.0240919 -0.0387224 0.0148781 -0.2628351 -0.1789890 0.9479764
2459.746055 -0.1898952 0.0266304 -0.0590675 0.0872391 -0.3120396 -0.1831595 0.9281558
2459.796524 -0.1894455 0.0259947 -0.0592464 0.0896769 -0.3146653 -0.1833090 0.9270068
2460.751923 -0.2037968 0.0311779 -0.0697894 0.1397941 -0.3443856 -0.1780766 0.9111229
2460.852763 -0.2062056 0.0323490 -0.0722471 0.1440012 -0.3489632 -0.1787752 0.9085855
2462.451700 -0.2288738 0.0425118 -0.0901705 0.1950195 -0.3890189 -0.1735030 0.8834752
2463.551494 -0.2407877 0.0500721 -0.1026280 0.1928763 -0.3981347 -0.1763084 0.8793195
2464.296009 -0.2395692 0.0516993 -0.1042061 0.1952453 -0.4088028 -0.1736680 0.8744135
2465.925405 -0.2585314 0.0695061 -0.1304232 0.1753273 -0.4126261 -0.1889247 0.8736748
2466.025395 -0.2582061 0.0699527 -0.1307700 0.1689985 -0.4108859 -0.1918504 0.8751033
2466.325366 -0.2560464 0.0727979 -0.1336984 0.1494018 -0.4153816 -0.2007726 0.8745442
2466.425357 -0.2555547 0.0733421 -0.1341252 0.1408074 -0.4117794 -0.2048156 0.8767335
2466.775323 -0.2603512 0.0805581 -0.1345422 0.1158279 -0.3972827 -0.2201738 0.8833312
2468.575149 -0.2739626 0.0995656 -0.1496294 0.0549600 -0.3845316 -0.2542124 0.8857149
2468.875119 -0.2734632 0.1003491 -0.1497706 0.0484548 -0.3821634 -0.2574466 0.8861853
2469.175091 -0.2758303 0.1029513 -0.1522252 0.0417572 -0.3822080 -0.2607360 0.8855451
2469.625047 -0.2792299 0.1064236 -0.1554737 0.0320906 -0.3807467 -0.2655329 0.8851522
2470.280080 -0.2839374 0.1103059 -0.1621958 0.0212564 -0.3757609 -0.2711422 0.8859085
2471.451994 -0.2921222 0.1196506 -0.1714336 0.0240761 -0.3750417 -0.2703161 0.8863935
2471.804883 -0.2928101 0.1183676 -0.1751439 0.0162706 -0.3689249 -0.2742242 0.8879362
2472.055886 -0.2919922 0.1202522 -0.1762861 0.0106546 -0.3663042 -0.2764409 0.8884190
2473.005933 -0.3004820 0.1280648 -0.1854198 0.0076194 -0.3700794 -0.2783094 0.8862997
2473.305508 -0.3029158 0.1280790 -0.1887849 0.0215665 -0.3785844 -0.2708478 0.8847883
2474.003090 -0.3073278 0.1265042 -0.1963403 0.0699172 -0.4002096 -0.2458324 0.8800627
2475.145394 -0.3125927 0.1262743 -0.2089067 0.1318926 -0.4259963 -0.2135695 0.8692063
2475.687479 -0.3145642 0.1270735 -0.2136449 0.1518113 -0.4334284 -0.2026121 0.8648939
2476.874345 -0.3211686 0.1338799 -0.2238078 0.1427633 -0.4268556 -0.2063692 0.8688065
2476.974335 -0.3209934 0.1344504 -0.2238857 0.1439106 -0.4271391 -0.2055738 0.8686665
2477.224311 -0.3209034 0.1344181 -0.2241428 0.1480904 -0.4280840 -0.2030816 0.8680848
2477.874248 -0.3228384 0.1391237 -0.2283781 0.1302580 -0.4180022 -0.2127541 0.8735232
2478.074229 -0.3245131 0.1416724 -0.2287643 0.1199336 -0.4151161 -0.2183692 0.8749911
2478.674171 -0.3266868 0.1483561 -0.2303870 0.0768974 -0.3956577 -0.2414296 0.8827534
2478.824156 -0.3278882 0.1501445 -0.2299810 0.0672323 -0.3882276 -0.2475450 0.8851445
2479.824059 -0.3266147 0.1586398 -0.2289534 -0.0085093 -0.3580308 -0.2875023 0.8883040
2480.024040 -0.3268175 0.1606158 -0.2278929 -0.0231989 -0.3515206 -0.2953572 0.8880649
2480.374006 -0.3248979 0.1609038 -0.2262536 -0.0427475 -0.3426677 -0.3052569 0.8874513
2480.723972 -0.3241954 0.1632982 -0.2259494 -0.0594418 -0.3339256 -0.3143539 0.8866464
2481.823866 -0.3248435 0.1629497 -0.2266543 -0.0605946 -0.3362462 -0.3143423 0.8856950
