2444.927438 0.0000000 0.0000000 0.0000000 -0.0000000 -0.0000000 -0.0000000 1.0000000
2449.476998 -0.0130663 0.0017601 0.0016157 -0.0248068 -0.0185388 -0.0007365 0.9995201
2449.626983 -0.0145167 0.0016932 0.0019428 -0.0233830 -0.0221204 -0.0012797 0.9994810
2449.676978 -0.0149257 0.0015585 0.0018916 -0.0227748 -0.0231203 -0.0016865 0.9994718
2450.076940 -0.0195235 0.0013403 0.0019039 -0.0200147 -0.0304958 -0.0040496 0.9993263
2450.726877 -0.0287770 0.0015363 0.0025232 -0.0129047 -0.0475815 -0.0195361 0.9985929
2450.926857 -0.0317205 0.0007845 0.0019737 -0.0124062 -0.0519074 -0.0242810 0.9982796
2451.276823 -0.0373665 0.0007671 0.0017868 -0.0119939 -0.0609665 -0.0309681 0.9975872
2452.476707 -0.0542703 0.0017679 0.0007323 -0.0045815 -0.0916413 -0.0455902 0.9947374
2452.826673 -0.0658401 0.0028961 -0.0026717 -0.0039481 -0.1105593 -0.0511302 0.9925456
2454.426519 -0.0840787 0.0064303 -0.0030038 -0.0081654 -0.1460251 -0.0810077 0.9859248
2454.476514 -0.0843470 0.0062363 -0.0035026 -0.0100320 -0.1484973 -0.0811716 0.9855248
2456.626306 -0.1145376 0.0135112 -0.0097729 -0.0140585 -0.1878686 -0.1306106 0.9733698
2457.026267 -0.1227181 0.0163942 -0.0122113 -0.0165605 -0.1992070 -0.1391409 0.9698877
2457.576214 -0.1334003 0.0192973 -0.0164195 -0.0170192 -0.2183261 -0.1544190 0.9634308
2457.826189 -0.1388238 0.0213137 -0.0195189 -0.0162985 -0.2267249 -0.1624612 0.9601753
2457.926180 -0.1402211 0.0207893 -0.0218446 -0.0163072 -0.2296708 -0.1653572 0.9589799
2458.126160 -0.1434019 0.0217177 -0.0235121 -0.0142546 -0.2322018 -0.1680628 0.9579322
2458.476126 -0.1529243 0.0243735 -0.0306067 0.0040595 -0.2490066 -0.1770338 0.9521756
2458.626112 -0.1564667 0.0250317 -0.0326396 0.0099074 -0.2584772 -0.1782748 0.9493732
2458.676502 -0.1584176 0.0254683 -0.0341111 0.0159057 -0.2621477 -0.1794118 0.9480702
2459.136493 -0.1678812 0.0274364 -0.0423554 0.0458186 -0.2841130 -0.1829730 0.9400540
2459.287288 -0.1701856 0.0274484 -0.0437613 0.0590124 -0.2916077 -0.1821403 0.9371806
2459.438499 -0.1720855 0.0284575 -0.0458550 0.0688570 -0.2960320 -0.1816166 0.9352214
2459.541946 -0.1738445 0.0277639 -0.0471005 0.0771614 -0.3020772 -0.1816060 0.9326386
2459.746055 -0.1777580 0.0293865 -0.0504822 0.0888276 -0.3119991 -0.1831655 0.9280176
2461.402690 -0.2009115 0.0378658 -0.0703092 0.1610042 -0.3639340 -0.1824718 0.8990738
2461.752795 -0.2071642 0.0402633 -0.0758182 0.1749921 -0.3774265 -0.1839450 0.8905568
2462.801508 -0.2242145 0.0482290 -0.0890607 0.1955241 -0.3901109 -0.1764148 0.8823047
2464.345787 -0.2221664 0.0512010 -0.0924881 0.1965923 -0.4100188 -0.1736930 0.8735370
2465.775420 -0.2413377 0.0669071 -0.1167355 0.1829957 -0.4160078 -0.1864242 0.8710316
2465.875410 -0.2413638 0.0670021 -0.1167033 0.1788402 -0.4138783 -0.1884981 0.8724617
2466.025395 -0.2397859 0.0691716 -0.1186670 0.1705027 -0.4107771 -0.1924409 0.8747328
2466.325366 -0.2390805 0.0687049 -0.1188824 0.1498605 -0.4155625 -0.2012045 0.8742806
2466.425357 -0.2391949 0.0688483 -0.1199633 0.1411177 -0.4115841 -0.2056428 0.8765817
2466.625337 -0.2405787 0.0739390 -0.1210678 0.1241532 -0.4023449 -0.2166384 0.8807794
2468.525153 -0.2545012 0.0935437 -0.1347417 0.0576773 -0.3853927 -0.2539688 0.8852376
2469.575052 -0.2579822 0.0999171 -0.1408461 0.0339629 -0.3813864 -0.2658638 0.8847076
2469.675042 -0.2605362 0.1011077 -0.1417465 0.0322170 -0.3795821 -0.2670531 0.8851905
2470.381829 -0.2644002 0.1061915 -0.1468598 0.0224614 -0.3747608 -0.2721138 0.8860044
2470.839706 -0.2670064 0.1081703 -0.1510269 0.0213791 -0.3750160 -0.2725292 0.8857955
2471.754572 -0.2720724 0.1134650 -0.1578554 0.0192278 -0.3702853 -0.2741860 0.8873225
2472.406208 -0.2762206 0.1188375 -0.1631559 0.0076878 -0.3628795 -0.2805975 0.8885518
2473.005933 -0.2790183 0.1213654 -0.1676986 0.0086129 -0.3704156 -0.2790647 0.8859126
2473.305508 -0.2811407 0.1212815 -0.1709369 0.0225293 -0.3789006 -0.2715325 0.8844190
2473.653795 -0.2833388 0.1206383 -0.1747296 0.0505915 -0.3924847 -0.2569639 0.8816835
2474.897828 -0.2881365 0.1186995 -0.1868529 0.1202590 -0.4239543 -0.2207468 0.8700985
2476.824350 -0.2978139 0.1270897 -0.2023220 0.1429196 -0.4274713 -0.2076805 0.8681654
2476.924340 -0.2979897 0.1274363 -0.2027424 0.1446925 -0.4275296 -0.2066344 0.8680926
2477.074326 -0.2983806 0.1276247 -0.2028563 0.1461479 -0.4274121 -0.2055040 0.8681750
2477.824253 -0.2992986 0.1299497 -0.2075034 0.1328178 -0.4191244 -0.2124910 0.8726637
2478.024234 -0.2999228 0.1326139 -0.2082304 0.1225789 -0.4161105 -0.2181531 0.8742058
2478.824156 -0.3037467 0.1394312 -0.2115514 0.0673314 -0.3882708 -0.2489974 0.8847104
2479.524088 -0.3036455 0.1455873 -0.2119051 0.0124743 -0.3665287 -0.2778542 0.8878615
2479.924050 -0.3021927 0.1498074 -0.2085482 -0.0169287 -0.3539015 -0.2933182 0.8879368
2480.124030 -0.3020794 0.1501047 -0.2090934 -0.0282993 -0.3497437 -0.2986659 0.8875118
2480.324011 -0.3019539 0.1504499 -0.2085727 -0.0408962 -0.3426076 -0.3057584 0.8873891
2480.623982 -0.3019767 0.1522103 -0.2088144 -0.0562008 -0.3339202 -0.3141523 0.8869313
2480.773967 -0.3009599 0.1523741 -0.2079874 -0.0595570 -0.3329834 -0.3158868 0.8864483
