2444.927438 0.0000000 0.0000000 0.0000000 -0.0000000 -0.0000000 -0.0000000 1.0000000
2449.476998 -0.0133394 0.0017447 0.0018082 -0.0248184 -0.0184585 -0.0007394 0.9995213
2449.626983 -0.0149601 0.0014919 0.0018262 -0.0234298 -0.0219434 -0.0014080 0.9994837
2449.976949 -0.0180030 0.0019189 0.0020927 -0.0204839 -0.0281517 -0.0029391 0.9993895
2450.076940 -0.0199112 0.0015883 0.0021339 -0.0198623 -0.0303934 -0.0042008 0.9993318
2450.726877 -0.0291932 0.0012533 0.0023423 -0.0130915 -0.0475673 -0.0196024 0.9985899
2451.426809 -0.0404578 0.0012666 0.0024007 -0.0116441 -0.0649115 -0.0328920 0.9972808
2452.176736 -0.0511641 0.0016708 0.0013454 -0.0090283 -0.0854275 -0.0427560 0.9953856
2452.476707 -0.0546795 0.0013115 0.0004729 -0.0047983 -0.0916381 -0.0455743 0.9947374
2452.676688 -0.0601985 0.0018996 -0.0003382 -0.0027800 -0.0981019 -0.0483813 0.9939957
2452.826673 -0.0668614 0.0027292 -0.0030343 -0.0040050 -0.1103344 -0.0511018 0.9925718
2453.776581 -0.0777434 0.0048978 -0.0030247 -0.0085770 -0.1345663 -0.0679853 0.9885325
2455.226441 -0.0955656 0.0082853 -0.0055654 -0.0078805 -0.1695702 -0.0993503 0.9804659
2455.576407 -0.1028772 0.0100419 -0.0070685 -0.0100947 -0.1760732 -0.1081290 0.9783683
2456.626306 -0.1154200 0.0136829 -0.0092018 -0.0140614 -0.1879515 -0.1303247 0.9733920
2457.176252 -0.1270897 0.0173274 -0.0129315 -0.0169163 -0.2034110 -0.1450544 0.9681410
2457.426228 -0.1314912 0.0191961 -0.0144220 -0.0175044 -0.2128007 -0.1494143 0.9654454
2457.826189 -0.1401113 0.0218180 -0.0192116 -0.0161410 -0.2267315 -0.1623847 0.9601893
2458.026170 -0.1442948 0.0222789 -0.0215372 -0.0159050 -0.2305071 -0.1662460 0.9586323
2458.176155 -0.1442431 0.0214018 -0.0225147 -0.0120305 -0.2342224 -0.1696593 0.9571890
2458.476126 -0.1526013 0.0237928 -0.0287112 0.0033583 -0.2499222 -0.1759092 0.9521468
2458.880493 -0.1630027 0.0262525 -0.0354497 0.0258544 -0.2714863 -0.1807765 0.9449585
2459.031960 -0.1662841 0.0276929 -0.0374536 0.0380033 -0.2796596 -0.1814870 0.9420238
2459.594331 -0.1753268 0.0301094 -0.0445262 0.0795186 -0.3048279 -0.1811320 0.9316372
2460.048337 -0.1837967 0.0307027 -0.0512219 0.1090479 -0.3249355 -0.1812688 0.9217739
2460.298471 -0.1875199 0.0309494 -0.0541946 0.1241881 -0.3334881 -0.1797052 0.9170982
2460.499834 -0.1889765 0.0319450 -0.0565007 0.1297327 -0.3372845 -0.1801627 0.9148498
2462.051877 -0.2103141 0.0403025 -0.0754925 0.1853199 -0.3806732 -0.1783369 0.8882232
2463.551494 -0.2221494 0.0478744 -0.0880030 0.1933320 -0.3998946 -0.1751326 0.8786556
2465.332179 -0.2363957 0.0621566 -0.1095276 0.1983410 -0.4250355 -0.1752952 0.8656080
2465.477859 -0.2409282 0.0648990 -0.1140367 0.1930252 -0.4224249 -0.1795405 0.8672161
2465.525819 -0.2386183 0.0633446 -0.1120170 0.1905939 -0.4222874 -0.1798966 0.8677468
2465.925405 -0.2399916 0.0665164 -0.1156252 0.1759437 -0.4137884 -0.1881665 0.8731645
2466.025395 -0.2400708 0.0663775 -0.1155639 0.1694756 -0.4120617 -0.1911943 0.8746016
2466.425357 -0.2379152 0.0695418 -0.1187928 0.1412257 -0.4126332 -0.2040608 0.8764408
2466.675333 -0.2451229 0.0756449 -0.1220853 0.1206718 -0.3999351 -0.2185128 0.8818970
2467.025299 -0.2435884 0.0765809 -0.1261349 0.1041772 -0.3990568 -0.2261697 0.8824670
2468.275178 -0.2531136 0.0908569 -0.1323253 0.0642558 -0.3886132 -0.2495687 0.8846279
2469.275081 -0.2574292 0.0976944 -0.1391973 0.0399150 -0.3835773 -0.2619403 0.8846822
2469.825028 -0.2616894 0.1015865 -0.1404665 0.0303522 -0.3780469 -0.2671106 0.8858957
2470.891756 -0.2675200 0.1078219 -0.1501150 0.0211199 -0.3771525 -0.2714157 0.8852364
2471.247509 -0.2698576 0.1103062 -0.1523339 0.0240129 -0.3793696 -0.2696838 0.8847445
2471.955580 -0.2731935 0.1149252 -0.1575990 0.0132744 -0.3682471 -0.2760526 0.8877009
2472.805794 -0.2781419 0.1202172 -0.1651209 0.0054921 -0.3674105 -0.2801296 0.8868521
2473.105646 -0.2802253 0.1215330 -0.1670206 0.0093196 -0.3732690 -0.2774387 0.8852182
2474.202182 -0.2865742 0.1190598 -0.1792215 0.0826723 -0.4079925 -0.2387972 0.8773160
2474.402202 -0.2884685 0.1204955 -0.1818033 0.0914933 -0.4159994 -0.2344005 0.8738592
2474.749304 -0.2889475 0.1187770 -0.1849239 0.1145762 -0.4234519 -0.2225923 0.8706397
2476.674364 -0.2982963 0.1258042 -0.2012926 0.1402134 -0.4266138 -0.2080325 0.8689438
2476.824350 -0.2995453 0.1268647 -0.2028728 0.1426617 -0.4278165 -0.2067085 0.8682697
2477.024331 -0.2995044 0.1271553 -0.2038289 0.1453078 -0.4281388 -0.2050380 0.8680681
2477.274306 -0.3002216 0.1274882 -0.2044382 0.1497810 -0.4284737 -0.2025435 0.8677281
2477.874248 -0.3006253 0.1316589 -0.2081593 0.1311094 -0.4186683 -0.2127764 0.8730713
2478.124224 -0.3018431 0.1325438 -0.2095491 0.1159756 -0.4141900 -0.2203169 0.8754752
2478.324205 -0.3031435 0.1342928 -0.2093033 0.1039866 -0.4098347 -0.2266841 0.8774033
2479.174122 -0.3045007 0.1440919 -0.2111682 0.0400461 -0.3762133 -0.2620542 0.8877992
2480.024040 -0.3048095 0.1490795 -0.2098016 -0.0234317 -0.3517544 -0.2954701 0.8879286
2480.224021 -0.3045653 0.1494486 -0.2110502 -0.0361683 -0.3456532 -0.3023318 0.8875873
2480.374006 -0.3030388 0.1505689 -0.2082419 -0.0424023 -0.3427960 -0.3054291 0.8873590
2480.673977 -0.3028595 0.1524858 -0.2084791 -0.0581601 -0.3342591 -0.3141379 0.8866824
2480.973948 -0.3024104 0.1537208 -0.2081967 -0.0601888 -0.3327983 -0.3151993 0.8867198
