2444.927438 0.0000000 0.0000000 0.0000000 -0.0000000 -0.0000000 -0.0000000 1.0000000
2449.476998 -0.0138829 0.0018823 0.0017614 -0.0248195 -0.0185550 -0.0006882 0.9995195
2449.526993 -0.0133789 0.0015081 0.0016746 -0.0235904 -0.0202668 -0.0010642 0.9995157
2450.926857 -0.0335019 0.0008307 0.0022285 -0.0124317 -0.0520534 -0.0242043 0.9982736
2451.126838 -0.0368560 0.0005330 0.0019166 -0.0118010 -0.0570788 -0.0286888 0.9978876
2451.276823 -0.0389828 0.0008268 0.0018522 -0.0120157 -0.0613092 -0.0306526 0.9975757
2451.826770 -0.0493506 0.0016055 0.0018977 -0.0106066 -0.0760761 -0.0401101 0.9962385
2452.426712 -0.0561864 0.0012709 0.0005997 -0.0052584 -0.0897021 -0.0454438 0.9949175
2452.726683 -0.0643910 0.0023839 -0.0015228 -0.0038080 -0.1021423 -0.0481717 0.9935955
2453.826577 -0.0815734 0.0050226 -0.0035948 -0.0080179 -0.1350767 -0.0692743 0.9883780
2454.076552 -0.0841802 0.0055252 -0.0030116 -0.0088897 -0.1396103 -0.0755711 0.9872786
2455.776388 -0.1103680 0.0115206 -0.0081688 -0.0114140 -0.1792092 -0.1110007 0.9774624
2456.226344 -0.1154376 0.0126109 -0.0091160 -0.0122036 -0.1845321 -0.1195184 0.9754560
2456.676301 -0.1214444 0.0143385 -0.0103662 -0.0143783 -0.1897508 -0.1316523 0.9728595
2457.326238 -0.1360111 0.0192315 -0.0150782 -0.0183619 -0.2096277 -0.1465043 0.9665690
2457.526218 -0.1393212 0.0202373 -0.0166485 -0.0181719 -0.2168400 -0.1517227 0.9641735
2457.826189 -0.1460819 0.0226565 -0.0205437 -0.0161736 -0.2274930 -0.1625165 0.9599863
2457.976175 -0.1487456 0.0234464 -0.0215391 -0.0160970 -0.2307629 -0.1658014 0.9586445
2458.326141 -0.1586519 0.0262533 -0.0270269 -0.0079127 -0.2378645 -0.1729792 0.9557385
2458.476126 -0.1563220 0.0256440 -0.0282547 0.0035805 -0.2520955 -0.1747511 0.9517863
2458.576117 -0.1637886 0.0273997 -0.0313612 0.0078070 -0.2564195 -0.1775560 0.9500853
2459.136493 -0.1768349 0.0305297 -0.0417568 0.0462651 -0.2853545 -0.1821696 0.9398120
2459.594331 -0.1834277 0.0305272 -0.0479509 0.0792191 -0.3053062 -0.1815525 0.9314243
2459.947655 -0.1911180 0.0326463 -0.0535597 0.1035653 -0.3218630 -0.1822975 0.9232801
2460.048337 -0.1925355 0.0326805 -0.0544461 0.1093636 -0.3253442 -0.1817257 0.9215024
2461.051855 -0.2051825 0.0366574 -0.0676623 0.1524254 -0.3560437 -0.1788404 0.9044421
2462.401704 -0.2233981 0.0447965 -0.0825358 0.1952270 -0.3893829 -0.1734932 0.8832709
2463.551494 -0.2325794 0.0510083 -0.0922849 0.1936104 -0.4005979 -0.1754053 0.8782194
2465.133957 -0.2504961 0.0665101 -0.1155019 0.2062768 -0.4233169 -0.1722167 0.8652133
2465.775420 -0.2487201 0.0684388 -0.1178668 0.1825227 -0.4189434 -0.1845958 0.8701128
2465.925405 -0.2484549 0.0689633 -0.1186730 0.1758633 -0.4155423 -0.1875326 0.8724840
2466.025395 -0.2479696 0.0695821 -0.1193187 0.1696895 -0.4136696 -0.1908556 0.8738747
2466.325366 -0.2537656 0.0766408 -0.1255724 0.1511003 -0.4158030 -0.2010660 0.8739845
2466.425357 -0.2549582 0.0780931 -0.1252898 0.1427959 -0.4117580 -0.2054881 0.8762644
2467.675236 -0.2631298 0.0920234 -0.1350262 0.0844744 -0.3877836 -0.2397161 0.8860160
2468.275178 -0.2653137 0.0973435 -0.1373098 0.0649319 -0.3896095 -0.2495400 0.8841482
2469.675042 -0.2738347 0.1073040 -0.1478095 0.0324740 -0.3809468 -0.2664289 0.8847828
2470.787973 -0.2801666 0.1147111 -0.1565085 0.0219086 -0.3750816 -0.2719776 0.8859244
2470.943687 -0.2814221 0.1159764 -0.1579769 0.0218597 -0.3784112 -0.2716193 0.8846186
2471.854879 -0.2860323 0.1213974 -0.1644357 0.0161349 -0.3693085 -0.2753383 0.8874344
2472.706080 -0.2917007 0.1283950 -0.1720376 0.0075254 -0.3680480 -0.2798961 0.8866466
2473.305508 -0.2953144 0.1285466 -0.1780017 0.0227829 -0.3805263 -0.2707025 0.8839689
2473.504185 -0.2969322 0.1285647 -0.1802792 0.0397447 -0.3884889 -0.2620351 0.8825159
2474.102764 -0.2997579 0.1272641 -0.1856683 0.0777627 -0.4049375 -0.2425535 0.8781494
2474.252177 -0.3020326 0.1274428 -0.1883009 0.0849653 -0.4104250 -0.2386597 0.8759987
2475.638036 -0.3070082 0.1271196 -0.2033615 0.1534106 -0.4353663 -0.2028804 0.8635745
2476.824350 -0.3131415 0.1345835 -0.2126756 0.1431792 -0.4285808 -0.2070421 0.8677280
2476.924340 -0.3132099 0.1347158 -0.2129678 0.1448944 -0.4287247 -0.2059252 0.8676379
2477.124321 -0.3127889 0.1351566 -0.2131975 0.1479499 -0.4290886 -0.2041102 0.8673712
2477.824253 -0.3124992 0.1367914 -0.2149740 0.1328540 -0.4214838 -0.2110445 0.8718724
2478.024234 -0.3150834 0.1403283 -0.2169594 0.1227882 -0.4178158 -0.2172727 0.8735821
2478.824156 -0.3190745 0.1472632 -0.2215976 0.0674542 -0.3899415 -0.2478061 0.8843007
2479.174122 -0.3204911 0.1517473 -0.2201622 0.0405093 -0.3771666 -0.2626968 0.8871836
2479.824059 -0.3179568 0.1575872 -0.2185948 -0.0074724 -0.3596703 -0.2876003 0.8876190
2480.224021 -0.3177677 0.1594232 -0.2178502 -0.0349838 -0.3474190 -0.3022475 0.8869739
2480.773967 -0.3161945 0.1611731 -0.2182701 -0.0593335 -0.3345328 -0.3152113 0.8861203
2481.823866 -0.3169205 0.1614563 -0.2175012 -0.0595911 -0.3374554 -0.3147887 0.8851445
