2469.725037 0.0000000 0.0000000 0.0000000 -0.0000000 -0.0000000 -0.0000000 1.0000000
2470.787973 -0.0058339 0.0006342 -0.0003633 -0.0118931 0.0020397 -0.0004536 0.9999271
2471.349495 -0.0092065 0.0006806 -0.0003821 -0.0071793 -0.0013692 -0.0000657 0.9999733
2471.502878 -0.0098197 0.0005716 -0.0006996 -0.0092119 0.0019266 -0.0002605 0.9999557
2472.005891 -0.0127474 0.0012239 -0.0006181 -0.0227573 0.0064668 -0.0013187 0.9997193
2472.555779 -0.0161288 0.0018335 -0.0004974 -0.0305743 0.0074680 -0.0020060 0.9995026
2472.706080 -0.0174139 0.0018201 -0.0008088 -0.0295577 0.0048458 -0.0020608 0.9995492
2473.205498 -0.0198018 0.0013678 -0.0011849 -0.0193841 -0.0019208 -0.0006911 0.9998100
2473.355662 -0.0209649 0.0003350 -0.0015044 -0.0020209 -0.0035046 0.0000126 0.9999918
2474.152601 -0.0240393 -0.0023377 -0.0029042 0.0585788 -0.0114081 0.0033831 0.9982119
2476.029050 -0.0331701 -0.0051395 -0.0062592 0.1396808 -0.0226951 0.0068264 0.9899129
2476.129395 -0.0336902 -0.0047943 -0.0060863 0.1350546 -0.0211819 0.0068429 0.9905881
2476.624369 -0.0358528 -0.0046582 -0.0061343 0.1299402 -0.0159805 0.0074054 0.9913654
2476.724360 -0.0360767 -0.0049299 -0.0057304 0.1325942 -0.0172658 0.0079311 0.9909883
2476.824350 -0.0379630 -0.0049214 -0.0058063 0.1351628 -0.0168269 0.0076692 0.9906509
2477.324302 -0.0384491 -0.0048246 -0.0061919 0.1426842 -0.0152622 0.0083219 0.9896156
2477.424292 -0.0386312 -0.0047264 -0.0063723 0.1437720 -0.0143298 0.0086233 0.9894695
2477.574277 -0.0387384 -0.0045208 -0.0062520 0.1391438 -0.0140038 0.0086404 0.9901355
2477.624272 -0.0385924 -0.0045889 -0.0060641 0.1371625 -0.0144153 0.0086730 0.9904057
2477.774258 -0.0392817 -0.0045828 -0.0068403 0.1254417 -0.0119919 0.0084805 0.9919923
2478.874151 -0.0465230 -0.0008529 -0.0065378 0.0378753 0.0045550 0.0031067 0.9992673
2479.824059 -0.0488262 0.0033812 -0.0060417 -0.0475135 0.0108148 -0.0051997 0.9987985
2479.924050 -0.0471946 0.0031577 -0.0056827 -0.0589013 0.0104625 -0.0055373 0.9981936
2480.124030 -0.0474928 0.0044504 -0.0054859 -0.0710123 0.0109015 -0.0066702 0.9973935
2480.473997 -0.0482945 0.0034496 -0.0061665 -0.0974413 0.0161516 -0.0091148 0.9950685
2480.573987 -0.0487165 0.0046179 -0.0067337 -0.1034318 0.0172822 -0.0090929 0.9944448
2481.073938 -0.0482612 0.0046390 -0.0061229 -0.1119499 0.0181060 -0.0106828 0.9934915
