2444.927438 0.0000000 0.0000000 0.0000000 -0.0000000 -0.0000000 -0.0000000 1.0000000
2449.476998 -0.0137226 0.0017002 0.0015983 -0.0248296 -0.0183676 -0.0008182 0.9995226
2449.526993 -0.0134964 0.0013047 0.0017147 -0.0236391 -0.0198973 -0.0012067 0.9995218
2450.226925 -0.0218051 0.0010214 0.0017264 -0.0202312 -0.0340707 -0.0061484 0.9991958
2450.926857 -0.0325908 0.0002809 0.0014885 -0.0126283 -0.0518098 -0.0243364 0.9982805
2451.276823 -0.0379079 0.0003070 0.0013590 -0.0122352 -0.0611151 -0.0307968 0.9975805
2451.826770 -0.0478741 0.0007469 0.0008453 -0.0108943 -0.0758323 -0.0403521 0.9962442
2452.676688 -0.0603702 0.0010163 -0.0014531 -0.0031470 -0.0984207 -0.0481545 0.9939741
2452.826673 -0.0671280 0.0018752 -0.0043708 -0.0043804 -0.1106910 -0.0510390 0.9925338
2453.826577 -0.0793121 0.0036142 -0.0048434 -0.0085951 -0.1346688 -0.0692791 0.9884285
2455.726393 -0.1072109 0.0095808 -0.0096222 -0.0122225 -0.1780160 -0.1100066 0.9777830
2456.176349 -0.1120008 0.0104002 -0.0112000 -0.0125554 -0.1837266 -0.1187745 0.9756944
2456.676301 -0.1184314 0.0124855 -0.0125048 -0.0150236 -0.1889793 -0.1315594 0.9730124
2457.276243 -0.1310094 0.0164711 -0.0165684 -0.0188000 -0.2072001 -0.1460519 0.9671523
2457.576214 -0.1372922 0.0175773 -0.0201484 -0.0179148 -0.2180099 -0.1546692 0.9634460
2457.776194 -0.1418214 0.0197166 -0.0220608 -0.0175326 -0.2250283 -0.1613691 0.9607366
2458.026170 -0.1458173 0.0185939 -0.0274249 -0.0175090 -0.2304326 -0.1660074 0.9586636
2458.076165 -0.1465952 0.0187751 -0.0279762 -0.0174260 -0.2308502 -0.1664908 0.9584807
2458.276146 -0.1503402 0.0196652 -0.0301348 -0.0114452 -0.2357488 -0.1717595 0.9564466
2458.626112 -0.1611841 0.0224736 -0.0375393 0.0085008 -0.2579953 -0.1782259 0.9495271
2458.676502 -0.1632203 0.0232696 -0.0384091 0.0147298 -0.2619129 -0.1792344 0.9481876
2458.880493 -0.1674252 0.0237845 -0.0421071 0.0248203 -0.2706324 -0.1815641 0.9450802
2459.136493 -0.1726570 0.0252008 -0.0468557 0.0446238 -0.2841938 -0.1828914 0.9401029
2459.287288 -0.1755455 0.0253830 -0.0484925 0.0579437 -0.2913412 -0.1822028 0.9373180
2459.337284 -0.1763215 0.0254585 -0.0498509 0.0608641 -0.2928943 -0.1821244 0.9366639
2459.438499 -0.1765805 0.0253864 -0.0500382 0.0673124 -0.2962821 -0.1814835 0.9352806
2459.947655 -0.1875991 0.0284697 -0.0578625 0.1022784 -0.3204071 -0.1829722 0.9237963
2460.499834 -0.1942119 0.0300720 -0.0644064 0.1289069 -0.3362220 -0.1811626 0.9151601
2461.152497 -0.2024249 0.0331783 -0.0720724 0.1536054 -0.3564849 -0.1795740 0.9039232
2461.952242 -0.2156491 0.0391843 -0.0818612 0.1810316 -0.3782507 -0.1814314 0.8895148
2465.925405 -0.2480021 0.0660963 -0.1233666 0.1751240 -0.4129001 -0.1892059 0.8735252
2465.975400 -0.2479961 0.0660986 -0.1233687 0.1718895 -0.4117130 -0.1909000 0.8743590
2466.075391 -0.2475595 0.0668907 -0.1241660 0.1668074 -0.4117263 -0.1932581 0.8748189
2466.175381 -0.2468335 0.0680251 -0.1252449 0.1598354 -0.4145036 -0.1958936 0.8742226
2466.425357 -0.2455940 0.0700654 -0.1273007 0.1405739 -0.4114345 -0.2050339 0.8768819
2467.925211 -0.2595632 0.0894217 -0.1378376 0.0769567 -0.3816656 -0.2435527 0.8883080
2469.525057 -0.2684245 0.1022173 -0.1479840 0.0331592 -0.3807168 -0.2657659 0.8850558
2469.625047 -0.2685558 0.1021053 -0.1478367 0.0321252 -0.3806017 -0.2660471 0.8850589
2469.925018 -0.2700761 0.1033901 -0.1502684 0.0264845 -0.3753567 -0.2693095 0.8864978
2470.280080 -0.2727028 0.1061551 -0.1540474 0.0214229 -0.3760610 -0.2714764 0.8856747
2470.943687 -0.2768752 0.1101758 -0.1596358 0.0204206 -0.3768478 -0.2717951 0.8852661
2471.804883 -0.2810096 0.1150513 -0.1654644 0.0167557 -0.3693030 -0.2743416 0.8877338
2472.055886 -0.2829081 0.1174994 -0.1680600 0.0112784 -0.3654217 -0.2773726 0.8884842
2472.805794 -0.2870318 0.1218774 -0.1740657 0.0045510 -0.3663858 -0.2805431 0.8871507
2473.454862 -0.2918865 0.1226604 -0.1806125 0.0349068 -0.3848118 -0.2641338 0.8837052
2474.202182 -0.2965735 0.1213882 -0.1890214 0.0821219 -0.4067252 -0.2396201 0.8777316
2475.145394 -0.2996786 0.1208787 -0.1974678 0.1317534 -0.4265982 -0.2138153 0.8688717
2475.245739 -0.3016101 0.1219966 -0.1996244 0.1340143 -0.4301117 -0.2128410 0.8670310
2476.824350 -0.3087837 0.1288151 -0.2124508 0.1420047 -0.4270047 -0.2075437 0.8685777
2476.974335 -0.3086200 0.1292111 -0.2129579 0.1438975 -0.4271914 -0.2061929 0.8684961
2477.174316 -0.3085396 0.1289417 -0.2133486 0.1470719 -0.4277758 -0.2042694 0.8681312
2477.574277 -0.3083977 0.1298499 -0.2148706 0.1454662 -0.4251740 -0.2044683 0.8696317
2477.824253 -0.3107993 0.1328169 -0.2172179 0.1320091 -0.4186012 -0.2123466 0.8730725
2478.774161 -0.3149053 0.1436975 -0.2207338 0.0705864 -0.3903164 -0.2458979 0.8844235
2478.974142 -0.3160243 0.1459274 -0.2195782 0.0558727 -0.3810058 -0.2545017 0.8870974
2479.174122 -0.3167953 0.1453274 -0.2206868 0.0387077 -0.3748836 -0.2632642 0.8880631
2480.224021 -0.3135506 0.1539894 -0.2178330 -0.0362361 -0.3455383 -0.3022015 0.8876737
2480.723972 -0.3128080 0.1558157 -0.2177899 -0.0600175 -0.3327851 -0.3148110 0.8868743
2481.823866 -0.3120651 0.1562180 -0.2169567 -0.0607584 -0.3358740 -0.3145407 0.8857546
