2444.927438 0.0000000 0.0000000 0.0000000 -0.0000000 -0.0000000 -0.0000000 1.0000000
2449.476998 -0.0133078 0.0015657 0.0015478 -0.0248987 -0.0185833 -0.0007421 0.9995170
2449.626983 -0.0148241 0.0011320 0.0014306 -0.0236261 -0.0221859 -0.0012976 0.9994738
2449.676978 -0.0149318 0.0013373 0.0020207 -0.0229213 -0.0233085 -0.0015036 0.9994644
2450.576891 -0.0275081 0.0010424 0.0021112 -0.0158505 -0.0441276 -0.0152899 0.9987832
2450.976852 -0.0332674 0.0006594 0.0018055 -0.0125012 -0.0532434 -0.0251141 0.9981874
2451.226828 -0.0420416 0.0014946 0.0027041 -0.0114976 -0.0576154 -0.0320061 0.9977595
2451.826770 -0.0419741 0.0006407 0.0003566 -0.0109825 -0.0786959 -0.0385706 0.9960917
2452.326722 -0.0525893 0.0011078 0.0008070 -0.0063388 -0.0884532 -0.0453045 0.9950293
2452.476707 -0.0549750 0.0010556 -0.0001342 -0.0049486 -0.0917789 -0.0456246 0.9947214
2452.826673 -0.0660419 0.0025499 -0.0029046 -0.0041099 -0.1111053 -0.0509792 0.9924918
2453.626596 -0.0759695 0.0039978 -0.0034931 -0.0084573 -0.1333866 -0.0661452 0.9888181
2455.526412 -0.1028548 0.0090675 -0.0083831 -0.0102196 -0.1752762 -0.1062704 0.9787137
2456.226344 -0.1110759 0.0112331 -0.0101999 -0.0125973 -0.1843286 -0.1196556 0.9754726
2457.326238 -0.1308089 0.0176113 -0.0154745 -0.0187562 -0.2095896 -0.1465932 0.9665562
2457.476223 -0.1330059 0.0181524 -0.0163846 -0.0175494 -0.2150507 -0.1503345 0.9648030
2457.776194 -0.1395019 0.0207345 -0.0201682 -0.0168876 -0.2258298 -0.1615742 0.9605256
2457.976175 -0.1433220 0.0217441 -0.0225292 -0.0163041 -0.2303858 -0.1661694 0.9586680
2458.126160 -0.1457099 0.0212999 -0.0240745 -0.0145483 -0.2326902 -0.1682503 0.9577763
2458.276146 -0.1488271 0.0222634 -0.0260338 -0.0101078 -0.2365199 -0.1722626 0.9561809
2458.626112 -0.1591524 0.0251671 -0.0325588 0.0098140 -0.2591893 -0.1783825 0.9491598
2458.980345 -0.1674898 0.0273020 -0.0389573 0.0334426 -0.2772878 -0.1824885 0.9427041
2459.136493 -0.1703660 0.0276591 -0.0421290 0.0457319 -0.2851952 -0.1829460 0.9397357
2459.287288 -0.1728571 0.0274746 -0.0444209 0.0590526 -0.2924438 -0.1824629 0.9368547
2459.594331 -0.1769579 0.0275774 -0.0484568 0.0787334 -0.3050100 -0.1823785 0.9314012
2459.947655 -0.1846190 0.0301979 -0.0533723 0.1033121 -0.3216177 -0.1831381 0.9232275
2460.098135 -0.1862158 0.0298235 -0.0544934 0.1119903 -0.3272770 -0.1823651 0.9203755
2460.550758 -0.1910964 0.0311783 -0.0601007 0.1308379 -0.3388855 -0.1808189 0.9139708
2461.952242 -0.2116686 0.0399047 -0.0782004 0.1816986 -0.3795722 -0.1815111 0.8887994
2464.345787 -0.2324383 0.0543223 -0.1016378 0.1971842 -0.4084059 -0.1755114 0.8737956
2464.889946 -0.2318919 0.0561329 -0.1033885 0.2016103 -0.4200411 -0.1714441 0.8680586
2465.725424 -0.2433877 0.0663416 -0.1187953 0.1837910 -0.4182938 -0.1855610 0.8699530
2465.925405 -0.2434307 0.0662311 -0.1186784 0.1756167 -0.4144510 -0.1893454 0.8726611
2466.025395 -0.2429626 0.0668469 -0.1192972 0.1694184 -0.4127252 -0.1925061 0.8740118
2466.125386 -0.2421121 0.0674385 -0.1198271 0.1638090 -0.4150615 -0.1946018 0.8735106
2466.425357 -0.2402792 0.0702032 -0.1226120 0.1411889 -0.4134236 -0.2053065 0.8757830
2466.675333 -0.2450263 0.0755839 -0.1242366 0.1201574 -0.4016796 -0.2185240 0.8811714
2468.275178 -0.2568381 0.0926855 -0.1357878 0.0644197 -0.3891374 -0.2507612 0.8840481
2469.275081 -0.2612326 0.0997509 -0.1420255 0.0399505 -0.3843222 -0.2631255 0.8840053
2469.625047 -0.2641885 0.1013895 -0.1438450 0.0323806 -0.3819128 -0.2667385 0.8842764
2470.943687 -0.2715113 0.1099476 -0.1551767 0.0210528 -0.3784410 -0.2725080 0.8843521
2471.247509 -0.2733725 0.1119016 -0.1574196 0.0239983 -0.3796732 -0.2709792 0.8842187
2472.055886 -0.2782906 0.1188910 -0.1633555 0.0125421 -0.3666926 -0.2780734 0.8877243
2472.406208 -0.2780384 0.1189616 -0.1653754 0.0070541 -0.3654866 -0.2803839 0.8875555
2473.305508 -0.2850282 0.1232077 -0.1741171 0.0223835 -0.3806225 -0.2715568 0.8836755
2473.454862 -0.2860981 0.1225744 -0.1754267 0.0355918 -0.3866178 -0.2644636 0.8827904
2474.202182 -0.2901310 0.1211136 -0.1838769 0.0827129 -0.4086361 -0.2399529 0.8766971
2474.947112 -0.2928054 0.1205538 -0.1905503 0.1245227 -0.4267282 -0.2183605 0.8687438
2475.979054 -0.2993247 0.1243842 -0.2018865 0.1471455 -0.4344833 -0.2060295 0.8643636
2476.924340 -0.3016804 0.1280042 -0.2082411 0.1438454 -0.4292697 -0.2063888 0.8674328
2477.524282 -0.3034678 0.1299454 -0.2114753 0.1473657 -0.4265984 -0.2044113 0.8686272
2477.624272 -0.3030343 0.1299879 -0.2115669 0.1444406 -0.4263929 -0.2060386 0.8688350
2477.924243 -0.3031380 0.1316161 -0.2136741 0.1280733 -0.4195372 -0.2147834 0.8726133
2478.474190 -0.3056680 0.1380162 -0.2158196 0.0931610 -0.4070649 -0.2329130 0.8782771
2478.724166 -0.3080316 0.1413816 -0.2165561 0.0746611 -0.3949625 -0.2442105 0.8824917
2479.824059 -0.3077196 0.1507128 -0.2149448 -0.0082724 -0.3594910 -0.2886445 0.8873456
2480.024040 -0.3073324 0.1517333 -0.2146119 -0.0232357 -0.3530235 -0.2967009 0.8870193
2480.673977 -0.3057117 0.1549565 -0.2133327 -0.0580190 -0.3353734 -0.3153275 0.8858482
2480.923953 -0.3054774 0.1554238 -0.2129228 -0.0610466 -0.3337320 -0.3167024 0.8857742
2481.773871 -0.3058281 0.1554817 -0.2140527 -0.0604657 -0.3367551 -0.3157553 0.8850077
2481.923856 -0.3060322 0.1552408 -0.2133424 -0.0591848 -0.3380335 -0.3150057 0.8848740
