2469.725037 0.0000000 0.0000000 0.0000000 -0.0000000 -0.0000000 -0.0000000 1.0000000
2470.736931 -0.0091323 0.0028265 0.0001961 -0.0104332 0.0034099 -0.0012371 0.9999390
2470.839706 -0.0094190 0.0028171 -0.0002713 -0.0102937 0.0004547 -0.0007062 0.9999467
2471.502878 -0.0134981 0.0017443 -0.0010649 -0.0086472 0.0008907 -0.0001243 0.9999622
2472.206050 -0.0201063 0.0029721 -0.0012104 -0.0288259 0.0091997 -0.0017675 0.9995406
2472.306356 -0.0117414 0.0024442 -0.0033718 -0.0290872 0.0019407 0.0013507 0.9995741
2472.605932 -0.0231672 0.0029067 -0.0020405 -0.0293558 0.0054043 -0.0017789 0.9995528
2473.055789 -0.0266071 0.0025677 -0.0024267 -0.0267247 -0.0006016 -0.0012561 0.9996419
2473.355662 -0.0295288 0.0007499 -0.0033005 -0.0017029 -0.0052118 0.0003218 0.9999849
2473.454862 -0.0298067 0.0005416 -0.0032723 0.0076358 -0.0062534 0.0009957 0.9999508
2474.152601 -0.0338810 -0.0029109 -0.0054573 0.0591557 -0.0133241 0.0038061 0.9981526
2475.095616 -0.0394518 -0.0057178 -0.0080868 0.1195565 -0.0211872 0.0060570 0.9925829
2475.930244 -0.0475122 -0.0069093 -0.0097781 0.1458899 -0.0245059 0.0076609 0.9889676
2476.079045 -0.0478034 -0.0066336 -0.0102183 0.1379713 -0.0240334 0.0074610 0.9901165
2476.624369 -0.0524875 -0.0066979 -0.0112068 0.1304177 -0.0177648 0.0077526 0.9912696
2476.924340 -0.0533621 -0.0066502 -0.0108585 0.1378449 -0.0195879 0.0089328 0.9902198
2477.024331 -0.0535382 -0.0066563 -0.0109028 0.1388003 -0.0195378 0.0088615 0.9900880
2477.424292 -0.0554555 -0.0070639 -0.0104271 0.1439998 -0.0167113 0.0091711 0.9893941
2477.574277 -0.0553714 -0.0070270 -0.0105575 0.1392372 -0.0164629 0.0093385 0.9900782
2477.624272 -0.0553632 -0.0070593 -0.0105101 0.1373974 -0.0167933 0.0093955 0.9903291
2477.874248 -0.0561541 -0.0068021 -0.0114513 0.1201427 -0.0141511 0.0081980 0.9926220
2479.174122 -0.0674303 -0.0025296 -0.0120838 0.0073114 0.0044532 0.0017467 0.9999619
2479.724069 -0.0703444 0.0015887 -0.0119968 -0.0384651 0.0062466 -0.0040095 0.9992324
2480.124030 -0.0705219 0.0014446 -0.0112651 -0.0738088 0.0091849 -0.0059798 0.9972122
2480.374006 -0.0687092 0.0069498 -0.0104236 -0.0882193 0.0110378 -0.0073862 0.9960126
2480.723972 -0.0698990 0.0065303 -0.0101046 -0.1102289 0.0145644 -0.0100489 0.9937487
