2444.927438 0.0000000 0.0000000 0.0000000 -0.0000000 -0.0000000 -0.0000000 1.0000000
2449.476998 -0.0132419 0.0017313 0.0016622 -0.0248352 -0.0185299 -0.0007356 0.9995195
2449.626983 -0.0148742 0.0018808 0.0020847 -0.0233066 -0.0220598 -0.0013822 0.9994841
2450.076940 -0.0197943 0.0016798 0.0019843 -0.0198398 -0.0305060 -0.0041314 0.9993291
2450.576891 -0.0271774 0.0014101 0.0023020 -0.0157110 -0.0441169 -0.0151462 0.9987880
2450.926857 -0.0325868 0.0009151 0.0020969 -0.0123632 -0.0517223 -0.0243271 0.9982886
2451.226828 -0.0371542 0.0012975 0.0018617 -0.0116674 -0.0597702 -0.0303997 0.9976810
2451.826770 -0.0480284 0.0018049 0.0019607 -0.0105135 -0.0755604 -0.0403089 0.9962707
2452.326722 -0.0527590 0.0017864 0.0014596 -0.0060363 -0.0881406 -0.0453287 0.9950579
2452.476707 -0.0550229 0.0018141 0.0006916 -0.0045999 -0.0915309 -0.0454946 0.9947518
2452.826673 -0.0667696 0.0031724 -0.0027255 -0.0038522 -0.1105176 -0.0511508 0.9925496
2456.126354 -0.1103775 0.0120933 -0.0083040 -0.0116972 -0.1828703 -0.1180692 0.9759515
2456.376330 -0.1125795 0.0130694 -0.0086161 -0.0119079 -0.1850899 -0.1231859 0.9748975
2456.826286 -0.1192076 0.0152035 -0.0105340 -0.0160546 -0.1939351 -0.1337949 0.9717152
2457.176252 -0.1278709 0.0174392 -0.0134989 -0.0168599 -0.2031799 -0.1451267 0.9681797
2457.526218 -0.1343546 0.0197594 -0.0157308 -0.0180847 -0.2159965 -0.1516062 0.9643827
2457.826189 -0.1408793 0.0219561 -0.0195746 -0.0161139 -0.2265566 -0.1624778 0.9602153
2458.376136 -0.1510839 0.0261163 -0.0263658 -0.0026940 -0.2413708 -0.1742374 0.9546593
2458.476126 -0.1549745 0.0256834 -0.0293272 0.0040003 -0.2490633 -0.1761968 0.9523162
2458.576117 -0.1575456 0.0264848 -0.0306168 0.0077290 -0.2555130 -0.1771177 0.9504119
2458.676502 -0.1608258 0.0265907 -0.0326093 0.0158223 -0.2623587 -0.1783321 0.9482169
2458.980345 -0.1670267 0.0276941 -0.0378985 0.0332398 -0.2766566 -0.1813980 0.9431071
2459.136493 -0.1694912 0.0283616 -0.0410609 0.0457272 -0.2845385 -0.1817423 0.9401684
2459.594331 -0.1770588 0.0290274 -0.0473177 0.0789475 -0.3039237 -0.1812044 0.9319671
2459.947655 -0.1842839 0.0309547 -0.0528668 0.1032590 -0.3205551 -0.1821104 0.9238062
2460.147715 -0.1869549 0.0307437 -0.0542022 0.1159046 -0.3288358 -0.1800319 0.9197944
2460.651143 -0.1918109 0.0322842 -0.0592435 0.1350642 -0.3401090 -0.1793336 0.9131938
2461.102502 -0.1973720 0.0354136 -0.0657304 0.1538292 -0.3563468 -0.1785740 0.9041376
2463.551494 -0.2243592 0.0492928 -0.0897794 0.1936032 -0.3991071 -0.1751660 0.8789472
2463.651129 -0.2239383 0.0493156 -0.0906448 0.1938411 -0.4016823 -0.1748623 0.8777813
2464.345787 -0.2286109 0.0528729 -0.0966033 0.1969252 -0.4084196 -0.1739072 0.8741683
2465.875410 -0.2436206 0.0674398 -0.1180570 0.1787191 -0.4137760 -0.1875117 0.8727475
2465.975400 -0.2433988 0.0675327 -0.1181590 0.1731890 -0.4115515 -0.1906785 0.8742269
2466.075391 -0.2425666 0.0688163 -0.1194669 0.1678443 -0.4117060 -0.1926994 0.8747534
2466.275371 -0.2404238 0.0720614 -0.1231948 0.1533235 -0.4155825 -0.1991009 0.8741521
2466.375362 -0.2402987 0.0722398 -0.1225412 0.1454494 -0.4128582 -0.2032848 0.8758241
2466.475352 -0.2400706 0.0725230 -0.1231374 0.1368275 -0.4092421 -0.2080452 0.8777906
2468.025202 -0.2530371 0.0897189 -0.1320439 0.0733332 -0.3859999 -0.2451973 0.8862870
2468.125192 -0.2542880 0.0908791 -0.1343051 0.0696972 -0.3865984 -0.2470580 0.8858026
2468.275178 -0.2544566 0.0921826 -0.1345019 0.0644934 -0.3881407 -0.2496912 0.8847834
2469.625047 -0.2658899 0.1042531 -0.1429041 0.0337319 -0.3793261 -0.2664729 0.8854187
2470.229730 -0.2656087 0.1045769 -0.1476658 0.0231805 -0.3772379 -0.2703013 0.8854895
2470.330964 -0.2658265 0.1049089 -0.1481793 0.0210291 -0.3758073 -0.2714740 0.8857926
2471.247509 -0.2715976 0.1106680 -0.1555141 0.0238782 -0.3785473 -0.2698428 0.8850518
2471.704715 -0.2734744 0.1132245 -0.1584823 0.0197946 -0.3711019 -0.2727065 0.8874248
2472.805794 -0.2798503 0.1206014 -0.1676816 0.0051957 -0.3667625 -0.2799947 0.8871648
2473.355662 -0.2841198 0.1211488 -0.1741249 0.0278891 -0.3816608 -0.2679086 0.8841845
2474.650598 -0.2902659 0.1203892 -0.1863075 0.1059243 -0.4199463 -0.2270578 0.8722786
2474.947112 -0.2911246 0.1191703 -0.1888484 0.1245375 -0.4252247 -0.2175002 0.8696942
2475.342530 -0.2928177 0.1200125 -0.1931372 0.1373152 -0.4317760 -0.2107809 0.8661901
2475.537454 -0.2943963 0.1197751 -0.1949368 0.1494899 -0.4335817 -0.2042254 0.8648420
2477.024331 -0.3014748 0.1288123 -0.2062953 0.1455147 -0.4274729 -0.2053945 0.8682773
2477.474287 -0.3014895 0.1293435 -0.2071581 0.1497763 -0.4259827 -0.2028257 0.8688887
2477.574277 -0.3016345 0.1291487 -0.2072614 0.1465188 -0.4252667 -0.2043680 0.8694333
2477.674268 -0.3009819 0.1298271 -0.2079083 0.1422015 -0.4238076 -0.2064208 0.8703772
2478.024234 -0.3029305 0.1331049 -0.2100969 0.1222661 -0.4163330 -0.2174515 0.8743184
2478.674171 -0.3057759 0.1398051 -0.2128370 0.0772945 -0.3960626 -0.2415285 0.8825101
2479.174122 -0.3071257 0.1477621 -0.2085163 0.0409998 -0.3764834 -0.2614203 0.8878281
2479.824059 -0.3065329 0.1493941 -0.2113553 -0.0083498 -0.3580567 -0.2877833 0.8882040
2480.024040 -0.3067011 0.1495380 -0.2115513 -0.0235982 -0.3513976 -0.2960222 0.8878816
2480.424001 -0.3038657 0.1524887 -0.2095923 -0.0455849 -0.3401511 -0.3075605 0.8874828
2480.773967 -0.3038195 0.1535234 -0.2097726 -0.0598072 -0.3333169 -0.3149797 0.8866289
2481.923856 -0.3052502 0.1532723 -0.2100428 -0.0594974 -0.3365610 -0.3137888 0.8858461
