2444.927438 0.0000000 0.0000000 0.0000000 -0.0000000 -0.0000000 -0.0000000 1.0000000
2449.476998 -0.0132381 0.0018051 0.0016655 -0.0248153 -0.0185351 -0.0007064 0.9995199
2449.626983 -0.0146341 0.0016813 0.0018930 -0.0234099 -0.0221155 -0.0014264 0.9994803
2449.676978 -0.0150081 0.0015406 0.0020185 -0.0228459 -0.0231540 -0.0016750 0.9994695
2450.076940 -0.0201596 0.0021373 0.0022765 -0.0196234 -0.0303148 -0.0043555 0.9993383
2451.226828 -0.0391416 0.0012213 0.0019784 -0.0116595 -0.0588128 -0.0312693 0.9977111
2451.276823 -0.0390675 0.0011921 0.0019328 -0.0118330 -0.0604225 -0.0314024 0.9976087
2451.526799 -0.0389151 0.0009000 0.0017534 -0.0105250 -0.0688340 -0.0341859 0.9969867
2451.776775 -0.0469430 0.0012600 0.0014234 -0.0110223 -0.0741819 -0.0394893 0.9964016
2452.826673 -0.0662041 0.0031039 -0.0028790 -0.0039106 -0.1108406 -0.0511677 0.9925125
2454.776485 -0.0887980 0.0066178 -0.0043045 -0.0069067 -0.1535412 -0.0889681 0.9841048
2455.026460 -0.0929565 0.0077912 -0.0051427 -0.0096409 -0.1624876 -0.0941384 0.9821623
2455.626402 -0.1040940 0.0104443 -0.0074052 -0.0099245 -0.1773493 -0.1094684 0.9779905
2456.226344 -0.1109804 0.0119927 -0.0092821 -0.0122559 -0.1839940 -0.1200810 0.9754879
2456.826286 -0.1185895 0.0142926 -0.0115233 -0.0164192 -0.1942669 -0.1343179 0.9715706
2457.526218 -0.1338643 0.0190168 -0.0167449 -0.0184385 -0.2161998 -0.1521787 0.9642403
2457.576214 -0.1352873 0.0194708 -0.0171397 -0.0170430 -0.2182440 -0.1550062 0.9633546
2457.826189 -0.1400133 0.0211905 -0.0202836 -0.0164504 -0.2270036 -0.1629777 0.9600193
2458.326141 -0.1509655 0.0231614 -0.0266816 -0.0086752 -0.2381836 -0.1733858 0.9555787
2458.376136 -0.1503152 0.0233928 -0.0271455 -0.0037688 -0.2421395 -0.1753550 0.9542562
2458.426131 -0.1497256 0.0227998 -0.0271089 -0.0003255 -0.2475401 -0.1744083 0.9530506
2458.576117 -0.1565634 0.0244304 -0.0311069 0.0070786 -0.2562997 -0.1780892 0.9500235
2459.136493 -0.1688488 0.0270008 -0.0419815 0.0454332 -0.2852283 -0.1830742 0.9397151
2459.489521 -0.1734064 0.0264149 -0.0464905 0.0714609 -0.2999398 -0.1816778 0.9337680
2459.594331 -0.1755836 0.0267679 -0.0487289 0.0781714 -0.3047542 -0.1822986 0.9315478
2460.098135 -0.1844486 0.0289918 -0.0543423 0.1113257 -0.3271850 -0.1819519 0.9205706
2460.701533 -0.1911464 0.0311724 -0.0608754 0.1370106 -0.3424970 -0.1793633 0.9120048
2461.352873 -0.2011774 0.0353782 -0.0706424 0.1604010 -0.3638751 -0.1810654 0.8994897
2461.652508 -0.2069393 0.0384963 -0.0758042 0.1709175 -0.3745134 -0.1829159 0.8927870
2465.775420 -0.2418241 0.0654996 -0.1178000 0.1820239 -0.4171883 -0.1860040 0.8707604
2465.925405 -0.2422096 0.0655708 -0.1178525 0.1752954 -0.4137153 -0.1893569 0.8730723
2465.975400 -0.2409261 0.0658476 -0.1178816 0.1722034 -0.4127968 -0.1907449 0.8738199
2466.075391 -0.2407293 0.0669622 -0.1192991 0.1671748 -0.4126400 -0.1931645 0.8743388
2466.275371 -0.2390182 0.0690622 -0.1213278 0.1521401 -0.4168951 -0.1989638 0.8737650
2467.925211 -0.2519824 0.0876592 -0.1329094 0.0771087 -0.3828647 -0.2434791 0.8877988
2468.025202 -0.2537328 0.0894021 -0.1321227 0.0728914 -0.3863859 -0.2455052 0.8860700
2469.475061 -0.2602717 0.1005535 -0.1416112 0.0349978 -0.3829108 -0.2650041 0.8842666
2469.925018 -0.2633447 0.1021792 -0.1445422 0.0267251 -0.3762391 -0.2694458 0.8860750
2470.330964 -0.2659931 0.1056253 -0.1477953 0.0210017 -0.3763814 -0.2720904 0.8853602
2471.247509 -0.2717252 0.1105685 -0.1556375 0.0235506 -0.3790793 -0.2706041 0.8846003
2472.055886 -0.2758347 0.1165184 -0.1616611 0.0117287 -0.3663847 -0.2774948 0.8880436
2472.755937 -0.2799538 0.1209067 -0.1668098 0.0054385 -0.3672797 -0.2804943 0.8867914
2473.305508 -0.2834681 0.1217050 -0.1722317 0.0218185 -0.3799230 -0.2710904 0.8841338
2473.504185 -0.2847835 0.1208064 -0.1747590 0.0385104 -0.3879639 -0.2624444 0.8826799
2474.302014 -0.2892832 0.1204245 -0.1829987 0.0875174 -0.4133587 -0.2370476 0.8748050
2474.501066 -0.2902058 0.1199744 -0.1861001 0.0962610 -0.4195083 -0.2320464 0.8722965
2475.638036 -0.2951706 0.1203750 -0.1962193 0.1523898 -0.4347731 -0.2029929 0.8640275
2476.724360 -0.3004744 0.1273036 -0.2030928 0.1403321 -0.4271619 -0.2084004 0.8685672
2477.074326 -0.3019550 0.1282014 -0.2068127 0.1455597 -0.4275056 -0.2055950 0.8682062
2477.524282 -0.3015083 0.1290090 -0.2078945 0.1474143 -0.4258099 -0.2041580 0.8690653
2477.624272 -0.3017057 0.1288449 -0.2078915 0.1444520 -0.4255280 -0.2059559 0.8692766
2477.874248 -0.3037387 0.1328338 -0.2099148 0.1308782 -0.4188904 -0.2137590 0.8727593
2478.324205 -0.3049693 0.1354488 -0.2106346 0.1037841 -0.4102826 -0.2271952 0.8770857
2478.574180 -0.3053844 0.1392848 -0.2112238 0.0845207 -0.4020918 -0.2377080 0.8801553
2478.824156 -0.3065816 0.1421357 -0.2119250 0.0675690 -0.3893438 -0.2482567 0.8844289
2479.524088 -0.3077399 0.1485498 -0.2126532 0.0125947 -0.3672321 -0.2777270 0.8876090
2480.074035 -0.3056312 0.1511663 -0.2107987 -0.0255231 -0.3515228 -0.2974546 0.8872998
2480.424001 -0.3036634 0.1529242 -0.2095045 -0.0455800 -0.3407261 -0.3082444 0.8870251
2480.873958 -0.3037326 0.1548307 -0.2091433 -0.0618766 -0.3329141 -0.3166312 0.8860497
