2461.452330 0.0000000 0.0000000 0.0000000 -0.0000000 -0.0000000 -0.0000000 1.0000000
2462.701517 -0.0080173 -0.0012475 0.0003780 0.0398859 -0.0209550 -0.0029703 0.9989801
2462.801508 -0.0089464 -0.0012220 0.0002675 0.0400012 -0.0229105 -0.0029973 0.9989325
2462.851503 -0.0090523 -0.0013084 0.0001339 0.0387347 -0.0239396 -0.0031806 0.9989577
2463.950073 -0.0142223 -0.0012788 -0.0005282 0.0426944 -0.0352420 -0.0030370 0.9984618
2464.345787 -0.0169082 -0.0021316 -0.0014289 0.0458208 -0.0387920 -0.0027362 0.9981924
2465.133957 -0.0236714 -0.0016963 -0.0025405 0.0588138 -0.0533795 -0.0026731 0.9968372
2465.925405 -0.0277931 -0.0004590 -0.0035557 0.0236366 -0.0496863 -0.0070385 0.9984604
2466.625337 -0.0337875 0.0021624 -0.0042409 -0.0358802 -0.0490203 -0.0143148 0.9980505
2467.875216 -0.0407549 0.0046462 -0.0049730 -0.0896135 -0.0406983 -0.0231296 0.9948759
2467.975207 -0.0407911 0.0050410 -0.0046768 -0.0938344 -0.0470116 -0.0226440 0.9942194
2468.125192 -0.0422847 0.0050917 -0.0052152 -0.0997052 -0.0483302 -0.0236332 0.9935616
2468.275178 -0.0429853 0.0052178 -0.0052644 -0.1052051 -0.0511820 -0.0240682 0.9928409
2468.375168 -0.0438873 0.0056475 -0.0053679 -0.1100116 -0.0509412 -0.0248260 0.9923135
2469.425066 -0.0479344 0.0065441 -0.0062336 -0.1354715 -0.0536882 -0.0274578 0.9889445
2469.625047 -0.0482040 0.0064772 -0.0066621 -0.1407002 -0.0530789 -0.0280719 0.9882298
2469.775032 -0.0479565 0.0064905 -0.0062083 -0.1440948 -0.0517919 -0.0282104 0.9878049
2470.025008 -0.0482130 0.0064946 -0.0066454 -0.1494374 -0.0519159 -0.0283193 0.9870011
2470.280080 -0.0504618 0.0066053 -0.0070877 -0.1532644 -0.0526720 -0.0289414 0.9863560
2471.955580 -0.0577433 0.0077954 -0.0086628 -0.1646649 -0.0466121 -0.0309246 0.9847621
2472.256203 -0.0599131 0.0079108 -0.0087205 -0.1730345 -0.0422410 -0.0329726 0.9834570
2472.555779 -0.0611867 0.0077700 -0.0091185 -0.1731921 -0.0448704 -0.0326716 0.9833228
2473.255651 -0.0645500 0.0070137 -0.0098666 -0.1573731 -0.0549364 -0.0287684 0.9855902
2473.355662 -0.0651917 0.0065739 -0.0099806 -0.1454088 -0.0563082 -0.0276077 0.9873822
2473.802477 -0.0665625 0.0053455 -0.0102967 -0.1111606 -0.0614801 -0.0229651 0.9916331
2474.302014 -0.0687899 0.0037195 -0.0112250 -0.0734056 -0.0712436 -0.0178896 0.9945934
2476.724360 -0.0782469 0.0015901 -0.0142590 -0.0119392 -0.0715236 -0.0103308 0.9973140
2476.924340 -0.0794948 0.0014522 -0.0146819 -0.0075190 -0.0712947 -0.0103263 0.9973735
2477.024331 -0.0796818 0.0015795 -0.0144851 -0.0064824 -0.0713184 -0.0102729 0.9973797
2477.524282 -0.0806676 0.0014812 -0.0147523 -0.0044166 -0.0679056 -0.0101305 0.9976305
2477.624272 -0.0814901 0.0017837 -0.0149196 -0.0075898 -0.0677688 -0.0105584 0.9976164
2478.674171 -0.0859388 0.0048876 -0.0152830 -0.0885337 -0.0553320 -0.0205923 0.9943219
2478.974142 -0.0870762 0.0058897 -0.0149956 -0.1153791 -0.0465170 -0.0261295 0.9918876
2479.174122 -0.0874900 0.0056098 -0.0150488 -0.1348398 -0.0452581 -0.0277511 0.9894442
2479.874055 -0.0875743 0.0086319 -0.0155290 -0.1959391 -0.0414774 -0.0369119 0.9790429
2480.124030 -0.0873343 0.0094868 -0.0157026 -0.2133106 -0.0407002 -0.0391038 0.9753527
2480.424001 -0.0875659 0.0104723 -0.0158959 -0.2340033 -0.0357725 -0.0434293 0.9706064
2480.723972 -0.0875220 0.0105603 -0.0158348 -0.2500940 -0.0343108 -0.0455892 0.9665388
2480.923953 -0.0874153 0.0106310 -0.0160225 -0.2523412 -0.0337748 -0.0457996 0.9659635
2481.073938 -0.0873164 0.0108236 -0.0157878 -0.2515324 -0.0333676 -0.0458577 0.9661859
