2461.452330 0.0000000 0.0000000 0.0000000 -0.0000000 -0.0000000 -0.0000000 1.0000000
2462.701517 -0.0076465 -0.0013896 0.0002348 0.0396611 -0.0209298 -0.0029319 0.9989897
2462.751513 -0.0080555 -0.0009457 0.0002781 0.0397944 -0.0218376 -0.0028897 0.9989651
2464.395328 -0.0163449 -0.0010545 -0.0011539 0.0463205 -0.0396983 -0.0025659 0.9981343
2465.381345 -0.0241305 -0.0011214 -0.0027750 0.0489796 -0.0563617 -0.0038913 0.9972007
2465.525819 -0.0253570 -0.0006013 -0.0021033 0.0422619 -0.0549729 -0.0052573 0.9975792
2465.725424 -0.0253315 -0.0002249 -0.0024273 0.0334915 -0.0528627 -0.0060579 0.9980217
2466.375362 -0.0317779 0.0021280 -0.0028173 -0.0095823 -0.0541282 -0.0105580 0.9984322
2467.125289 -0.0355568 0.0042353 -0.0028468 -0.0620686 -0.0514947 -0.0175039 0.9965889
2467.525250 -0.0373741 0.0046879 -0.0031133 -0.0771413 -0.0471619 -0.0201298 0.9957007
2468.175187 -0.0402438 0.0055164 -0.0037227 -0.1010941 -0.0501102 -0.0231941 0.9933434
2468.425163 -0.0413568 0.0060044 -0.0039221 -0.1105185 -0.0521559 -0.0242932 0.9922073
2469.225086 -0.0440589 0.0070945 -0.0042651 -0.1306627 -0.0533609 -0.0266018 0.9896324
2469.525057 -0.0453158 0.0071498 -0.0046473 -0.1391751 -0.0539704 -0.0271499 0.9884232
2469.625047 -0.0452745 0.0069244 -0.0047977 -0.1404977 -0.0537895 -0.0274396 0.9882379
2469.775032 -0.0455522 0.0066108 -0.0050014 -0.1438313 -0.0520283 -0.0279433 0.9878384
2470.787973 -0.0501857 0.0070008 -0.0061246 -0.1545800 -0.0504226 -0.0293344 0.9862566
2470.995143 -0.0513763 0.0070043 -0.0063463 -0.1533874 -0.0542197 -0.0286922 0.9862603
2472.055886 -0.0557613 0.0076446 -0.0071741 -0.1666033 -0.0450828 -0.0315532 0.9844874
2472.905942 -0.0594301 0.0079994 -0.0078349 -0.1726281 -0.0490317 -0.0316379 0.9832571
2472.955937 -0.0595356 0.0080013 -0.0079693 -0.1711503 -0.0499397 -0.0312116 0.9834833
2473.255651 -0.0610275 0.0077819 -0.0082556 -0.1565363 -0.0551378 -0.0285522 0.9857185
2473.553627 -0.0622669 0.0059853 -0.0085875 -0.1261356 -0.0603430 -0.0246051 0.9898703
2474.252177 -0.0649092 0.0045933 -0.0089525 -0.0774998 -0.0688885 -0.0186567 0.9944346
2475.145394 -0.0678189 0.0020245 -0.0107729 -0.0212787 -0.0744231 -0.0125929 0.9969202
2476.674364 -0.0736680 0.0021591 -0.0120702 -0.0121735 -0.0715796 -0.0104723 0.9973056
2476.824350 -0.0745554 0.0022343 -0.0122974 -0.0091212 -0.0722912 -0.0100296 0.9972914
2476.924340 -0.0746497 0.0021457 -0.0124499 -0.0072724 -0.0719309 -0.0096928 0.9973360
2477.174316 -0.0751339 0.0019508 -0.0123028 -0.0034546 -0.0714146 -0.0094176 0.9973963
2477.524282 -0.0761882 0.0021950 -0.0123636 -0.0041952 -0.0683701 -0.0097052 0.9976040
2477.624272 -0.0765667 0.0026045 -0.0123896 -0.0072047 -0.0684851 -0.0101763 0.9975742
2478.024234 -0.0781937 0.0036865 -0.0124600 -0.0341009 -0.0651236 -0.0132294 0.9972066
2479.174122 -0.0816028 0.0078517 -0.0124614 -0.1334572 -0.0464172 -0.0276992 0.9895794
2479.524088 -0.0820111 0.0081792 -0.0127445 -0.1654807 -0.0457926 -0.0316251 0.9846416
2479.874055 -0.0821686 0.0092067 -0.0132918 -0.1953817 -0.0422662 -0.0365892 0.9791327
2480.124030 -0.0816845 0.0096991 -0.0131333 -0.2131581 -0.0417053 -0.0384430 0.9753699
2480.424001 -0.0819836 0.0101817 -0.0132948 -0.2343185 -0.0367932 -0.0426472 0.9705268
2480.723972 -0.0818315 0.0109206 -0.0135016 -0.2496853 -0.0354466 -0.0451086 0.9666261
