2444.927438 0.0000000 0.0000000 0.0000000 -0.0000000 -0.0000000 -0.0000000 1.0000000
2449.476998 -0.0131391 0.0017867 0.0018188 -0.0248289 -0.0186912 -0.0006239 0.9995168
2449.626983 -0.0145085 0.0014874 0.0017254 -0.0234832 -0.0222901 -0.0012521 0.9994749
2449.676978 -0.0149683 0.0014179 0.0019343 -0.0228937 -0.0232599 -0.0015258 0.9994661
2450.926857 -0.0323485 0.0009180 0.0023482 -0.0123560 -0.0519544 -0.0243010 0.9982773
2451.276823 -0.0413384 0.0015777 0.0028645 -0.0116367 -0.0594471 -0.0320432 0.9976492
2451.626790 -0.0412343 0.0015076 0.0017504 -0.0115133 -0.0723581 -0.0358204 0.9966688
2452.726683 -0.0619642 0.0026474 -0.0006508 -0.0036390 -0.1020834 -0.0482859 0.9935966
2452.926664 -0.0694610 0.0034775 -0.0031425 -0.0053136 -0.1172546 -0.0550101 0.9915630
2453.176639 -0.0720134 0.0034338 -0.0033299 -0.0098201 -0.1248044 -0.0595474 0.9903442
2455.226441 -0.0967071 0.0083972 -0.0055501 -0.0078273 -0.1695027 -0.0996072 0.9804519
2456.376330 -0.1121643 0.0128868 -0.0087962 -0.0119357 -0.1856059 -0.1233304 0.9747808
2456.826286 -0.1191150 0.0151826 -0.0106849 -0.0159553 -0.1943311 -0.1341565 0.9715878
2456.976272 -0.1228108 0.0159999 -0.0115789 -0.0153987 -0.1988336 -0.1388452 0.9700258
2457.576214 -0.1355686 0.0199059 -0.0165423 -0.0167836 -0.2184012 -0.1547615 0.9633629
2457.776194 -0.1397858 0.0217699 -0.0185467 -0.0165111 -0.2255207 -0.1614710 0.9606221
2457.826189 -0.1405594 0.0221820 -0.0191668 -0.0160117 -0.2271631 -0.1627362 0.9600300
2458.026170 -0.1436395 0.0220545 -0.0220379 -0.0159907 -0.2312035 -0.1659683 0.9585112
2458.326141 -0.1513557 0.0252911 -0.0245237 -0.0079612 -0.2383685 -0.1728904 0.9556286
2458.476126 -0.1491676 0.0250672 -0.0252163 0.0039680 -0.2526627 -0.1751636 0.9515585
2458.676502 -0.1591378 0.0267382 -0.0311648 0.0161542 -0.2636415 -0.1788218 0.9477631
2458.728235 -0.1603010 0.0274563 -0.0319002 0.0176140 -0.2659664 -0.1789236 0.9470682
2458.780107 -0.1611071 0.0274130 -0.0334060 0.0196600 -0.2681723 -0.1797404 0.9462508
2458.980345 -0.1656078 0.0284846 -0.0363539 0.0339010 -0.2776891 -0.1819058 0.9426822
2459.136493 -0.1682648 0.0281701 -0.0391210 0.0458088 -0.2857226 -0.1823228 0.9396928
2459.438499 -0.1729548 0.0291966 -0.0425646 0.0688702 -0.2974826 -0.1811606 0.9348486
2459.695586 -0.1776549 0.0300823 -0.0467038 0.0853252 -0.3107384 -0.1825441 0.9288912
2459.746055 -0.1779786 0.0295536 -0.0475079 0.0887572 -0.3136583 -0.1826347 0.9275696
2460.701533 -0.1901239 0.0326147 -0.0572228 0.1377215 -0.3433821 -0.1787881 0.9116778
2460.852763 -0.1926422 0.0336620 -0.0605270 0.1450959 -0.3506989 -0.1783567 0.9078251
2462.002059 -0.2112406 0.0416573 -0.0770937 0.1848704 -0.3802070 -0.1797194 0.8882379
2462.302070 -0.2119137 0.0416080 -0.0775387 0.1926650 -0.3873641 -0.1748881 0.8844452
2462.451700 -0.2119529 0.0415649 -0.0772814 0.1958185 -0.3911781 -0.1731106 0.8824214
2464.987724 -0.2400229 0.0614565 -0.1083960 0.2073764 -0.4198050 -0.1710321 0.8668950
2465.875410 -0.2370492 0.0655470 -0.1126761 0.1782826 -0.4170163 -0.1869551 0.8714129
2465.975400 -0.2369141 0.0653925 -0.1126562 0.1725681 -0.4147077 -0.1898153 0.8730452
2466.075391 -0.2361639 0.0665325 -0.1138407 0.1675711 -0.4147654 -0.1920227 0.8735084
2466.475352 -0.2427653 0.0759875 -0.1198385 0.1381024 -0.4098110 -0.2089075 0.8771205
2466.675333 -0.2430058 0.0780543 -0.1188768 0.1213436 -0.4018627 -0.2183387 0.8809713
2467.925211 -0.2508020 0.0893831 -0.1297354 0.0780470 -0.3838081 -0.2433116 0.8873553
2468.275178 -0.2542812 0.0935464 -0.1318769 0.0650610 -0.3892408 -0.2502142 0.8841106
2469.275081 -0.2591057 0.0998687 -0.1382436 0.0405191 -0.3842672 -0.2630132 0.8840368
2469.525057 -0.2585871 0.1020032 -0.1382777 0.0344301 -0.3834825 -0.2655301 0.8838832
2470.280080 -0.2633597 0.1049620 -0.1452104 0.0222177 -0.3779995 -0.2715251 0.8848146
2471.754572 -0.2708004 0.1136763 -0.1561122 0.0192905 -0.3726443 -0.2735163 0.8865399
2472.055886 -0.2724932 0.1161975 -0.1584283 0.0122979 -0.3677600 -0.2773463 0.8875136
2473.305508 -0.2802020 0.1214941 -0.1692175 0.0225566 -0.3812173 -0.2711079 0.8835526
2473.405519 -0.2812228 0.1214830 -0.1700147 0.0316487 -0.3852694 -0.2664328 0.8829380
2475.095616 -0.2889460 0.1195067 -0.1869660 0.1286790 -0.4270576 -0.2156989 0.8686412
2476.674364 -0.2963043 0.1256335 -0.2000799 0.1401813 -0.4282026 -0.2084162 0.8680751
2476.924340 -0.2976905 0.1272642 -0.2029195 0.1443801 -0.4294317 -0.2060404 0.8673466
2477.224311 -0.2977960 0.1273634 -0.2033485 0.1487543 -0.4304272 -0.2033312 0.8667532
2477.524282 -0.2972460 0.1283781 -0.2043038 0.1476426 -0.4275685 -0.2036897 0.8682726
2478.324205 -0.3017655 0.1363956 -0.2058767 0.1047728 -0.4121176 -0.2271053 0.8761306
2479.524088 -0.3046448 0.1477407 -0.2098429 0.0129423 -0.3688539 -0.2776844 0.8869445
2479.974045 -0.3030368 0.1508206 -0.2072468 -0.0194837 -0.3550561 -0.2945254 0.8870233
2480.124030 -0.3030245 0.1509323 -0.2075537 -0.0281249 -0.3519842 -0.2989608 0.8865318
2480.274016 -0.3026755 0.1522589 -0.2068650 -0.0365644 -0.3473324 -0.3035089 0.8865132
2480.424001 -0.3020425 0.1537040 -0.2069016 -0.0448313 -0.3416415 -0.3086111 0.8865836
2480.723972 -0.3014421 0.1545434 -0.2061857 -0.0584463 -0.3356747 -0.3155531 0.8856257
