2444.927438 0.0000000 0.0000000 0.0000000 -0.0000000 -0.0000000 -0.0000000 1.0000000
2449.476998 -0.0138495 0.0017001 0.0018597 -0.0249009 -0.0185100 -0.0007523 0.9995183
2449.526993 -0.0135459 0.0012614 0.0015766 -0.0236929 -0.0200862 -0.0010080 0.9995170
2450.926857 -0.0333194 0.0006639 0.0020714 -0.0125125 -0.0519237 -0.0242648 0.9982778
2451.226828 -0.0383262 0.0008436 0.0019315 -0.0118660 -0.0598525 -0.0304871 0.9976710
2451.576794 -0.0448355 0.0010216 0.0022546 -0.0110499 -0.0689676 -0.0360592 0.9969058
2451.776775 -0.0487658 0.0011075 0.0018059 -0.0111449 -0.0741347 -0.0392509 0.9964132
2452.276727 -0.0533505 0.0014578 0.0014238 -0.0075449 -0.0880537 -0.0444321 0.9950957
2452.726683 -0.0638649 0.0021187 -0.0011551 -0.0039991 -0.1019618 -0.0482964 0.9936072
2452.826673 -0.0684628 0.0027522 -0.0034095 -0.0041711 -0.1107512 -0.0508826 0.9925360
2453.176639 -0.0740643 0.0037341 -0.0031099 -0.0097588 -0.1248632 -0.0594558 0.9903429
2454.076552 -0.0834170 0.0053593 -0.0028633 -0.0089836 -0.1394492 -0.0756317 0.9872959
2456.226344 -0.1146932 0.0119183 -0.0097305 -0.0124764 -0.1840845 -0.1197389 0.9755101
2457.276243 -0.1335501 0.0182952 -0.0146810 -0.0182193 -0.2074997 -0.1461346 0.9670867
2457.576214 -0.1395867 0.0199669 -0.0175121 -0.0171011 -0.2184196 -0.1545955 0.9633799
2457.776194 -0.1438613 0.0223344 -0.0188419 -0.0165447 -0.2257005 -0.1616144 0.9605553
2457.826189 -0.1449633 0.0224987 -0.0198229 -0.0162493 -0.2271319 -0.1625227 0.9600695
2458.026170 -0.1516694 0.0231230 -0.0251863 -0.0159097 -0.2291983 -0.1671577 0.9587874
2458.326141 -0.1513495 0.0231271 -0.0272727 -0.0091750 -0.2397552 -0.1718290 0.9554622
2458.376136 -0.1512347 0.0230246 -0.0279519 -0.0042599 -0.2432938 -0.1739303 0.9542212
2458.476126 -0.1574833 0.0243865 -0.0312028 0.0031930 -0.2500730 -0.1764493 0.9520079
2458.526122 -0.1591584 0.0250817 -0.0320783 0.0045657 -0.2527142 -0.1769038 0.9512202
2458.626112 -0.1625718 0.0256438 -0.0341945 0.0096190 -0.2588514 -0.1783681 0.9492567
2458.676502 -0.1643077 0.0261299 -0.0354560 0.0155883 -0.2627276 -0.1790696 0.9479796
2459.136493 -0.1733710 0.0277488 -0.0435416 0.0452656 -0.2850938 -0.1825434 0.9398673
2459.438499 -0.1772044 0.0278160 -0.0469766 0.0679071 -0.2972529 -0.1811911 0.9349862
2459.489521 -0.1784125 0.0278620 -0.0478191 0.0716614 -0.2999263 -0.1814161 0.9338078
2459.594331 -0.1806839 0.0282230 -0.0494893 0.0783245 -0.3046689 -0.1818614 0.9316483
2460.198480 -0.1911846 0.0306181 -0.0576095 0.1184690 -0.3312865 -0.1805746 0.9184809
2461.051855 -0.2017289 0.0343183 -0.0688713 0.1516028 -0.3555809 -0.1791441 0.9047023
2461.952242 -0.2168201 0.0392142 -0.0790120 0.1807302 -0.3792500 -0.1809584 0.8892469
2463.751119 -0.2321326 0.0524992 -0.0976980 0.1945122 -0.4027343 -0.1759941 0.8769243
2464.345787 -0.2316618 0.0525789 -0.0982909 0.1960482 -0.4101860 -0.1736267 0.8735939
2465.875410 -0.2488257 0.0685836 -0.1215828 0.1782481 -0.4148671 -0.1878418 0.8722548
2465.975400 -0.2484193 0.0685040 -0.1215893 0.1726485 -0.4125413 -0.1908592 0.8738278
2466.275371 -0.2461494 0.0716307 -0.1252646 0.1524652 -0.4168230 -0.1989970 0.8737352
2466.475352 -0.2458593 0.0706705 -0.1270945 0.1355771 -0.4103199 -0.2085194 0.8773689
2468.125192 -0.2600977 0.0922779 -0.1378026 0.0693475 -0.3876531 -0.2473365 0.8852913
2468.225183 -0.2612034 0.0935171 -0.1385078 0.0663257 -0.3886596 -0.2488219 0.8846651
2469.325076 -0.2659572 0.1011549 -0.1448710 0.0384382 -0.3840287 -0.2628696 0.8842760
2469.625047 -0.2689139 0.1035608 -0.1463443 0.0324364 -0.3816138 -0.2661777 0.8845724
2470.280080 -0.2722912 0.1068027 -0.1523318 0.0213625 -0.3773769 -0.2715500 0.8850938
2470.943687 -0.2756928 0.1112225 -0.1571762 0.0206788 -0.3785647 -0.2717055 0.8845549
2471.754572 -0.2797953 0.1158401 -0.1630343 0.0184623 -0.3721787 -0.2734481 0.8867741
2472.356351 -0.2850701 0.1224706 -0.1689996 0.0075335 -0.3637628 -0.2803836 0.8882595
2472.805794 -0.2846147 0.1223674 -0.1708360 0.0046110 -0.3688053 -0.2801653 0.8862668
2473.305508 -0.2901387 0.1246306 -0.1769454 0.0220142 -0.3803883 -0.2711259 0.8839179
2473.454862 -0.2908615 0.1244232 -0.1777989 0.0353729 -0.3865398 -0.2637874 0.8830357
2475.145394 -0.2990513 0.1220561 -0.1967017 0.1319045 -0.4278768 -0.2138825 0.8682033
2475.930244 -0.3031076 0.1250569 -0.2041656 0.1496019 -0.4353645 -0.2036179 0.8640699
2476.824350 -0.3074684 0.1302135 -0.2100903 0.1422475 -0.4287020 -0.2071860 0.8677869
2477.074326 -0.3078347 0.1303663 -0.2114366 0.1453581 -0.4285880 -0.2050258 0.8678409
2477.524282 -0.3088356 0.1321747 -0.2130711 0.1473953 -0.4263961 -0.2040435 0.8688079
2477.824253 -0.3086502 0.1337400 -0.2151630 0.1324563 -0.4205143 -0.2120224 0.8721637
2478.574180 -0.3119572 0.1421191 -0.2159097 0.0844319 -0.4029990 -0.2370352 0.8799303
2479.174122 -0.3140984 0.1488098 -0.2151808 0.0400981 -0.3774776 -0.2625238 0.8871213
2480.024040 -0.3134113 0.1530194 -0.2167053 -0.0236598 -0.3527333 -0.2964701 0.8872007
2480.174026 -0.3122500 0.1549378 -0.2159931 -0.0323836 -0.3486397 -0.3010522 0.8870001
2480.723972 -0.3110913 0.1566856 -0.2142224 -0.0593882 -0.3351558 -0.3150707 0.8859313
2481.723875 -0.3109469 0.1567610 -0.2150438 -0.0607291 -0.3363810 -0.3153497 0.8852764
