2444.927438 0.0000000 0.0000000 0.0000000 -0.0000000 -0.0000000 -0.0000000 1.0000000
2449.476998 -0.0131568 0.0017240 0.0016691 -0.0248301 -0.0185174 -0.0008680 0.9995198
2449.626983 -0.0147176 0.0013754 0.0017095 -0.0235109 -0.0220431 -0.0014462 0.9994795
2449.676978 -0.0147529 0.0016352 0.0019719 -0.0227781 -0.0232321 -0.0015893 0.9994693
2451.226828 -0.0365046 0.0013232 0.0017598 -0.0115979 -0.0598667 -0.0303596 0.9976772
2451.626790 -0.0440435 0.0014585 0.0022465 -0.0115492 -0.0706765 -0.0370236 0.9967450
2451.776775 -0.0468574 0.0013181 0.0015474 -0.0110069 -0.0740460 -0.0393410 0.9964178
2452.476707 -0.0543521 0.0016784 0.0004111 -0.0046376 -0.0916558 -0.0456498 0.9947330
2452.776678 -0.0626775 0.0024745 -0.0017444 -0.0025591 -0.1059753 -0.0502937 0.9930928
2453.826577 -0.0778662 0.0049506 -0.0032007 -0.0079963 -0.1347044 -0.0694429 0.9884171
2454.676494 -0.0868270 0.0067296 -0.0036124 -0.0086015 -0.1519301 -0.0847662 0.9847121
2455.526412 -0.1019544 0.0099535 -0.0072264 -0.0098027 -0.1749021 -0.1064357 0.9787669
2456.676301 -0.1156958 0.0138501 -0.0098264 -0.0143200 -0.1891755 -0.1317716 0.9729562
2456.826286 -0.1181621 0.0152819 -0.0106844 -0.0159324 -0.1938499 -0.1343021 0.9716642
2457.526218 -0.1325911 0.0194766 -0.0157162 -0.0181309 -0.2162233 -0.1519426 0.9642781
2457.826189 -0.1391854 0.0220207 -0.0189524 -0.0160231 -0.2269200 -0.1627710 0.9600813
2457.976175 -0.1413271 0.0217455 -0.0213306 -0.0163654 -0.2301090 -0.1660421 0.9587555
2458.426131 -0.1521536 0.0247060 -0.0275045 0.0005440 -0.2454078 -0.1750533 0.9534836
2458.476126 -0.1537028 0.0245550 -0.0302033 0.0037569 -0.2488681 -0.1768051 0.9522555
2458.576117 -0.1565610 0.0259711 -0.0315596 0.0078576 -0.2551670 -0.1780286 0.9503336
2458.929619 -0.1641555 0.0274710 -0.0366726 0.0293792 -0.2736612 -0.1820853 0.9439763
2458.980345 -0.1660790 0.0285820 -0.0379378 0.0340001 -0.2762390 -0.1824281 0.9430038
2459.489521 -0.1733453 0.0287409 -0.0445669 0.0725818 -0.2992199 -0.1816335 0.9339211
2459.594331 -0.1755350 0.0288946 -0.0472035 0.0791216 -0.3039142 -0.1820535 0.9317899
2460.098135 -0.1840529 0.0308968 -0.0529138 0.1123440 -0.3263768 -0.1820524 0.9207138
2460.147715 -0.1848273 0.0302160 -0.0542848 0.1160885 -0.3289528 -0.1811915 0.9195016
2460.651143 -0.1899826 0.0314004 -0.0595718 0.1349597 -0.3401112 -0.1801499 0.9130478
2462.202435 -0.2131329 0.0416448 -0.0781902 0.1899348 -0.3823653 -0.1773315 0.8867216
2462.451700 -0.2130912 0.0422398 -0.0791165 0.1961277 -0.3894685 -0.1739530 0.8829431
2465.675429 -0.2404311 0.0659843 -0.1145700 0.1860352 -0.4182590 -0.1836715 0.8698937
2465.925405 -0.2398770 0.0668678 -0.1154147 0.1761545 -0.4133531 -0.1889737 0.8731539
2466.025395 -0.2395908 0.0672625 -0.1157928 0.1698138 -0.4115728 -0.1920347 0.8745821
2466.525347 -0.2369865 0.0713244 -0.1200624 0.1333176 -0.4088748 -0.2094414 0.8781697
2466.625337 -0.2411573 0.0760056 -0.1218452 0.1245675 -0.4020593 -0.2163129 0.8809313
2467.925211 -0.2504259 0.0883251 -0.1307958 0.0777513 -0.3821661 -0.2435343 0.8880286
2468.075197 -0.2520463 0.0902847 -0.1313782 0.0718998 -0.3860602 -0.2465408 0.8860054
2469.625047 -0.2609693 0.1017519 -0.1406392 0.0331372 -0.3805658 -0.2663305 0.8849518
2470.839706 -0.2676046 0.1088215 -0.1502935 0.0214473 -0.3752114 -0.2723085 0.8857791
2470.995143 -0.2690399 0.1102500 -0.1520981 0.0218792 -0.3773820 -0.2719762 0.8849481
2471.904874 -0.2734708 0.1156913 -0.1583361 0.0147099 -0.3675704 -0.2764016 0.8878500
2472.106039 -0.2750949 0.1173147 -0.1595903 0.0108660 -0.3631495 -0.2786095 0.8890339
2473.355662 -0.2827311 0.1220864 -0.1713372 0.0284845 -0.3816011 -0.2685653 0.8839920
2473.454862 -0.2831615 0.1220406 -0.1717806 0.0360849 -0.3849112 -0.2643044 0.8835635
2474.947112 -0.2901220 0.1197775 -0.1861058 0.1248841 -0.4251212 -0.2182682 0.8695027
2475.145394 -0.2910202 0.1198883 -0.1893639 0.1327522 -0.4265607 -0.2143542 0.8686053
2475.638036 -0.2937950 0.1212901 -0.1940649 0.1532869 -0.4339233 -0.2033855 0.8642037
2476.924340 -0.2993188 0.1279567 -0.2042698 0.1447034 -0.4271377 -0.2066711 0.8682749
2477.024331 -0.2988650 0.1280380 -0.2039848 0.1455035 -0.4276410 -0.2057284 0.8681173
2477.574277 -0.2996671 0.1291907 -0.2057237 0.1466697 -0.4252218 -0.2046055 0.8693739
2477.674268 -0.2991042 0.1298855 -0.2059983 0.1423623 -0.4236692 -0.2068049 0.8703270
2477.924243 -0.2999712 0.1319268 -0.2091665 0.1289133 -0.4176247 -0.2144382 0.8734914
2479.174122 -0.3033854 0.1443276 -0.2126711 0.0404242 -0.3758671 -0.2628080 0.8877059
2479.824059 -0.3028662 0.1493128 -0.2106095 -0.0078782 -0.3583190 -0.2877488 0.8881138
2480.124030 -0.3034660 0.1508071 -0.2092662 -0.0282491 -0.3498342 -0.2984349 0.8875555
2480.274016 -0.3024616 0.1519671 -0.2088510 -0.0366430 -0.3452417 -0.3033118 0.8873937
2480.573987 -0.3016453 0.1524170 -0.2087217 -0.0535842 -0.3356809 -0.3124508 0.8870296
2480.723972 -0.3024143 0.1529819 -0.2089314 -0.0591076 -0.3332119 -0.3154537 0.8865467
