2469.725037 0.0000000 0.0000000 0.0000000 -0.0000000 -0.0000000 -0.0000000 1.0000000
2471.854879 -0.0303812 0.0024567 -0.0021970 -0.0199655 0.0063945 -0.0012010 0.9997795
2471.955580 -0.0323672 0.0027864 -0.0024505 -0.0225373 0.0063379 -0.0014611 0.9997249
2472.106039 -0.0349835 0.0032606 -0.0016514 -0.0266884 0.0096327 -0.0015943 0.9995961
2472.356351 -0.0392905 0.0037455 -0.0024101 -0.0300622 0.0087551 -0.0021471 0.9995074
2473.105646 -0.0486612 0.0027518 -0.0034577 -0.0251909 -0.0004696 -0.0015603 0.9996814
2473.255651 -0.0513222 0.0015497 -0.0040838 -0.0144130 -0.0026152 -0.0004893 0.9998926
2473.305508 -0.0517727 0.0012078 -0.0044304 -0.0090173 -0.0030460 -0.0003332 0.9999546
2474.053085 -0.0596163 -0.0055086 -0.0078735 0.0508788 -0.0101437 0.0026758 0.9986498
2474.202182 -0.0613049 -0.0066502 -0.0086289 0.0642751 -0.0136662 0.0036087 0.9978321
2475.046588 -0.0698913 -0.0115864 -0.0114360 0.1155828 -0.0187629 0.0053403 0.9931063
2475.145394 -0.0711030 -0.0092460 -0.0106485 0.1243208 -0.0203950 0.0057367 0.9920159
2476.374393 -0.0861238 -0.0109954 -0.0141868 0.1294280 -0.0184473 0.0069406 0.9913930
2476.474384 -0.0869414 -0.0107048 -0.0144837 0.1265456 -0.0168292 0.0070857 0.9917927
2476.724360 -0.0912128 -0.0127876 -0.0149210 0.1326172 -0.0178004 0.0077949 0.9909768
2476.824350 -0.0939274 -0.0124845 -0.0153271 0.1352947 -0.0180367 0.0077811 0.9906107
2477.024331 -0.0946127 -0.0122900 -0.0158898 0.1383092 -0.0176219 0.0079311 0.9902006
2477.274306 -0.0979196 -0.0123531 -0.0154988 0.1435442 -0.0162602 0.0080424 0.9894776
2477.524282 -0.0991853 -0.0118995 -0.0162881 0.1404555 -0.0138181 0.0079581 0.9899586
2478.124224 -0.1059833 -0.0158830 -0.0242701 0.1007015 -0.0106059 0.0068700 0.9948364
2478.674171 -0.1114807 -0.0059673 -0.0169918 0.0550463 -0.0031557 0.0047707 0.9984674
2478.874151 -0.1141967 -0.0056266 -0.0194476 0.0369189 0.0032676 0.0027219 0.9993092
2479.824059 -0.1196536 0.0044871 -0.0213024 -0.0482315 0.0089782 -0.0036304 0.9987893
2479.924050 -0.1198160 0.0041801 -0.0204984 -0.0599601 0.0103213 -0.0049630 0.9981351
2480.124030 -0.1203203 0.0040199 -0.0191247 -0.0731683 0.0105256 -0.0061123 0.9972454
2480.723972 -0.1206330 0.0034665 -0.0172829 -0.1131466 0.0162986 -0.0107164 0.9933868
