2469.725037 0.0000000 0.0000000 0.0000000 -0.0000000 -0.0000000 -0.0000000 1.0000000
2470.736931 -0.0090794 0.0027918 0.0001306 -0.0105354 0.0031099 -0.0010618 0.9999391
2470.839706 -0.0093925 0.0027774 -0.0003736 -0.0104261 0.0001602 -0.0005956 0.9999455
2471.097089 -0.0110217 0.0016122 -0.0011888 -0.0088232 -0.0028379 -0.0000515 0.9999571
2471.804883 -0.0158563 0.0023835 -0.0013861 -0.0165910 0.0039162 -0.0006361 0.9998545
2472.106039 -0.0193056 0.0033910 -0.0008463 -0.0259447 0.0079691 -0.0013982 0.9996307
2472.256203 -0.0203361 0.0037833 -0.0005706 -0.0300458 0.0081431 -0.0017519 0.9995139
2472.356351 -0.0121378 0.0023268 -0.0040782 -0.0296166 0.0011509 0.0015237 0.9995595
2473.255651 -0.0289833 0.0022139 -0.0023739 -0.0136537 -0.0046383 -0.0001912 0.9998960
2473.454862 -0.0300070 0.0011451 -0.0028993 0.0079150 -0.0070413 0.0011834 0.9999432
2474.202182 -0.0354453 -0.0021360 -0.0048321 0.0654874 -0.0156221 0.0040572 0.9977229
2474.352365 -0.0368580 -0.0030037 -0.0056378 0.0750567 -0.0214317 0.0041388 0.9969404
2475.930244 -0.0481189 -0.0068928 -0.0102020 0.1461822 -0.0257659 0.0078645 0.9888908
2476.179055 -0.0499204 -0.0066204 -0.0104530 0.1346446 -0.0234199 0.0073285 0.9905900
2476.624369 -0.0527526 -0.0064349 -0.0104156 0.1307944 -0.0192416 0.0079077 0.9911912
2476.824350 -0.0549511 -0.0068366 -0.0111832 0.1360888 -0.0206639 0.0084601 0.9904450
2476.924340 -0.0577469 -0.0066988 -0.0107088 0.1380405 -0.0191139 0.0082309 0.9902080
2477.474287 -0.0585033 -0.0069105 -0.0111134 0.1433503 -0.0166005 0.0087623 0.9894940
2477.574277 -0.0586886 -0.0066284 -0.0114943 0.1395894 -0.0167261 0.0088645 0.9900285
2477.624272 -0.0586315 -0.0065985 -0.0114792 0.1378167 -0.0168279 0.0085638 0.9902778
2478.374200 -0.0600744 -0.0055788 -0.0143568 0.0846539 -0.0137559 0.0070221 0.9962907
2478.774161 -0.0613405 -0.0043395 -0.0169791 0.0461651 -0.0050530 0.0058410 0.9989040
2479.174122 -0.0638907 -0.0003042 -0.0162216 0.0082068 0.0019116 0.0017631 0.9999630
2480.024040 -0.0684965 0.0044093 -0.0103912 -0.0658014 0.0063825 -0.0055916 0.9977967
2480.124030 -0.0683560 0.0044209 -0.0109591 -0.0719454 0.0061479 -0.0060720 0.9973711
2480.174026 -0.0693832 0.0050695 -0.0118459 -0.0770059 0.0079728 -0.0068752 0.9969751
2480.324011 -0.0699674 0.0047643 -0.0110840 -0.0883170 0.0101339 -0.0075153 0.9960125
2481.223924 -0.0684712 0.0044571 -0.0111628 -0.1147247 0.0127520 -0.0098748 0.9932664
