2469.725037 0.0000000 0.0000000 0.0000000 -0.0000000 -0.0000000 -0.0000000 1.0000000
2470.787973 -0.0066969 0.0005004 -0.0007171 -0.0119900 0.0022804 -0.0006367 0.9999253
2470.891756 -0.0080278 0.0003424 -0.0008441 -0.0114026 0.0002140 -0.0008842 0.9999346
2471.046304 -0.0092828 0.0004063 -0.0008109 -0.0103440 -0.0009389 -0.0007938 0.9999458
2471.502878 -0.0108531 0.0003631 -0.0011464 -0.0094288 0.0019761 -0.0003155 0.9999536
2471.955580 -0.0138327 0.0009379 -0.0013233 -0.0228040 0.0063041 -0.0013818 0.9997191
2472.106039 -0.0151084 0.0011783 -0.0011689 -0.0268835 0.0097484 -0.0017390 0.9995896
2472.455927 -0.0178953 0.0011820 -0.0016389 -0.0300868 0.0079561 -0.0022062 0.9995132
2472.805794 -0.0194933 0.0013205 -0.0019692 -0.0312854 0.0045776 -0.0021505 0.9994977
2473.355662 -0.0230569 -0.0003776 -0.0026411 -0.0025706 -0.0035596 -0.0000219 0.9999903
2473.454862 -0.0230933 -0.0007595 -0.0026955 0.0065622 -0.0047044 0.0007702 0.9999672
2474.152601 -0.0262660 -0.0031976 -0.0043033 0.0581591 -0.0115272 0.0033590 0.9982352
2474.947112 -0.0300459 -0.0053681 -0.0063024 0.1139822 -0.0202653 0.0053196 0.9932618
2476.325840 -0.0377838 -0.0059418 -0.0084533 0.1293783 -0.0182238 0.0071855 0.9914018
2476.624369 -0.0393354 -0.0059608 -0.0083903 0.1293450 -0.0161448 0.0075198 0.9914397
2476.824350 -0.0407939 -0.0068030 -0.0091124 0.1341670 -0.0175863 0.0078831 0.9907713
2477.074326 -0.0415138 -0.0065695 -0.0087974 0.1379998 -0.0165732 0.0082949 0.9902589
2477.374297 -0.0425800 -0.0063683 -0.0086974 0.1431160 -0.0148292 0.0084208 0.9895590
2477.574277 -0.0429333 -0.0062783 -0.0085368 0.1381655 -0.0138531 0.0084353 0.9902763
2478.774161 -0.0503306 -0.0026421 -0.0079644 0.0459053 0.0011421 0.0036415 0.9989385
2479.524088 -0.0524144 -0.0007108 -0.0089690 -0.0248906 0.0074393 -0.0016365 0.9996612
2479.924050 -0.0507877 0.0019133 -0.0085438 -0.0602631 0.0096582 -0.0042705 0.9981267
2480.124030 -0.0525590 0.0028848 -0.0073823 -0.0722175 0.0109682 -0.0060807 0.9973101
2480.224021 -0.0521882 0.0020973 -0.0087147 -0.0820794 0.0121151 -0.0073138 0.9965253
2481.623885 -0.0516082 0.0035840 -0.0079766 -0.1124583 0.0147341 -0.0089923 0.9935066
