2444.927438 0.0000000 0.0000000 0.0000000 -0.0000000 -0.0000000 -0.0000000 1.0000000
2449.476998 -0.0130400 0.0018172 0.0019033 -0.0248089 -0.0186430 -0.0006987 0.9995182
2449.626983 -0.0143640 0.0016383 0.0020400 -0.0233947 -0.0222716 -0.0013327 0.9994773
2449.676978 -0.0148182 0.0016315 0.0021087 -0.0227328 -0.0232580 -0.0016732 0.9994696
2450.076940 -0.0195422 0.0016458 0.0022525 -0.0198645 -0.0306087 -0.0041732 0.9993253
2451.126838 -0.0352703 0.0010754 0.0023245 -0.0115109 -0.0570227 -0.0289746 0.9978859
2451.626790 -0.0440471 0.0016071 0.0024280 -0.0115058 -0.0708265 -0.0369764 0.9967366
2452.326722 -0.0517810 0.0016466 0.0015037 -0.0060547 -0.0885735 -0.0453324 0.9950191
2452.476707 -0.0542763 0.0015950 0.0006033 -0.0046708 -0.0918465 -0.0455389 0.9947204
2452.676688 -0.0594994 0.0021397 -0.0000922 -0.0026557 -0.0984552 -0.0482372 0.9939682
2452.826673 -0.0655770 0.0028951 -0.0026464 -0.0039593 -0.1110093 -0.0511310 0.9924953
2452.926664 -0.0681907 0.0034268 -0.0032440 -0.0052760 -0.1174772 -0.0550324 0.9915355
2456.126354 -0.1081655 0.0114833 -0.0084518 -0.0118471 -0.1837691 -0.1180134 0.9757876
2456.676301 -0.1155222 0.0135354 -0.0100401 -0.0143997 -0.1895202 -0.1316864 0.9728996
2456.826286 -0.1173347 0.0146654 -0.0106624 -0.0161221 -0.1946257 -0.1337725 0.9715791
2457.176252 -0.1259797 0.0170283 -0.0131579 -0.0168873 -0.2039853 -0.1450711 0.9680182
2457.826189 -0.1391055 0.0214823 -0.0196301 -0.0161783 -0.2271381 -0.1624550 0.9600807
2457.926180 -0.1409045 0.0202596 -0.0234542 -0.0166233 -0.2296342 -0.1653591 0.9589829
2458.376136 -0.1484362 0.0251101 -0.0294133 -0.0028929 -0.2412679 -0.1740390 0.9547209
2458.476126 -0.1525208 0.0239818 -0.0317449 0.0035522 -0.2492315 -0.1762617 0.9522620
2458.576117 -0.1560450 0.0243130 -0.0340885 0.0071368 -0.2551332 -0.1776082 0.9504270
2458.676502 -0.1586607 0.0253335 -0.0363881 0.0157978 -0.2618446 -0.1789107 0.9482504
2459.084542 -0.1672971 0.0268508 -0.0426562 0.0413842 -0.2817701 -0.1816059 0.9412291
2459.187575 -0.1692147 0.0271313 -0.0455574 0.0503327 -0.2861796 -0.1830614 0.9391786
2459.236977 -0.1707481 0.0263175 -0.0462837 0.0554216 -0.2891590 -0.1820581 0.9381739
2459.337284 -0.1705650 0.0263059 -0.0472323 0.0613080 -0.2932869 -0.1811874 0.9366938
2459.594331 -0.1753029 0.0275867 -0.0504098 0.0785426 -0.3036326 -0.1814906 0.9320405
2460.701533 -0.1905672 0.0320130 -0.0630770 0.1376595 -0.3413063 -0.1789812 0.9124284
2460.902580 -0.1932498 0.0324055 -0.0666343 0.1467258 -0.3512014 -0.1788665 0.9072683
2462.451700 -0.2143765 0.0417964 -0.0813093 0.1958205 -0.3890885 -0.1732517 0.8833166
2463.551494 -0.2292965 0.0507534 -0.0935151 0.1939468 -0.3971675 -0.1764987 0.8794833
2464.889946 -0.2242098 0.0506134 -0.1089204 0.2003401 -0.4190170 -0.1712887 0.8688779
2465.725424 -0.2405929 0.0656884 -0.1174937 0.1837918 -0.4171910 -0.1845988 0.8706868
2465.975400 -0.2407541 0.0663302 -0.1180788 0.1728364 -0.4119425 -0.1903910 0.8741752
2466.075391 -0.2402658 0.0679259 -0.1203978 0.1676172 -0.4117184 -0.1925926 0.8748146
2466.375362 -0.2379235 0.0712662 -0.1231244 0.1450283 -0.4129827 -0.2029373 0.8759158
2466.525347 -0.2365253 0.0737185 -0.1246709 0.1339017 -0.4084538 -0.2090600 0.8783677
2467.025299 -0.2452584 0.0797915 -0.1287556 0.1051382 -0.3979816 -0.2265881 0.8827313
2470.280080 -0.2682167 0.1082751 -0.1502654 0.0232965 -0.3745579 -0.2720920 0.8860754
2470.995143 -0.2682618 0.1060297 -0.1564921 0.0201654 -0.3776477 -0.2716986 0.8849607
2471.298255 -0.2679442 0.1063510 -0.1575679 0.0235126 -0.3796217 -0.2691542 0.8848110
2471.854879 -0.2726334 0.1134158 -0.1612624 0.0151866 -0.3679844 -0.2752676 0.8880228
2472.755937 -0.2782305 0.1197554 -0.1688637 0.0055582 -0.3665113 -0.2802595 0.8871827
2473.504185 -0.2830905 0.1197840 -0.1767899 0.0386681 -0.3871255 -0.2621409 0.8831312
2474.252177 -0.2876616 0.1197127 -0.1835918 0.0842830 -0.4093259 -0.2384827 0.8766269
2474.600602 -0.2884911 0.1188110 -0.1876483 0.1035814 -0.4199695 -0.2286560 0.8721313
2475.390431 -0.2919895 0.1197642 -0.1948709 0.1391164 -0.4315761 -0.2101355 0.8661592
2477.074326 -0.3001298 0.1277014 -0.2065569 0.1458878 -0.4271303 -0.2049657 0.8684846
2477.424292 -0.3003121 0.1284371 -0.2076853 0.1504503 -0.4266280 -0.2022926 0.8685799
2477.524282 -0.3003533 0.1288184 -0.2078210 0.1477193 -0.4253570 -0.2035838 0.8693699
2478.274210 -0.3017986 0.1336311 -0.2132550 0.1072081 -0.4105003 -0.2255906 0.8769863
2478.774161 -0.3036633 0.1400249 -0.2149784 0.0709849 -0.3909362 -0.2455979 0.8842012
2479.074132 -0.3048213 0.1425632 -0.2155403 0.0485167 -0.3777932 -0.2589910 0.8876047
2479.174122 -0.3024416 0.1437946 -0.2141559 0.0399393 -0.3762804 -0.2622791 0.8877092
2479.474093 -0.3046846 0.1457811 -0.2152434 0.0149389 -0.3669742 -0.2758818 0.8882545
2480.424001 -0.3010469 0.1518376 -0.2109846 -0.0454910 -0.3402061 -0.3075519 0.8874696
2480.773967 -0.3012197 0.1515183 -0.2108916 -0.0601048 -0.3335765 -0.3150185 0.8864974
