2444.927438 0.0000000 0.0000000 0.0000000 -0.0000000 -0.0000000 -0.0000000 1.0000000
2449.476998 -0.0132427 0.0028406 0.0026512 -0.0243096 -0.0185288 -0.0007669 0.9995325
2449.626983 -0.0153322 0.0026546 0.0026553 -0.0228937 -0.0217891 -0.0015265 0.9994993
2449.676978 -0.0150881 0.0027857 0.0032052 -0.0222327 -0.0230951 -0.0016595 0.9994847
2450.326915 -0.0233259 0.0027810 0.0032587 -0.0172114 -0.0363324 -0.0092889 0.9991484
2451.226828 -0.0374652 0.0029536 0.0032726 -0.0108193 -0.0595163 -0.0307160 0.9976960
2451.276823 -0.0372449 0.0028431 0.0035241 -0.0110439 -0.0611375 -0.0308551 0.9975912
2451.826770 -0.0475258 0.0031839 0.0031416 -0.0098025 -0.0756633 -0.0404281 0.9962654
2452.476707 -0.0546311 0.0030425 0.0019933 -0.0040042 -0.0915421 -0.0457110 0.9947435
2452.826673 -0.0662294 0.0050136 -0.0010317 -0.0029601 -0.1105801 -0.0512764 0.9925392
2453.726586 -0.0766079 0.0062133 -0.0014438 -0.0073742 -0.1344287 -0.0675147 0.9885931
2456.226344 -0.1101592 0.0132091 -0.0079902 -0.0116775 -0.1837632 -0.1198165 0.9755710
2456.626306 -0.1148763 0.0145956 -0.0090193 -0.0135408 -0.1877467 -0.1308559 0.9733676
2456.926276 -0.1205884 0.0162456 -0.0111122 -0.0153731 -0.1970972 -0.1380188 0.9704984
2457.026267 -0.1228117 0.0172832 -0.0114709 -0.0162139 -0.1992115 -0.1391348 0.9698935
2457.876184 -0.1395109 0.0215034 -0.0213202 -0.0163990 -0.2279829 -0.1643833 0.9595484
2458.026170 -0.1419464 0.0210540 -0.0236148 -0.0163009 -0.2307147 -0.1658473 0.9586447
2458.126160 -0.1438777 0.0215364 -0.0241151 -0.0143240 -0.2321798 -0.1680923 0.9579313
2458.476126 -0.1525275 0.0231376 -0.0311025 0.0031951 -0.2494665 -0.1764663 0.9521638
2458.626112 -0.1565459 0.0241076 -0.0337983 0.0093420 -0.2585081 -0.1781643 0.9493912
2458.676502 -0.1590059 0.0251414 -0.0351975 0.0157121 -0.2621223 -0.1792939 0.9481027
2459.136493 -0.1678254 0.0264190 -0.0432021 0.0452439 -0.2845004 -0.1826173 0.9400337
2459.187575 -0.1685624 0.0259827 -0.0434169 0.0494250 -0.2869807 -0.1827804 0.9390371
2459.489521 -0.1746914 0.0273688 -0.0482193 0.0720252 -0.2983829 -0.1822024 0.9341212
2459.594331 -0.1740414 0.0264456 -0.0494925 0.0781727 -0.3044091 -0.1818072 0.9317566
2460.298471 -0.1876621 0.0302924 -0.0579714 0.1240320 -0.3326714 -0.1804903 0.9172617
2461.702957 -0.2069403 0.0391275 -0.0755726 0.1723487 -0.3758762 -0.1830145 0.8919185
2462.152440 -0.2123199 0.0408530 -0.0795496 0.1883520 -0.3816894 -0.1775415 0.8873082
2464.543555 -0.2350609 0.0564592 -0.1038867 0.1981066 -0.4099461 -0.1744651 0.8730750
2465.975400 -0.2419236 0.0670317 -0.1187460 0.1728598 -0.4115340 -0.1909213 0.8742473
2466.075391 -0.2407220 0.0688501 -0.1206187 0.1679233 -0.4114971 -0.1934372 0.8746737
2466.275371 -0.2389500 0.0706689 -0.1222230 0.1529268 -0.4159160 -0.1993646 0.8740029
2466.375362 -0.2386944 0.0704035 -0.1220112 0.1447953 -0.4131638 -0.2040896 0.8756012
2468.275178 -0.2535523 0.0928140 -0.1347807 0.0646500 -0.3879347 -0.2501050 0.8847455
2468.525153 -0.2554427 0.0946494 -0.1375683 0.0576197 -0.3852667 -0.2538088 0.8853421
2468.725134 -0.2565244 0.0956699 -0.1387136 0.0529582 -0.3827913 -0.2565680 0.8859115
2469.125095 -0.2573575 0.0979959 -0.1406010 0.0427881 -0.3799848 -0.2620472 0.8860655
2469.275081 -0.2584839 0.0994922 -0.1414832 0.0401718 -0.3827556 -0.2626237 0.8848238
2469.625047 -0.2611313 0.1015276 -0.1429873 0.0328831 -0.3805200 -0.2663165 0.8849851
2470.280080 -0.2659442 0.1055481 -0.1483124 0.0219989 -0.3758278 -0.2715565 0.8857350
2470.787973 -0.2681017 0.1084880 -0.1520293 0.0213404 -0.3736627 -0.2721823 0.8864748
2472.055886 -0.2754135 0.1174544 -0.1610340 0.0123680 -0.3655868 -0.2772920 0.8884270
2472.706080 -0.2795259 0.1215694 -0.1667578 0.0069594 -0.3664828 -0.2801003 0.8872349
2473.355662 -0.2838091 0.1220325 -0.1732862 0.0281699 -0.3814909 -0.2684015 0.8840994
2473.653795 -0.2852389 0.1212411 -0.1755178 0.0503524 -0.3927009 -0.2564436 0.8817524
2474.202182 -0.2884935 0.1203241 -0.1814027 0.0829030 -0.4069084 -0.2397093 0.8775489
2475.438708 -0.2930284 0.1203208 -0.1939967 0.1440984 -0.4328302 -0.2074770 0.8653594
2476.424389 -0.2977340 0.1256135 -0.2014674 0.1363247 -0.4249626 -0.2112217 0.8696021
2476.824350 -0.2994721 0.1271531 -0.2038342 0.1425361 -0.4275579 -0.2071394 0.8683150
2477.124321 -0.3002619 0.1280526 -0.2053894 0.1472086 -0.4276772 -0.2045066 0.8681008
2477.574277 -0.3014885 0.1294466 -0.2084568 0.1465060 -0.4247284 -0.2052277 0.8694960
2477.674268 -0.3010895 0.1304357 -0.2091902 0.1423331 -0.4231515 -0.2074845 0.8704219
2478.024234 -0.3033570 0.1344921 -0.2102500 0.1226843 -0.4156831 -0.2183252 0.8743514
2478.574180 -0.3040836 0.1398123 -0.2101570 0.0849320 -0.4016403 -0.2368856 0.8805435
2478.824156 -0.3058162 0.1418425 -0.2129500 0.0675349 -0.3883545 -0.2480279 0.8849305
2479.524088 -0.3063169 0.1484230 -0.2126551 0.0128264 -0.3665938 -0.2775971 0.8879101
2480.124030 -0.3049405 0.1522908 -0.2109032 -0.0280921 -0.3494349 -0.2985466 0.8876802
2480.424001 -0.3037042 0.1548697 -0.2100408 -0.0448364 -0.3392473 -0.3081882 0.8876492
2480.723972 -0.3037127 0.1552662 -0.2095878 -0.0586849 -0.3332336 -0.3151450 0.8866764
