2469.725037 0.0000000 0.0000000 0.0000000 -0.0000000 -0.0000000 -0.0000000 1.0000000
2470.787973 -0.0060323 0.0005326 -0.0005349 -0.0119237 0.0022649 -0.0005875 0.9999262
2470.891756 -0.0072257 0.0004493 -0.0005757 -0.0112702 0.0002247 -0.0009393 0.9999360
2471.298255 -0.0092535 0.0003085 -0.0006722 -0.0064617 -0.0011569 -0.0002227 0.9999785
2471.804883 -0.0112921 0.0009658 -0.0008144 -0.0171624 0.0054085 -0.0010142 0.9998376
2472.106039 -0.0136982 0.0012801 -0.0007245 -0.0266833 0.0098078 -0.0016756 0.9995944
2472.256203 -0.0147399 0.0014369 -0.0006974 -0.0308381 0.0103307 -0.0020396 0.9994689
2472.656085 -0.0169598 0.0014051 -0.0010900 -0.0303430 0.0058950 -0.0019615 0.9995202
2473.055789 -0.0189857 0.0011820 -0.0014468 -0.0271793 0.0011957 -0.0016594 0.9996285
2473.703475 -0.0218651 -0.0010290 -0.0024990 0.0263170 -0.0083061 0.0016592 0.9996178
2474.053085 -0.0234494 -0.0022059 -0.0030812 0.0508064 -0.0097447 0.0026376 0.9986575
2475.095616 -0.0278084 -0.0045883 -0.0050801 0.1186399 -0.0190547 0.0056199 0.9927386
2475.930244 -0.0331170 -0.0055394 -0.0069795 0.1447320 -0.0222831 0.0067634 0.9891968
2476.029050 -0.0336300 -0.0049951 -0.0066744 0.1397847 -0.0221905 0.0066272 0.9899111
2476.624369 -0.0358743 -0.0052259 -0.0069316 0.1294604 -0.0158167 0.0072827 0.9914317
2476.724360 -0.0357946 -0.0054505 -0.0067871 0.1321901 -0.0172468 0.0079488 0.9910425
2477.024331 -0.0367402 -0.0055452 -0.0067004 0.1376050 -0.0173438 0.0082426 0.9903010
2477.124321 -0.0370742 -0.0055071 -0.0065290 0.1399999 -0.0166210 0.0085013 0.9899755
2477.424292 -0.0381649 -0.0053742 -0.0066162 0.1432888 -0.0143540 0.0083686 0.9895414
2477.574277 -0.0382074 -0.0052434 -0.0067383 0.1386134 -0.0140484 0.0083818 0.9902114
2477.674268 -0.0382141 -0.0053893 -0.0068053 0.1332896 -0.0136589 0.0088349 0.9909437
2479.374103 -0.0472069 0.0003812 -0.0070056 -0.0107956 0.0088962 -0.0010477 0.9999016
2479.524088 -0.0473103 0.0008278 -0.0069307 -0.0237260 0.0076626 -0.0020005 0.9996871
2479.924050 -0.0466799 0.0034007 -0.0061842 -0.0589137 0.0103828 -0.0048865 0.9981971
2480.124030 -0.0468180 0.0033015 -0.0058452 -0.0721125 0.0106406 -0.0060515 0.9973214
2480.673977 -0.0465479 0.0051235 -0.0052175 -0.1082719 0.0160497 -0.0086053 0.9939545
