2461.502147 0.0000000 0.0000000 0.0000000 -0.0000000 -0.0000000 -0.0000000 1.0000000
2462.901498 -0.0159093 -0.0021553 0.0011503 0.0374654 -0.0214311 -0.0030475 0.9990634
2462.951493 -0.0160295 -0.0021967 0.0010781 0.0368443 -0.0221262 -0.0029749 0.9990716
2463.900552 -0.0336553 -0.0038808 0.0019030 0.0395219 -0.0277981 -0.0061504 0.9988130
2464.592938 -0.0347195 -0.0023376 -0.0013202 0.0474851 -0.0386293 -0.0027792 0.9981209
2465.232505 -0.0354699 -0.0014099 -0.0034704 0.0534516 -0.0528215 -0.0015975 0.9971712
2465.875410 -0.0361348 -0.0004642 -0.0056790 0.0257119 -0.0511251 -0.0035713 0.9983549
2466.075391 -0.0361043 -0.0003995 -0.0061460 0.0131708 -0.0508269 -0.0044475 0.9986107
2466.125386 -0.0359719 -0.0004101 -0.0060993 0.0097024 -0.0530933 -0.0046399 0.9985316
2469.725037 -0.0738016 0.0095692 -0.0099144 -0.1447079 -0.0521041 -0.0264540 0.9877474
2470.787973 -0.0821752 0.0099476 -0.0118574 -0.1566211 -0.0495295 -0.0281053 0.9860156
2470.891756 -0.0834732 0.0099359 -0.0120512 -0.1559981 -0.0518524 -0.0279884 0.9859983
2471.197514 -0.0860012 0.0099376 -0.0123907 -0.1529796 -0.0533162 -0.0271946 0.9864153
2472.106039 -0.0926043 0.0114225 -0.0136959 -0.1708067 -0.0418592 -0.0309901 0.9839271
2472.256203 -0.0942216 0.0117378 -0.0139902 -0.1748038 -0.0411328 -0.0318184 0.9832290
2472.706080 -0.0978563 0.0117007 -0.0148371 -0.1739950 -0.0465167 -0.0309481 0.9831603
2473.155503 -0.1010406 0.0111843 -0.0154974 -0.1674899 -0.0520236 -0.0290249 0.9840723
2473.255651 -0.1017953 0.0102807 -0.0155149 -0.1592734 -0.0538102 -0.0277369 0.9853767
2474.550607 -0.1100413 0.0041665 -0.0182423 -0.0593152 -0.0739971 -0.0150543 0.9953791
2475.881415 -0.1179596 0.0008243 -0.0215671 -0.0004521 -0.0751923 -0.0086262 0.9971316
2476.724360 -0.1237464 0.0017788 -0.0224923 -0.0134687 -0.0706161 -0.0094602 0.9973678
2476.824350 -0.1247900 0.0016068 -0.0229179 -0.0109406 -0.0709278 -0.0091158 0.9973798
2477.124321 -0.1248728 0.0013106 -0.0232448 -0.0058559 -0.0702926 -0.0079969 0.9974772
2477.324302 -0.1256694 0.0018848 -0.0239615 -0.0032493 -0.0691778 -0.0080192 0.9975668
2477.624272 -0.1257860 0.0015144 -0.0241994 -0.0091940 -0.0679297 -0.0079739 0.9976159
2478.574180 -0.1343364 0.0057839 -0.0247870 -0.0805703 -0.0583816 -0.0168544 0.9948949
2479.024137 -0.1373477 0.0086555 -0.0245452 -0.1225611 -0.0451660 -0.0251914 0.9911126
2479.174122 -0.1357050 0.0107567 -0.0253481 -0.1352088 -0.0456232 -0.0256607 0.9894335
2479.924050 -0.1369452 0.0124457 -0.0259428 -0.2030465 -0.0409878 -0.0351624 0.9776788
2480.523992 -0.1349328 0.0162026 -0.0268860 -0.2422077 -0.0362095 -0.0417771 0.9686480
2480.723972 -0.1371525 0.0149169 -0.0265966 -0.2521586 -0.0347138 -0.0436913 0.9660757
2481.623885 -0.1362570 0.0159699 -0.0272976 -0.2528039 -0.0361662 -0.0428873 0.9658897
