2469.725037 0.0000000 0.0000000 0.0000000 -0.0000000 -0.0000000 -0.0000000 1.0000000
2470.787973 -0.0077162 0.0000789 -0.0011006 -0.0123681 0.0023106 -0.0006311 0.9999207
2470.891756 -0.0089496 -0.0000290 -0.0011749 -0.0116963 0.0000841 -0.0007286 0.9999313
2471.197514 -0.0111993 -0.0000449 -0.0012146 -0.0085933 -0.0014212 -0.0004018 0.9999620
2472.005891 -0.0161688 0.0005614 -0.0018041 -0.0233418 0.0065867 -0.0014356 0.9997048
2472.106039 -0.0176331 0.0009774 -0.0016459 -0.0271540 0.0099851 -0.0018471 0.9995797
2472.256203 -0.0188940 0.0012757 -0.0016436 -0.0312017 0.0104517 -0.0022138 0.9994560
2472.805794 -0.0225208 0.0010770 -0.0024335 -0.0316021 0.0047264 -0.0022392 0.9994869
2472.855789 -0.0226466 0.0006066 -0.0025627 -0.0308763 0.0039723 -0.0020860 0.9995131
2473.355662 -0.0264205 -0.0009608 -0.0033167 -0.0029216 -0.0035364 0.0000493 0.9999895
2473.454862 -0.0267514 -0.0013124 -0.0036025 0.0063167 -0.0044470 0.0006241 0.9999700
2474.053085 -0.0299368 -0.0040206 -0.0051733 0.0500136 -0.0095756 0.0028529 0.9986986
2476.374393 -0.0435171 -0.0074532 -0.0094247 0.1280471 -0.0175501 0.0069325 0.9915886
2476.624369 -0.0449163 -0.0077406 -0.0099981 0.1287432 -0.0161174 0.0074730 0.9915189
2476.724360 -0.0462564 -0.0079898 -0.0099191 0.1314528 -0.0168243 0.0079115 0.9911481
2476.824350 -0.0468357 -0.0080918 -0.0100846 0.1339571 -0.0174015 0.0079494 0.9908025
2477.074326 -0.0476369 -0.0082998 -0.0104088 0.1374869 -0.0164120 0.0084432 0.9903316
2477.374297 -0.0490381 -0.0086502 -0.0106599 0.1422765 -0.0146067 0.0083945 0.9896836
2477.574277 -0.0508539 -0.0086462 -0.0110421 0.1373523 -0.0129059 0.0079712 0.9904062
2478.674171 -0.0574875 -0.0055048 -0.0111142 0.0533939 -0.0018200 0.0044038 0.9985622
2478.774161 -0.0576743 -0.0054938 -0.0112851 0.0445746 0.0013815 0.0033517 0.9989995
2479.524088 -0.0592494 -0.0055366 -0.0137190 -0.0276291 0.0075416 -0.0014554 0.9995887
2479.924050 -0.0587391 -0.0012315 -0.0122120 -0.0620950 0.0104018 -0.0052496 0.9980022
2480.024040 -0.0591219 -0.0012696 -0.0124114 -0.0687413 0.0106863 -0.0057607 0.9975607
2480.274016 -0.0584141 -0.0012625 -0.0114332 -0.0865807 0.0115845 -0.0064729 0.9961565
2480.673977 -0.0593801 0.0018247 -0.0100730 -0.1110740 0.0161357 -0.0099991 0.9936308
2481.623885 -0.0590005 0.0021978 -0.0100830 -0.1132454 0.0147965 -0.0105056 0.9934013
