2444.927438 0.0000000 0.0000000 0.0000000 -0.0000000 -0.0000000 -0.0000000 1.0000000
2449.476998 -0.0131956 0.0019206 0.0018175 -0.0247385 -0.0185685 -0.0006700 0.9995213
2449.576988 -0.0141116 0.0017657 0.0021888 -0.0227487 -0.0210596 -0.0015366 0.9995182
2449.626983 -0.0145152 0.0017756 0.0020180 -0.0233432 -0.0222146 -0.0012499 0.9994799
2451.126838 -0.0353312 0.0006619 0.0019004 -0.0117406 -0.0570120 -0.0288396 0.9978878
2451.226828 -0.0375614 0.0010927 0.0013332 -0.0116665 -0.0595369 -0.0307030 0.9976856
2451.276823 -0.0373270 0.0010384 0.0021332 -0.0119252 -0.0612548 -0.0307516 0.9975771
2452.076746 -0.0504373 0.0015118 0.0012774 -0.0090931 -0.0832733 -0.0418500 0.9956061
2452.726683 -0.0616379 0.0019587 -0.0012880 -0.0039829 -0.1020304 -0.0481693 0.9936064
2452.826673 -0.0663507 0.0024912 -0.0030804 -0.0040994 -0.1106984 -0.0511394 0.9925290
2453.626596 -0.0762419 0.0047262 -0.0028881 -0.0081276 -0.1329563 -0.0661436 0.9888790
2455.076455 -0.0935422 0.0079407 -0.0049153 -0.0084797 -0.1649571 -0.0949665 0.9816815
2456.676301 -0.1172345 0.0140162 -0.0101212 -0.0143035 -0.1890171 -0.1317288 0.9729930
2457.026267 -0.1246014 0.0170833 -0.0118174 -0.0164040 -0.1991317 -0.1391979 0.9698976
2457.426228 -0.1325965 0.0190295 -0.0150698 -0.0176623 -0.2125552 -0.1494924 0.9654845
2457.576214 -0.1359974 0.0200806 -0.0164658 -0.0168562 -0.2179133 -0.1546484 0.9634903
2457.826189 -0.1412815 0.0221887 -0.0195481 -0.0160491 -0.2265407 -0.1625975 0.9601999
2458.076165 -0.1445761 0.0226295 -0.0222866 -0.0160534 -0.2313421 -0.1659873 0.9584734
2458.476126 -0.1545584 0.0263414 -0.0284737 0.0042284 -0.2494063 -0.1761718 0.9522301
2458.576117 -0.1579933 0.0267635 -0.0314735 0.0078621 -0.2551293 -0.1775932 0.9504251
2458.676502 -0.1606801 0.0269793 -0.0338641 0.0162863 -0.2620362 -0.1791299 0.9481478
2459.136493 -0.1699105 0.0290988 -0.0404371 0.0458994 -0.2844944 -0.1821853 0.9400876
2459.387891 -0.1736734 0.0289947 -0.0440864 0.0639782 -0.2938778 -0.1816800 0.9362345
2459.489521 -0.1747011 0.0293364 -0.0449967 0.0725423 -0.2992173 -0.1812028 0.9340087
2459.746055 -0.1798394 0.0304431 -0.0495735 0.0888374 -0.3120781 -0.1826386 0.9280939
2460.298471 -0.1892578 0.0322967 -0.0561604 0.1245822 -0.3325819 -0.1801129 0.9172938
2461.602137 -0.2079574 0.0397930 -0.0736472 0.1675446 -0.3713356 -0.1838780 0.8945544
2462.502070 -0.2160676 0.0433970 -0.0805830 0.1963961 -0.3893688 -0.1733179 0.8830523
2464.592938 -0.2362128 0.0579079 -0.1029487 0.1987070 -0.4110844 -0.1738438 0.8725271
2465.133957 -0.2346868 0.0606937 -0.1058839 0.2054467 -0.4243176 -0.1711878 0.8651248
2465.875410 -0.2439595 0.0682435 -0.1173042 0.1788378 -0.4138272 -0.1878988 0.8726157
2465.925405 -0.2438122 0.0682465 -0.1173182 0.1763697 -0.4127256 -0.1891846 0.8733616
2465.975400 -0.2437211 0.0683002 -0.1174204 0.1731743 -0.4115701 -0.1906911 0.8742183
2466.375362 -0.2408977 0.0717630 -0.1209694 0.1451082 -0.4130230 -0.2034005 0.8757762
2466.525347 -0.2409363 0.0707915 -0.1234825 0.1329056 -0.4082123 -0.2097200 0.8784739
2466.825318 -0.2469318 0.0793804 -0.1231996 0.1131959 -0.3954342 -0.2225965 0.8838944
2468.325173 -0.2570237 0.0940981 -0.1348827 0.0616230 -0.3859894 -0.2516546 0.8853727
2469.175091 -0.2605579 0.0995869 -0.1391846 0.0427178 -0.3817975 -0.2610160 0.8855940
2469.475061 -0.2616932 0.1032330 -0.1399832 0.0360389 -0.3821377 -0.2643599 0.8847519
2469.625047 -0.2635701 0.1029813 -0.1420268 0.0331892 -0.3804366 -0.2660120 0.8851013
2470.229730 -0.2672257 0.1066372 -0.1478614 0.0236342 -0.3766092 -0.2707877 0.8855965
2470.995143 -0.2716218 0.1096502 -0.1549938 0.0211720 -0.3770009 -0.2720433 0.8851071
2471.754572 -0.2750375 0.1146504 -0.1590496 0.0190318 -0.3704528 -0.2735366 0.8874572
2472.555779 -0.2797276 0.1210241 -0.1651251 0.0066870 -0.3636908 -0.2803774 0.8882977
2473.155503 -0.2846796 0.1238179 -0.1723174 0.0112222 -0.3723418 -0.2777111 0.8855011
2473.703475 -0.2849598 0.1239300 -0.1730887 0.0523285 -0.3942837 -0.2547097 0.8814335
2474.501066 -0.2910055 0.1215297 -0.1852811 0.0970413 -0.4186671 -0.2320838 0.8726041
2475.735893 -0.2956296 0.1222642 -0.1969978 0.1534173 -0.4341434 -0.2024558 0.8642883
2476.524379 -0.2984121 0.1267527 -0.2012230 0.1353011 -0.4234630 -0.2110021 0.8705463
2476.924340 -0.3018356 0.1292449 -0.2054556 0.1445983 -0.4272332 -0.2061228 0.8683758
2477.074326 -0.3027571 0.1299270 -0.2062057 0.1462225 -0.4267907 -0.2051231 0.8685581
2477.324302 -0.3022491 0.1305359 -0.2069007 0.1498200 -0.4270808 -0.2031395 0.8682686
2477.574277 -0.3025996 0.1310023 -0.2075791 0.1468208 -0.4248948 -0.2046099 0.8695073
2477.674268 -0.3024004 0.1305512 -0.2083571 0.1422739 -0.4233101 -0.2068615 0.8705028
2478.024234 -0.3053144 0.1342732 -0.2092991 0.1224528 -0.4158925 -0.2175429 0.8744792
2478.874151 -0.3096664 0.1434864 -0.2137066 0.0643068 -0.3849351 -0.2502758 0.8860314
2479.174122 -0.3102531 0.1477585 -0.2103800 0.0407922 -0.3751574 -0.2629615 0.8879438
2479.274113 -0.3098162 0.1483637 -0.2125516 0.0324937 -0.3709231 -0.2677971 0.8886197
2479.824059 -0.3093526 0.1489238 -0.2136126 -0.0089120 -0.3567512 -0.2886913 0.8884292
2480.573987 -0.3064191 0.1544948 -0.2099634 -0.0534930 -0.3350835 -0.3121907 0.8873525
2480.723972 -0.3059822 0.1540667 -0.2099863 -0.0594248 -0.3332474 -0.3149549 0.8866895
