1764826387.529924 0.0000000 0.0000000 0.0000000 -0.0000000 -0.0000000 -0.0000000 1.0000000
1764826405.730061 0.0003594 -0.0009594 -0.0297125 -0.0000632 0.0039020 -0.0000878 0.9999924
1764826405.779962 0.0010312 -0.0019176 -0.0389423 0.0002076 0.0037544 0.0003996 0.9999929
1764826405.879943 0.0003493 -0.0013339 -0.0575181 -0.0013039 0.0048599 -0.0000118 0.9999874
1764826406.030053 0.0001145 -0.0030605 -0.0873520 -0.0013512 0.0058602 0.0006761 0.9999817
1764826406.230061 0.0000461 -0.0053375 -0.1274262 -0.0012602 0.0064406 0.0003197 0.9999784
1764826406.280972 -0.0002381 -0.0043217 -0.1375607 -0.0020643 0.0070776 0.0008164 0.9999725
1764826406.379961 -0.0008821 -0.0066473 -0.1583163 -0.0012560 0.0080585 0.0004764 0.9999666
1764826406.430056 -0.0007052 -0.0078208 -0.1683244 -0.0011953 0.0084244 0.0005241 0.9999636
1764826406.479958 -0.0005187 -0.0062470 -0.1789192 -0.0035715 0.0087758 0.0004651 0.9999550
1764826406.630147 -0.0003634 -0.0080961 -0.2101214 -0.0027586 0.0101971 0.0003615 0.9999442
1764826406.679982 -0.0005185 -0.0094297 -0.2207754 -0.0017363 0.0108031 0.0015193 0.9999390
1764826406.830052 -0.0005099 -0.0092563 -0.2524627 -0.0041424 0.0111391 0.0013016 0.9999285
1764826406.880594 -0.0012550 -0.0117420 -0.2620716 -0.0018556 0.0119213 0.0001794 0.9999272
1764826406.930043 -0.0009383 -0.0084462 -0.2732108 -0.0040375 0.0125242 0.0009350 0.9999130
1764826407.030117 -0.0015509 -0.0120442 -0.2932228 -0.0029558 0.0138257 0.0008001 0.9998997
1764826407.280021 -0.0019586 -0.0130166 -0.3473625 -0.0074336 0.0162451 0.0018027 0.9998388
1764826407.379986 -0.0027796 -0.0157796 -0.3682728 -0.0030052 0.0177361 0.0006800 0.9998380
1764826407.530088 -0.0039953 -0.0174924 -0.3996551 -0.0040939 0.0192677 0.0002729 0.9998060
1764826407.630064 -0.0048209 -0.0180104 -0.4208408 -0.0058765 0.0196477 0.0000944 0.9997897
1764826407.784071 -0.0055116 -0.0193470 -0.4532840 -0.0062252 0.0197275 0.0006597 0.9997858
1764826407.930079 -0.0068924 -0.0223331 -0.4849080 -0.0053121 0.0200827 0.0000821 0.9997842
1764826408.079995 -0.0075817 -0.0244998 -0.5169820 -0.0048884 0.0211360 0.0013533 0.9997637
1764826408.180013 -0.0085836 -0.0254615 -0.5373743 -0.0060456 0.0212240 0.0005894 0.9997563
1764826408.330075 -0.0098733 -0.0269341 -0.5699885 -0.0057241 0.0224191 0.0009354 0.9997319
1764826408.379986 -0.0104007 -0.0297760 -0.5805680 -0.0040982 0.0229015 0.0011302 0.9997287
1764826408.430134 -0.0110308 -0.0309149 -0.5909753 -0.0048462 0.0231933 0.0002510 0.9997193
1764826408.530091 -0.0119553 -0.0297910 -0.6126884 -0.0058032 0.0245774 0.0005733 0.9996809
1764826408.630060 -0.0122735 -0.0302807 -0.6336635 -0.0079332 0.0246014 0.0015358 0.9996647
1764826408.679971 -0.0132133 -0.0313833 -0.6438301 -0.0060967 0.0252196 0.0004719 0.9996632
1764826408.780710 -0.0139922 -0.0336168 -0.6650460 -0.0054582 0.0256574 0.0009171 0.9996555
1764826408.930068 -0.0151423 -0.0372715 -0.6969164 -0.0033309 0.0264092 0.0015689 0.9996445
1764826408.984327 -0.0158201 -0.0353707 -0.7069351 -0.0078712 0.0264986 0.0019925 0.9996159
1764826409.284715 -0.0185070 -0.0427193 -0.7713748 -0.0023120 0.0267367 0.0024646 0.9996368
1764826409.330065 -0.0196870 -0.0407569 -0.7817385 -0.0076161 0.0267979 0.0012199 0.9996111
1764826409.380010 -0.0197337 -0.0424811 -0.7922801 -0.0070148 0.0272493 0.0020138 0.9996020
1764826409.479962 -0.0206740 -0.0417190 -0.8137316 -0.0073661 0.0274083 0.0013644 0.9995962
1764826409.580662 -0.0210366 -0.0458609 -0.8349396 -0.0044570 0.0285173 0.0029294 0.9995791
1764826409.630216 -0.0212284 -0.0465957 -0.8452498 -0.0030294 0.0283321 0.0021431 0.9995917
1764826409.679974 -0.0224119 -0.0442448 -0.8556561 -0.0096714 0.0291841 0.0022667 0.9995247
1764826409.781357 -0.0234520 -0.0484512 -0.8774463 -0.0022707 0.0294930 0.0017072 0.9995610
1764826410.080018 -0.0259817 -0.0527724 -0.9415060 -0.0043260 0.0312362 0.0025643 0.9994994
1764826410.180553 -0.0273391 -0.0523035 -0.9623564 -0.0072075 0.0313979 0.0021652 0.9994786
1764826410.279988 -0.0286970 -0.0551322 -0.9838316 -0.0043175 0.0321762 0.0020850 0.9994707
1764826410.330086 -0.0291568 -0.0552625 -0.9945276 -0.0061336 0.0322345 0.0023176 0.9994588
1764826410.430118 -0.0301007 -0.0567166 -1.0159296 -0.0053954 0.0321650 0.0019547 0.9994661
1764826410.485369 -0.0311974 -0.0582978 -1.0265516 -0.0059479 0.0327777 0.0017549 0.9994435
1764826410.530066 -0.0312311 -0.0575950 -1.0371035 -0.0077673 0.0326941 0.0024833 0.9994321
1764826410.630062 -0.0323136 -0.0603643 -1.0584838 -0.0060064 0.0333010 0.0021650 0.9994250
1764826410.730080 -0.0336483 -0.0592500 -1.0797158 -0.0085920 0.0325947 0.0021207 0.9994295
1764826410.780057 -0.0345137 -0.0604307 -1.0900495 -0.0071469 0.0309432 0.0024579 0.9994926
1764826410.830078 -0.0352711 -0.0610360 -1.1012115 -0.0074786 0.0296389 0.0028094 0.9995288
1764826410.879985 -0.0364430 -0.0616028 -1.1119721 -0.0075078 0.0281592 0.0023251 0.9995726
1764826410.980007 -0.0369976 -0.0635745 -1.1338246 -0.0080532 0.0273804 0.0031040 0.9995878
1764826411.130081 -0.0400783 -0.0654833 -1.1663035 -0.0066195 0.0274028 0.0034195 0.9995967
1764826411.230100 -0.0417980 -0.0704276 -1.1864423 -0.0081026 0.0276465 0.0030772 0.9995802
1764826411.380009 -0.0445359 -0.0750859 -1.2169886 -0.0077900 0.0216126 0.0016423 0.9997348
