2444.927438 0.0000000 0.0000000 0.0000000 -0.0000000 -0.0000000 -0.0000000 1.0000000
2449.726974 -0.0151793 0.0020592 0.0020532 -0.0229235 -0.0236732 -0.0016278 0.9994556
2449.826964 -0.0156184 0.0021801 0.0025568 -0.0216497 -0.0257345 -0.0018899 0.9994326
2450.176930 -0.0204693 0.0017920 0.0025139 -0.0197110 -0.0331232 -0.0048706 0.9992450
2450.226925 -0.0208777 0.0018592 0.0024288 -0.0198640 -0.0342172 -0.0059264 0.9991995
2451.026848 -0.0326845 0.0015218 0.0025282 -0.0112706 -0.0542314 -0.0259635 0.9981272
2451.226828 -0.0358400 0.0015222 0.0023884 -0.0115513 -0.0600062 -0.0303952 0.9976683
2451.676785 -0.0448344 0.0020320 0.0027714 -0.0115757 -0.0714309 -0.0379358 0.9966567
2451.826770 -0.0445917 0.0021481 0.0023731 -0.0102974 -0.0767648 -0.0398947 0.9961976
2452.726683 -0.0595314 0.0031154 0.0001270 -0.0034190 -0.1024000 -0.0483800 0.9935603
2452.826673 -0.0634322 0.0034113 -0.0017263 -0.0036995 -0.1115385 -0.0508844 0.9924496
2452.926664 -0.0664598 0.0034394 -0.0027773 -0.0052514 -0.1178044 -0.0550373 0.9914966
2454.876475 -0.0867008 0.0074288 -0.0035300 -0.0060021 -0.1577803 -0.0906086 0.9832901
2455.776388 -0.1019901 0.0107624 -0.0072766 -0.0113308 -0.1797243 -0.1110478 0.9773634
2456.676301 -0.1115737 0.0136268 -0.0092802 -0.0141230 -0.1905896 -0.1316389 0.9727011
2456.826286 -0.1144297 0.0145839 -0.0101983 -0.0159997 -0.1950588 -0.1340778 0.9714521
2457.676204 -0.1312949 0.0199515 -0.0166656 -0.0158916 -0.2224970 -0.1587067 0.9617977
2457.826189 -0.1345993 0.0210572 -0.0186950 -0.0160548 -0.2283885 -0.1626164 0.9597588
2457.976175 -0.1377064 0.0202853 -0.0221180 -0.0166491 -0.2308294 -0.1667507 0.9584544
2458.126160 -0.1396419 0.0208836 -0.0232903 -0.0141717 -0.2334131 -0.1688825 0.9574948
2458.376136 -0.1443529 0.0244768 -0.0278846 -0.0025479 -0.2423422 -0.1753614 0.9542077
2458.526122 -0.1527942 0.0230995 -0.0333261 0.0046619 -0.2506908 -0.1785493 0.9514476
2458.626112 -0.1535500 0.0226591 -0.0346735 0.0087673 -0.2581410 -0.1787950 0.9493781
2458.676502 -0.1563477 0.0237818 -0.0363615 0.0152609 -0.2613930 -0.1807417 0.9480365
2458.830833 -0.1599754 0.0227739 -0.0402705 0.0206307 -0.2674596 -0.1822422 0.9459532
2458.980345 -0.1622548 0.0234847 -0.0424526 0.0317341 -0.2754896 -0.1831943 0.9431534
2459.136493 -0.1650094 0.0244909 -0.0451703 0.0446536 -0.2832490 -0.1835023 0.9402675
2459.187575 -0.1661461 0.0242946 -0.0475323 0.0489359 -0.2852856 -0.1839085 0.9393589
