1765434557.415458 0.0000000 0.0000000 0.0000000 -0.0000000 -0.0000000 -0.0000000 1.0000000
1765434559.760903 0.0009406 0.0155984 -0.0400177 -0.0012799 0.0016358 -0.0000736 0.9999979
1765434559.858880 0.0005512 0.0311302 -0.0815665 0.0001392 0.0020459 -0.0004392 0.9999978
1765434559.908983 0.0011273 0.0398017 -0.1018986 -0.0014972 0.0021621 -0.0000968 0.9999965
1765434559.959221 0.0008752 0.0484207 -0.1232549 -0.0009496 0.0026405 -0.0001067 0.9999961
1765434560.008958 0.0014238 0.0562993 -0.1453738 0.0001289 0.0027839 -0.0003018 0.9999961
1765434560.058820 0.0018860 0.0657645 -0.1661175 -0.0023137 0.0024728 0.0007252 0.9999940
1765434560.161507 0.0021220 0.0820023 -0.2110520 0.0011332 0.0033023 0.0000747 0.9999939
1765434560.208945 0.0021292 0.0915827 -0.2329017 -0.0015650 0.0033346 0.0004474 0.9999931
1765434560.308938 0.0023399 0.1085185 -0.2792248 0.0003033 0.0032943 0.0002558 0.9999945
1765434560.358865 0.0025054 0.1184619 -0.3012320 -0.0014666 0.0038128 0.0010073 0.9999912
1765434560.459308 0.0020517 0.1354149 -0.3476267 0.0001721 0.0042486 -0.0000581 0.9999909
1765434560.508915 0.0022617 0.1459499 -0.3701423 -0.0029181 0.0041582 0.0004243 0.9999870
1765434560.608972 0.0028181 0.1633430 -0.4172927 0.0005555 0.0053677 0.0008295 0.9999851
1765434560.708913 0.0034596 0.1820953 -0.4646423 -0.0006055 0.0061760 0.0016081 0.9999794
1765434560.758810 0.0031738 0.1907720 -0.4885176 0.0006790 0.0065086 0.0011742 0.9999779
1765434560.908880 0.0029550 0.2187793 -0.5597081 0.0002962 0.0075717 0.0018054 0.9999697
1765434561.008880 0.0029401 0.2382380 -0.6071445 -0.0014067 0.0081556 0.0021829 0.9999634
1765434561.108868 0.0025056 0.2562803 -0.6552590 -0.0000973 0.0085604 0.0019977 0.9999614
1765434561.258869 0.0024161 0.2841142 -0.7282535 0.0027211 0.0094108 0.0031193 0.9999472
1765434561.358843 0.0015415 0.3038269 -0.7755114 -0.0000984 0.0101223 0.0030698 0.9999441
1765434561.458878 0.0012847 0.3224371 -0.8240718 0.0006810 0.0101036 0.0034862 0.9999427
1765434561.658820 -0.0000503 0.3613841 -0.9203228 -0.0007786 0.0112680 0.0038954 0.9999287
1765434561.758810 -0.0007800 0.3793379 -0.9697588 0.0038913 0.0125311 0.0041567 0.9999053
1765434561.858788 -0.0017054 0.3997136 -1.0165720 0.0000365 0.0131600 0.0044512 0.9999035
1765434562.058797 -0.0036450 0.4379787 -1.1133108 -0.0004623 0.0145144 0.0050145 0.9998820
1765434562.158737 -0.0045851 0.4578166 -1.1609317 -0.0028225 0.0154345 0.0053263 0.9998627
1765434562.308670 -0.0058893 0.4854683 -1.2339592 0.0010898 0.0169343 0.0063028 0.9998362
1765434562.458752 -0.0070112 0.5129158 -1.3072953 0.0036695 0.0177160 0.0066635 0.9998141
1765434562.558580 -0.0091150 0.5336194 -1.3554567 0.0009397 0.0179850 0.0065618 0.9998163
1765434562.658695 -0.0109315 0.5523418 -1.4060295 0.0013928 0.0175187 0.0071608 0.9998199
1765434562.758689 -0.0121868 0.5706292 -1.4550600 0.0041497 0.0182221 0.0077862 0.9997950
1765434562.958696 -0.0158304 0.6085715 -1.5522488 0.0065873 0.0192463 0.0076595 0.9997637
1765434563.058695 -0.0175935 0.6293356 -1.6010354 0.0042773 0.0197391 0.0081373 0.9997629
1765434563.158655 -0.0195224 0.6477333 -1.6500989 0.0072159 0.0201198 0.0075152 0.9997433
1765434563.308539 -0.0212252 0.6783450 -1.7219520 0.0054552 0.0207705 0.0092493 0.9997266
1765434563.458709 -0.0248985 0.7066284 -1.7954040 0.0066838 0.0222891 0.0081615 0.9996959
1765434563.608548 -0.0279862 0.7371023 -1.8679795 0.0040409 0.0231017 0.0085112 0.9996887
1765434563.758663 -0.0308913 0.7673153 -1.9391975 0.0016517 0.0240762 0.0084374 0.9996732
1765434563.858633 -0.0320614 0.7870857 -1.9875888 0.0010611 0.0244676 0.0094830 0.9996551
1765434564.008545 -0.0350883 0.8156731 -2.0602760 0.0037159 0.0258565 0.0094887 0.9996137
1765434564.108458 -0.0372230 0.8353062 -2.1094532 0.0043273 0.0267987 0.0101823 0.9995796
1765434564.208622 -0.0404609 0.8558162 -2.1583488 0.0023167 0.0268041 0.0098218 0.9995897
1765434564.308595 -0.0426746 0.8734818 -2.2088311 0.0073796 0.0272574 0.0104566 0.9995465
1765434564.508584 -0.0481099 0.9123419 -2.3046587 0.0080819 0.0286081 0.0106881 0.9995009
1765434564.608595 -0.0504759 0.9326881 -2.3540325 0.0044487 0.0289269 0.0113781 0.9995069
1765434564.758448 -0.0548424 0.9631466 -2.4257019 0.0060616 0.0298581 0.0114518 0.9994702
1765434564.908539 -0.0583318 0.9945371 -2.4975533 0.0006426 0.0303770 0.0124539 0.9994608
1765434565.058463 -0.0615590 1.0233892 -2.5700188 -0.0003150 0.0324502 0.0137121 0.9993793
1765434565.158433 -0.0642226 1.0407681 -2.6198115 0.0061910 0.0335823 0.0143443 0.9993138
1765434565.308508 -0.0698657 1.0705149 -2.6921520 0.0015720 0.0336518 0.0139075 0.9993356
1765434565.458350 -0.0749477 1.0996556 -2.7641683 0.0027980 0.0339566 0.0142224 0.9993182
1765434565.558344 -0.0785215 1.1180091 -2.8122623 0.0048266 0.0348503 0.0140663 0.9992819
1765434565.708500 -0.0839664 1.1460683 -2.8852794 0.0073111 0.0360419 0.0143369 0.9992207
1765434565.859266 -0.0895391 1.1753522 -2.9575121 0.0057487 0.0360860 0.0145804 0.9992258
1765434565.958366 -0.0927797 1.1963336 -3.0038745 0.0016950 0.0362701 0.0150913 0.9992266
1765434566.058506 -0.0959629 1.2148910 -3.0529389 0.0030533 0.0363679 0.0155159 0.9992134
1765434566.208457 -0.1016577 1.2432213 -3.1251855 0.0053488 0.0382642 0.0154374 0.9991341
1765434566.308444 -0.1052171 1.2632322 -3.1737032 0.0020949 0.0385545 0.0159171 0.9991276
1765434566.408435 -0.1091757 1.2823558 -3.2215669 0.0022007 0.0386424 0.0159669 0.9991232
1765434566.608387 -0.1166892 1.3212575 -3.3177915 0.0012977 0.0398761 0.0166449 0.9990652
1765434566.708397 -0.1203535 1.3400975 -3.3667495 0.0028789 0.0407485 0.0168784 0.9990227
1765434566.808467 -0.1244080 1.3602087 -3.4140253 0.0014982 0.0415307 0.0170690 0.9989903
1765434566.908429 -0.1292474 1.3786937 -3.4635837 0.0047217 0.0406163 0.0161211 0.9990336
1765434567.008215 -0.1348722 1.3988085 -3.5117419 0.0015821 0.0383335 0.0155537 0.9991427
1765434567.158363 -0.1415108 1.4277821 -3.5830066 -0.0002053 0.0379928 0.0146668 0.9991704
1765434567.258346 -0.1451949 1.4467081 -3.6319232 0.0007736 0.0381604 0.0150049 0.9991587
1765434567.408401 -0.1523568 1.4749756 -3.7045429 0.0021317 0.0376915 0.0142809 0.9991851
1765434567.508244 -0.1582629 1.4949222 -3.7557774 0.0016996 0.0336381 0.0131616 0.9993460
1765434567.608231 -0.1662629 1.5154352 -3.8042629 -0.0008824 0.0243002 0.0107628 0.9996464
1765434567.758331 -0.1731423 1.5445089 -3.8773394 -0.0013545 0.0208024 0.0081954 0.9997491
1765434567.908072 -0.1784349 1.5729363 -3.9516931 0.0003756 0.0187082 0.0072285 0.9997988
1765434568.108199 -0.1843672 1.6115991 -4.0510278 0.0017994 0.0130923 0.0058949 0.9998953
1765434568.208158 -0.1884211 1.6311893 -4.1001487 0.0010528 0.0093871 0.0036550 0.9999487
1765434568.308105 -0.1898699 1.6501861 -4.1486845 0.0026489 0.0086081 0.0038319 0.9999521
1765434568.458267 -0.1919096 1.6782080 -4.2214165 0.0038544 0.0064603 0.0033608 0.9999661
1765434568.608104 -0.1941503 1.7063808 -4.2938743 0.0046251 0.0050116 0.0026769 0.9999732
1765434568.808110 -0.1950875 1.7457622 -4.3878293 0.0002417 0.0038633 0.0026032 0.9999892
1765434569.008756 -0.1967927 1.7850214 -4.4827328 -0.0051376 0.0028586 0.0004530 0.9999827
1765434569.158100 -0.1995709 1.8133743 -4.5582557 -0.0023957 -0.0016348 -0.0014135 0.9999948
1765434569.258165 -0.1998340 1.8319031 -4.6076732 -0.0011098 -0.0028858 -0.0022504 0.9999927
1765434569.508337 -0.2009561 1.8789467 -4.7280254 0.0006738 -0.0063686 -0.0038794 0.9999720
1765434569.608016 -0.2013402 1.8985928 -4.7783260 -0.0000945 -0.0093618 -0.0055743 0.9999407
1765434569.808356 -0.2022591 1.9376937 -4.8760538 -0.0002262 -0.0149013 -0.0085707 0.9998522
1765434569.908133 -0.2006406 1.9548928 -4.9260440 0.0055267 -0.0152007 -0.0087836 0.9998306
1765434570.058132 -0.1989402 1.9828267 -4.9988270 0.0106228 -0.0181448 -0.0091176 0.9997374
1765434570.158098 -0.1978333 2.0047078 -5.0464678 -0.0001565 -0.0192947 -0.0105811 0.9997578
1765434570.258096 -0.1948234 2.0231886 -5.0954456 0.0011455 -0.0201514 -0.0096727 0.9997495
1765434570.358081 -0.1926559 2.0425692 -5.1443186 -0.0006627 -0.0208521 -0.0093792 0.9997384
1765434570.457950 -0.1909253 2.0634911 -5.1908917 -0.0043419 -0.0215440 -0.0102776 0.9997057
1765434570.608057 -0.1864436 2.0917716 -5.2662253 -0.0000213 -0.0228280 -0.0095973 0.9996933
1765434570.758180 -0.1833873 2.1192410 -5.3399935 0.0011227 -0.0231888 -0.0105083 0.9996753
1765434570.908079 -0.1794452 2.1480327 -5.4135823 0.0017589 -0.0240778 -0.0107088 0.9996512
1765434571.007940 -0.1772259 2.1672447 -5.4626808 0.0022455 -0.0243282 -0.0105520 0.9996458
1765434571.107927 -0.1748479 2.1866155 -5.5110006 0.0033273 -0.0244872 -0.0113910 0.9996297
1765434571.207892 -0.1711239 2.2055900 -5.5603361 0.0035850 -0.0245142 -0.0108392 0.9996343
1765434571.357989 -0.1665640 2.2347317 -5.6325250 0.0026018 -0.0240744 -0.0106824 0.9996497
1765434571.507957 -0.1621222 2.2645617 -5.7046990 0.0011029 -0.0241000 -0.0111616 0.9996467
1765434571.658015 -0.1572263 2.2939546 -5.7763195 -0.0006419 -0.0237528 -0.0108217 0.9996591
1765434571.757950 -0.1544966 2.3132417 -5.8239994 -0.0008658 -0.0233400 -0.0111973 0.9996645
1765434571.907851 -0.1493110 2.3415794 -5.8968787 -0.0011332 -0.0235391 -0.0106012 0.9996661
1765434572.010621 -0.1464755 2.3601546 -5.9467535 0.0004861 -0.0225620 -0.0105552 0.9996896
1765434572.157829 -0.1421359 2.3891420 -6.0188589 -0.0013659 -0.0226970 -0.0110200 0.9996807
1765434572.257855 -0.1389280 2.4085476 -6.0668750 -0.0032651 -0.0225647 -0.0106700 0.9996831
1765434572.357851 -0.1364017 2.4263737 -6.1162825 0.0006854 -0.0221018 -0.0103520 0.9997019
1765434572.557994 -0.1302379 2.4640694 -6.2123089 0.0007018 -0.0213148 -0.0098208 0.9997244
1765434572.658527 -0.1282907 2.4840310 -6.2605319 -0.0013069 -0.0212683 -0.0106386 0.9997164
1765434572.757752 -0.1249963 2.5030880 -6.3101401 -0.0001813 -0.0213248 -0.0098394 0.9997242
1765434572.859151 -0.1230749 2.5222316 -6.3590207 -0.0009421 -0.0208469 -0.0104698 0.9997274
1765434573.007919 -0.1179351 2.5511999 -6.4321666 -0.0000088 -0.0203929 -0.0093667 0.9997482
1765434573.157785 -0.1143774 2.5806789 -6.5047131 -0.0001604 -0.0194393 -0.0095460 0.9997655
1765434573.258264 -0.1119459 2.5998654 -6.5541501 -0.0003530 -0.0188398 -0.0093815 0.9997784
1765434573.407890 -0.1075570 2.6285686 -6.6280518 0.0005776 -0.0184353 -0.0085535 0.9997933
1765434573.557746 -0.1042205 2.6569085 -6.7003922 0.0016957 -0.0175448 -0.0086604 0.9998071
1765434573.659124 -0.1014335 2.6771197 -6.7471776 0.0001153 -0.0175533 -0.0079783 0.9998141
1765434573.757710 -0.1001057 2.6950512 -6.7969885 0.0025153 -0.0172874 -0.0082466 0.9998134
1765434573.907819 -0.0960734 2.7236564 -6.8720493 0.0036933 -0.0174107 -0.0087307 0.9998035
1765434574.008016 -0.0947851 2.7434657 -6.9203501 0.0032090 -0.0165596 -0.0090764 0.9998165
1765434574.159158 -0.0902888 2.7731550 -6.9923224 0.0026949 -0.0161839 -0.0085370 0.9998290
1765434574.307788 -0.0872044 2.8025274 -7.0652156 0.0017241 -0.0162852 -0.0083957 0.9998307
1765434574.457649 -0.0843140 2.8305812 -7.1384130 0.0036808 -0.0158311 -0.0085019 0.9998318
1765434574.560845 -0.0823723 2.8506172 -7.1870871 0.0029574 -0.0159600 -0.0087558 0.9998299
1765434574.657637 -0.0796769 2.8710268 -7.2348533 0.0013369 -0.0165096 -0.0081692 0.9998295
1765434574.857614 -0.0761726 2.9097369 -7.3320074 0.0020182 -0.0172685 -0.0083779 0.9998137
1765434574.960285 -0.0732502 2.9281762 -7.3813925 0.0039499 -0.0175654 -0.0071102 0.9998126
1765434575.057624 -0.0717290 2.9484477 -7.4294667 0.0019193 -0.0171440 -0.0079824 0.9998193
1765434575.258092 -0.0671990 2.9866045 -7.5257759 0.0014134 -0.0161903 -0.0082187 0.9998342
1765434575.357583 -0.0645440 3.0067775 -7.5746646 0.0000384 -0.0163230 -0.0073596 0.9998397
1765434575.462071 -0.0616038 3.0256860 -7.6236725 0.0009356 -0.0155808 -0.0066285 0.9998562
1765434575.657564 -0.0571656 3.0646377 -7.7210040 -0.0006452 -0.0143916 -0.0064728 0.9998753
1765434575.807669 -0.0543987 3.0936666 -7.7937698 -0.0011387 -0.0139860 -0.0061279 0.9998828
1765434575.907651 -0.0531483 3.1126480 -7.8456297 -0.0005053 -0.0137683 -0.0066940 0.9998827
1765434576.057760 -0.0504308 3.1425624 -7.9191141 -0.0013871 -0.0137327 -0.0059200 0.9998872
1765434576.207649 -0.0480589 3.1709552 -7.9937325 -0.0000695 -0.0129078 -0.0063566 0.9998965
1765434576.307632 -0.0460664 3.1896646 -8.0429430 0.0021542 -0.0127371 -0.0052594 0.9999027
1765434576.407643 -0.0440142 3.2104630 -8.0895157 -0.0007593 -0.0118983 -0.0047836 0.9999175
1765434576.557525 -0.0420481 3.2400062 -8.1632700 -0.0012900 -0.0111958 -0.0053153 0.9999224
1765434576.658076 -0.0406190 3.2577956 -8.2127895 0.0004619 -0.0109868 -0.0046859 0.9999286
1765434576.757396 -0.0389309 3.2777839 -8.2613325 -0.0010417 -0.0102147 -0.0048632 0.9999354
1765434576.907524 -0.0367118 3.3063569 -8.3347683 -0.0016200 -0.0101354 -0.0047728 0.9999360
1765434577.011421 -0.0356812 3.3250287 -8.3839703 -0.0006203 -0.0095852 -0.0045258 0.9999437
1765434577.107459 -0.0337901 3.3442316 -8.4329967 -0.0003722 -0.0097824 -0.0039396 0.9999443
1765434577.208491 -0.0335025 3.3636429 -8.4820318 -0.0023663 -0.0102680 -0.0050980 0.9999315
1765434577.357538 -0.0328074 3.3928928 -8.5586195 0.0017113 -0.0142209 -0.0060546 0.9998791
1765434577.507807 -0.0307859 3.4212635 -8.6322880 0.0027731 -0.0155238 -0.0065637 0.9998541
1765434577.657560 -0.0295993 3.4496598 -8.7052889 0.0037718 -0.0162315 -0.0069402 0.9998371
1765434577.757532 -0.0275671 3.4707453 -8.7520676 -0.0037962 -0.0165993 -0.0072698 0.9998286
1765434577.907417 -0.0247511 3.4986789 -8.8253002 -0.0017383 -0.0166704 -0.0071744 0.9998338
1765434578.007500 -0.0234569 3.5157106 -8.8755217 0.0036254 -0.0164550 -0.0076764 0.9998286
1765434578.107501 -0.0211735 3.5375185 -8.9237061 -0.0054713 -0.0169222 -0.0076539 0.9998125
1765434578.207504 -0.0181446 3.5552526 -8.9741411 -0.0012422 -0.0170281 -0.0071102 0.9998290
1765434578.307499 -0.0160198 3.5749648 -9.0233011 -0.0019181 -0.0165210 -0.0072754 0.9998353
1765434578.407518 -0.0146246 3.5957165 -9.0707474 -0.0074290 -0.0163397 -0.0079350 0.9998074
1765434578.507462 -0.0120653 3.6113963 -9.1224880 0.0034418 -0.0168055 -0.0073297 0.9998260
1765434578.607525 -0.0108695 3.6333311 -9.1698074 -0.0046493 -0.0169534 -0.0077395 0.9998155
1765434578.757236 -0.0075434 3.6621668 -9.2439766 -0.0059297 -0.0166750 -0.0076700 0.9998140
1765434578.907389 -0.0050318 3.6897216 -9.3171721 -0.0038422 -0.0164101 -0.0077013 0.9998283
1765434579.007393 -0.0025268 3.7083588 -9.3669596 -0.0015960 -0.0165239 -0.0073243 0.9998354
1765434579.107445 0.0007113 3.7287989 -9.4150352 -0.0061445 -0.0165638 -0.0068108 0.9998207
1765434579.257371 0.0040484 3.7569492 -9.4895334 -0.0050436 -0.0163029 -0.0068717 0.9998308
1765434579.407371 0.0076381 3.7860861 -9.5642643 -0.0047969 -0.0161468 -0.0067860 0.9998351
1765434579.507384 0.0099687 3.8035309 -9.6149206 -0.0011754 -0.0157810 -0.0067084 0.9998523
1765434579.707346 0.0138933 3.8412931 -9.7135201 -0.0015037 -0.0160498 -0.0067742 0.9998471
1765434579.907286 0.0183414 3.8801270 -9.8125906 -0.0035562 -0.0149940 -0.0065679 0.9998597
1765434580.057371 0.0221711 3.9092379 -9.8875036 -0.0024376 -0.0145367 -0.0054307 0.9998767
1765434580.257348 0.0263755 3.9487002 -9.9883194 -0.0034876 -0.0140613 -0.0050781 0.9998822
1765434580.409094 0.0296018 3.9765203 -10.0628052 -0.0027349 -0.0132988 -0.0042570 0.9998988
1765434580.557318 0.0315511 4.0038218 -10.1374550 0.0032637 -0.0123511 -0.0043590 0.9999089
1765434580.757313 0.0360211 4.0438147 -10.2394238 -0.0025984 -0.0142916 -0.0027549 0.9998907
1765434580.925070 0.0361565 4.0727563 -10.3128681 -0.0021178 -0.0159029 -0.0046778 0.9998604
1765434581.107278 0.0407176 4.1138659 -10.4116764 -0.0078244 -0.0201382 -0.0032792 0.9997612
1765434581.307271 0.0443623 4.1523457 -10.5137653 -0.0083098 -0.0244640 -0.0030767 0.9996614
1765434581.607252 0.0549684 4.2077370 -10.6651363 -0.0019566 -0.0260992 0.0005361 0.9996573
1765434581.857127 0.0624689 4.2561102 -10.7912121 0.0009242 -0.0263911 0.0015269 0.9996501
1765434582.107195 0.0707091 4.3025899 -10.9188900 0.0070775 -0.0200710 0.0010706 0.9997729
1765434582.307166 0.0774857 4.3448601 -11.0205221 0.0096535 -0.0140561 0.0009643 0.9998541
1765434583.407077 0.0884443 4.5069442 -11.5814629 -0.0000826 -0.0065174 -0.0050167 0.9999662
1765434583.607070 0.0902555 4.5475621 -11.6770058 -0.0004201 -0.0049238 -0.0042397 0.9999788
1765434583.807051 0.0935068 4.5854430 -11.7754164 0.0003048 -0.0033667 -0.0033384 0.9999887
1765434583.956813 0.0942395 4.6148167 -11.8495646 -0.0002808 -0.0021864 -0.0029594 0.9999932
1765434584.231642 0.0965346 4.6640825 -11.9724302 -0.0040685 -0.0010877 -0.0024090 0.9999883
1765434584.507004 0.0985733 4.7206197 -12.1178827 -0.0017321 0.0011489 -0.0023624 0.9999951
1765434584.707010 0.1001344 4.7592044 -12.2163286 -0.0034349 0.0021454 -0.0012677 0.9999910
1765434585.006999 0.1012966 4.8160586 -12.3634930 -0.0010093 0.0032228 -0.0010463 0.9999938
1765434585.156945 0.1013152 4.8441095 -12.4371576 0.0009942 0.0037463 -0.0010042 0.9999920
1765434585.456939 0.1019734 4.9026356 -12.5867014 0.0005231 0.0053020 -0.0000120 0.9999858
1765434585.656927 0.1016399 4.9411926 -12.6845198 0.0001909 0.0066756 0.0005352 0.9999776
1765434586.006855 0.1006802 5.0068836 -12.8554163 0.0046116 0.0085444 0.0017401 0.9999514
1765434586.207026 0.0993589 5.0466089 -12.9558887 0.0048773 0.0084794 0.0013804 0.9999512
1765434586.456869 0.0980523 5.0974884 -13.0801802 0.0033903 0.0094788 0.0025742 0.9999461
1765434586.606786 0.0958821 5.1289215 -13.1543255 0.0005536 0.0090413 0.0023325 0.9999563
1765434586.856857 0.0919765 5.1772170 -13.2793350 0.0026878 0.0042905 0.0009177 0.9999868
1765434587.006720 0.0916696 5.2072563 -13.3510342 0.0012524 0.0040618 0.0016522 0.9999896
1765434587.206702 0.0901765 5.2475157 -13.4492540 -0.0003832 0.0030304 0.0007177 0.9999951
1765434587.356793 0.0888230 5.2758770 -13.5243444 0.0008450 0.0024152 0.0006099 0.9999965
1765434587.556762 0.0878600 5.3154016 -13.6214695 -0.0013674 0.0019591 0.0007451 0.9999969
1765434587.707620 0.0875924 5.3443213 -13.6961365 -0.0012213 0.0016482 0.0010136 0.9999974
1765434587.956754 0.0869612 5.3925204 -13.8196573 -0.0003790 0.0005348 0.0013303 0.9999989
1765434588.156739 0.0865474 5.4308767 -13.9199095 0.0033751 0.0001957 0.0011234 0.9999937
1765434588.456707 0.0866733 5.4897499 -14.0662661 -0.0000651 0.0002453 0.0014252 0.9999990
1765434588.606839 0.0878283 5.5196877 -14.1388817 -0.0008953 0.0006399 0.0021190 0.9999971
1765434588.856659 0.0866534 5.5653219 -14.2635880 0.0067399 0.0000457 0.0014030 0.9999763
1765434589.006603 0.0864744 5.5953431 -14.3375978 0.0011399 0.0004958 0.0011345 0.9999986
1765434589.306548 0.0854156 5.6544127 -14.4841061 -0.0005969 0.0011064 0.0007870 0.9999989
1765434589.456646 0.0866392 5.6830120 -14.5583687 0.0011054 0.0011994 0.0017997 0.9999971
1765434589.756610 0.0863410 5.7407207 -14.7064981 0.0049314 0.0012006 0.0018208 0.9999855
1765434589.908910 0.0860469 5.7690973 -14.7806406 0.0107133 0.0015288 0.0017668 0.9999399
1765434590.206491 0.0873235 5.8285275 -14.9271288 0.0080255 0.0040324 0.0014156 0.9999587
1765434590.307980 0.0871789 5.8499455 -14.9741058 0.0037690 0.0044068 0.0014832 0.9999821
1765434590.456553 0.0876468 5.8801894 -15.0463362 0.0001501 0.0055514 0.0019788 0.9999827
1765434590.756585 0.0869596 5.9363003 -15.1922140 0.0026040 0.0068158 0.0021163 0.9999712
1765434590.908917 0.0862992 5.9631286 -15.2678595 0.0120052 0.0077925 0.0020641 0.9998955
1765434591.056537 0.0857059 5.9923425 -15.3397884 0.0125071 0.0077200 0.0027787 0.9998881
1765434591.156557 0.0849487 6.0145407 -15.3864145 0.0026750 0.0075064 0.0026081 0.9999649
1765434591.306389 0.0835783 6.0436029 -15.4593935 -0.0017286 0.0079750 0.0024033 0.9999638
1765434591.456506 0.0822628 6.0718307 -15.5323019 0.0009656 0.0075106 0.0025016 0.9999682
1765434591.606345 0.0812627 6.0991988 -15.6064301 0.0067540 0.0085799 0.0026947 0.9999368
1765434591.706381 0.0807918 6.1197081 -15.6552858 0.0010900 0.0094493 0.0027775 0.9999509
1765434591.906465 0.0787440 6.1573896 -15.7527351 0.0066987 0.0068691 0.0031390 0.9999490
1765434592.056348 0.0766793 6.1875730 -15.8252354 0.0016252 0.0057610 0.0025501 0.9999788
1765434592.206452 0.0756901 6.2173491 -15.8973541 0.0017083 0.0062890 0.0024021 0.9999759
1765434592.406451 0.0736658 6.2559748 -15.9945421 0.0017535 0.0056465 0.0019414 0.9999806
1765434592.556252 0.0725091 6.2857175 -16.0659046 0.0001675 0.0056194 0.0013472 0.9999833
1765434592.756290 0.0727249 6.3230128 -16.1635361 0.0039154 0.0054938 0.0020999 0.9999751
1765434592.906376 0.0714951 6.3523574 -16.2350998 0.0035621 0.0054875 0.0015177 0.9999775
1765434593.056257 0.0706325 6.3806629 -16.3080578 0.0050433 0.0051115 0.0020011 0.9999722
1765434593.256235 0.0697598 6.4190507 -16.4032803 0.0056228 0.0055332 0.0017345 0.9999674
1765434593.406354 0.0704194 6.4477582 -16.4766140 0.0055504 0.0057144 0.0028444 0.9999642
1765434593.606365 0.0694320 6.4888163 -16.5742264 0.0039995 0.0068080 0.0028589 0.9999648
1765434593.756275 0.0687404 6.5189524 -16.6473656 0.0033673 0.0071460 0.0034287 0.9999629
1765434593.956206 0.0676970 6.5570755 -16.7446613 0.0049880 0.0080624 0.0039050 0.9999474
1765434594.138575 0.0666181 6.5864143 -16.8182583 0.0046510 0.0077108 0.0039234 0.9999518
1765434594.256301 0.0651428 6.6167526 -16.8924541 0.0052864 0.0073505 0.0039860 0.9999511
1765434594.406184 0.0638253 6.6453290 -16.9664097 0.0075053 0.0072609 0.0041056 0.9999371
1765434594.606202 0.0628198 6.6851563 -17.0669727 0.0124146 0.0069697 0.0050101 0.9998861
1765434594.756237 0.0613777 6.7156372 -17.1420670 0.0127444 0.0067203 0.0050796 0.9998833
1765434595.006169 0.0594596 6.7658200 -17.2642612 0.0174617 0.0083647 0.0046972 0.9998015
1765434595.156241 0.0597855 6.7975140 -17.3360901 0.0156551 0.0090575 0.0058593 0.9998193
1765434595.406118 0.0580824 6.8507800 -17.4551449 0.0123770 0.0100112 0.0065311 0.9998520
1765434595.606097 0.0561596 6.8920565 -17.5534134 0.0119562 0.0111077 0.0066437 0.9998448
1765434595.756211 0.0555496 6.9224505 -17.6252613 0.0135403 0.0114428 0.0069774 0.9998185
1765434595.907177 0.0534274 6.9525819 -17.6978130 0.0141653 0.0123924 0.0070049 0.9997984
1765434596.056209 0.0516753 6.9832420 -17.7694263 0.0152050 0.0124486 0.0073998 0.9997795
1765434596.206065 0.0503955 7.0134897 -17.8435097 0.0178344 0.0123720 0.0071892 0.9997386
1765434596.410854 0.0481470 7.0558424 -17.9397430 0.0168955 0.0123614 0.0073340 0.9997540
1765434596.556119 0.0477990 7.0867567 -18.0117035 0.0181508 0.0134169 0.0083163 0.9997107
1765434596.908080 0.0425260 7.1614189 -18.1817436 0.0142248 0.0162673 0.0085868 0.9997296
1765434597.056110 0.0406539 7.1939168 -18.2572765 0.0146354 0.0175762 0.0094038 0.9996942
1765434597.356067 0.0347132 7.2564120 -18.4050865 0.0131582 0.0195499 0.0092145 0.9996799
1765434597.508929 0.0314459 7.2886977 -18.4811707 0.0124626 0.0202541 0.0093383 0.9996736
1765434597.706499 0.0277307 7.3312783 -18.5811920 0.0121632 0.0212358 0.0096133 0.9996543
1765434598.107262 0.0198937 7.4144239 -18.7778549 0.0127853 0.0232114 0.0091838 0.9996067
1765434598.306497 0.0155294 7.4553761 -18.8783283 0.0126071 0.0230856 0.0101387 0.9996026
1765434598.555984 0.0105005 7.5065732 -19.0026398 0.0143970 0.0237960 0.0104638 0.9995584
1765434598.756010 0.0045922 7.5492630 -19.1004486 0.0129942 0.0244712 0.0106633 0.9995592
1765434599.055941 -0.0058136 7.6127152 -19.2517986 0.0170741 0.0181083 0.0085973 0.9996533
1765434599.205892 -0.0097774 7.6437159 -19.3267479 0.0196092 0.0178190 0.0085845 0.9996120
1765434599.305881 -0.0130184 7.6671448 -19.3759727 0.0150168 0.0170302 0.0086513 0.9997048
1765434599.505869 -0.0176103 7.7097254 -19.4714088 0.0121036 0.0167395 0.0081592 0.9997534
1765434599.605925 -0.0195509 7.7322383 -19.5194950 0.0094136 0.0168320 0.0080271 0.9997818
1765434599.805741 -0.0216834 7.7725844 -19.6167297 0.0158466 0.0171138 0.0084222 0.9996925
1765434600.005843 -0.0261272 7.8151178 -19.7144623 0.0108564 0.0162575 0.0088725 0.9997696
1765434600.155921 -0.0291429 7.8461947 -19.7866249 0.0129977 0.0163390 0.0085563 0.9997454
1765434600.455844 -0.0347980 7.9091082 -19.9306221 0.0104531 0.0177779 0.0082814 0.9997531
1765434600.555755 -0.0371752 7.9286075 -19.9808159 0.0144591 0.0168395 0.0080008 0.9997216
1765434600.755723 -0.0412101 7.9684930 -20.0784225 0.0170107 0.0176634 0.0065061 0.9996781
1765434600.856944 -0.0417822 7.9918547 -20.1254082 0.0082665 0.0170777 0.0077246 0.9997901
1765434601.105807 -0.0483258 8.0434246 -20.2508335 0.0100842 0.0128064 0.0061228 0.9998484
1765434601.255711 -0.0575782 8.0750418 -20.3240280 0.0085660 -0.0020631 0.0007294 0.9999610
1765434601.405815 -0.0614124 8.1057453 -20.3980732 0.0089446 -0.0077982 -0.0024112 0.9999267
1765434601.655696 -0.0598522 8.1547375 -20.5243015 0.0134613 -0.0119168 -0.0027671 0.9998345
1765434601.855657 -0.0582435 8.1961775 -20.6215324 0.0161288 -0.0123391 -0.0037903 0.9997866
1765434602.155663 -0.0540052 8.2590895 -20.7651386 0.0124735 -0.0144142 -0.0037225 0.9998114
1765434602.305721 -0.0521048 8.2896557 -20.8364544 0.0112775 -0.0152548 -0.0046326 0.9998093
1765434602.555718 -0.0477139 8.3399181 -20.9564209 0.0120184 -0.0160241 -0.0056166 0.9997836
1765434602.805680 -0.0440639 8.3907661 -21.0808964 0.0135600 -0.0166066 -0.0051661 0.9997568
1765434603.006580 -0.0401593 8.4329920 -21.1799679 0.0121403 -0.0170912 -0.0048435 0.9997685
1765434603.306123 -0.0345408 8.4968157 -21.3265152 0.0106702 -0.0190551 -0.0041781 0.9997528
1765434603.505812 -0.0299190 8.5367069 -21.4261913 0.0125683 -0.0172275 -0.0039515 0.9997648
1765434603.755657 -0.0240268 8.5911274 -21.5464668 0.0086170 -0.0171707 -0.0037060 0.9998086
1765434603.955635 -0.0194452 8.6325455 -21.6457996 0.0079533 -0.0158986 -0.0034320 0.9998361
1765434604.108284 -0.0151772 8.6638279 -21.7236462 0.0072202 -0.0148921 -0.0032808 0.9998577
1765434604.455582 -0.0091200 8.7365150 -21.8976097 0.0057505 -0.0142814 -0.0037865 0.9998744
1765434604.555578 -0.0070614 8.7571716 -21.9467659 0.0048806 -0.0135433 -0.0035945 0.9998900
1765434604.906676 -0.0015000 8.8287115 -22.1228504 0.0066462 -0.0119658 -0.0034729 0.9999003
1765434605.106231 0.0033553 8.8692017 -22.2210693 0.0089296 -0.0114666 -0.0016404 0.9998931
1765434605.355533 0.0064483 8.9205599 -22.3490887 0.0123142 -0.0112990 -0.0019366 0.9998585
1765434605.455544 0.0079720 8.9426861 -22.3974686 0.0083217 -0.0118424 -0.0017880 0.9998937
1765434605.705428 0.0112386 8.9934645 -22.5243053 0.0130318 -0.0112142 -0.0008396 0.9998519
1765434605.906460 0.0126583 9.0356569 -22.6237068 0.0107958 -0.0106631 -0.0018894 0.9998831
1765434606.105391 0.0163342 9.0780621 -22.7231827 0.0095551 -0.0096594 -0.0011094 0.9999071
1765434606.205437 0.0176355 9.0979471 -22.7745113 0.0139469 -0.0092537 -0.0009651 0.9998595
1765434606.505487 0.0209654 9.1619701 -22.9218807 0.0102759 -0.0085926 -0.0013567 0.9999094
1765434606.655463 0.0236415 9.1934080 -22.9961758 0.0118321 -0.0078083 -0.0000696 0.9998995
1765434606.805339 0.0254367 9.2253294 -23.0711193 0.0113590 -0.0069548 0.0000182 0.9999113
1765434606.905332 0.0263562 9.2444391 -23.1221008 0.0163978 -0.0066562 -0.0006376 0.9998432
1765434607.105318 0.0286330 9.2883615 -23.2200432 0.0082251 -0.0061618 -0.0001701 0.9999472
1765434607.206681 0.0297020 9.3075867 -23.2703953 0.0098245 -0.0056296 -0.0006310 0.9999357
1765434607.505316 0.0333113 9.3716621 -23.4168568 0.0087259 -0.0048846 0.0008331 0.9999497
1765434607.605677 0.0325565 9.3903503 -23.4664345 0.0125827 -0.0044482 -0.0002928 0.9999109
1765434607.806615 0.0351261 9.4331999 -23.5662365 0.0074056 -0.0034050 0.0009957 0.9999663
1765434607.905273 0.0355736 9.4521866 -23.6175995 0.0117140 -0.0036371 0.0014561 0.9999237
1765434608.008646 0.0360643 9.4738207 -23.6658401 0.0097703 -0.0038356 0.0013740 0.9999440
1765434608.155358 0.0357917 9.4952860 -23.7211895 0.0132472 -0.0046921 0.0014457 0.9999002
1765434608.305234 0.0348896 9.5067778 -23.7481499 0.0130635 -0.0044410 0.0003300 0.9999048
