1769553026.523774 0.0000000 0.0000000 0.0000000 -0.0000000 -0.0000000 -0.0000000 1.0000000
1769553035.123145 -0.0001182 -0.0010950 0.0053433 0.0005584 -0.0009312 0.0001501 0.9999994
1769553035.173331 -0.0001163 -0.0013428 0.0070416 0.0000214 -0.0012109 -0.0001579 0.9999993
1769553035.223211 -0.0001993 -0.0016695 0.0086643 0.0006653 -0.0018263 -0.0000520 0.9999982
1769553035.273294 -0.0001692 -0.0019640 0.0105897 0.0000798 -0.0018051 0.0004754 0.9999983
1769553035.324801 -0.0002505 -0.0023183 0.0126433 -0.0006439 -0.0015177 -0.0001815 0.9999986
1769553035.423258 -0.0003244 -0.0030430 0.0169574 -0.0004007 -0.0019430 -0.0003122 0.9999980
1769553035.473165 -0.0003448 -0.0035368 0.0191500 0.0006160 -0.0023056 0.0000192 0.9999972
1769553035.523127 -0.0003301 -0.0039378 0.0216023 0.0005631 -0.0025532 0.0006098 0.9999964
1769553035.673181 -0.0005686 -0.0051511 0.0291411 -0.0016295 -0.0028701 -0.0005178 0.9999945
1769553035.731808 -0.0005304 -0.0056281 0.0316838 -0.0014092 -0.0035787 0.0002914 0.9999925
1769553035.823248 -0.0006482 -0.0065641 0.0370071 -0.0014991 -0.0039099 0.0002607 0.9999912
1769553035.873259 -0.0007907 -0.0070884 0.0396659 -0.0007289 -0.0041436 -0.0002420 0.9999911
1769553036.023201 -0.0009698 -0.0084942 0.0482734 -0.0015412 -0.0063435 0.0000803 0.9999787
1769553036.073230 -0.0011475 -0.0088924 0.0512018 -0.0036788 -0.0063848 -0.0003395 0.9999728
1769553036.173249 -0.0015018 -0.0098281 0.0573112 -0.0053269 -0.0081505 -0.0010430 0.9999521
1769553036.223154 -0.0014944 -0.0106207 0.0600057 -0.0005725 -0.0093808 -0.0001973 0.9999558
1769553036.473225 -0.0025362 -0.0128233 0.0750370 -0.0065680 -0.0143382 -0.0016558 0.9998743
1769553036.523689 -0.0026372 -0.0135660 0.0778582 -0.0027848 -0.0142023 -0.0021685 0.9998930
1769553036.573213 -0.0029221 -0.0139823 0.0809431 -0.0047278 -0.0163474 -0.0028374 0.9998512
1769553036.673256 -0.0033838 -0.0151998 0.0866521 -0.0024893 -0.0187164 -0.0025116 0.9998186
1769553036.824215 -0.0040398 -0.0165760 0.0958287 -0.0034551 -0.0198392 -0.0046204 0.9997866
1769553036.973186 -0.0047394 -0.0185098 0.1043517 -0.0007599 -0.0218697 -0.0053260 0.9997464
1769553037.108531 -0.0052819 -0.0193875 0.1104152 -0.0011036 -0.0232912 -0.0057593 0.9997116
1769553037.173111 -0.0058007 -0.0202577 0.1164707 -0.0035103 -0.0251833 -0.0060658 0.9996583
1769553037.273118 -0.0065302 -0.0212084 0.1225796 -0.0062322 -0.0265275 -0.0084695 0.9995928
1769553037.523226 -0.0079195 -0.0236895 0.1391857 -0.0084242 -0.0283164 -0.0095225 0.9995182
1769553037.673140 -0.0087821 -0.0252739 0.1497499 -0.0097754 -0.0297825 -0.0095740 0.9994628
1769553037.823218 -0.0098138 -0.0268924 0.1605675 -0.0111828 -0.0311713 -0.0103850 0.9993976
1769553037.923206 -0.0105126 -0.0281199 0.1676492 -0.0116277 -0.0323342 -0.0101505 0.9993579
1769553038.023185 -0.0110686 -0.0290990 0.1748616 -0.0113269 -0.0339326 -0.0100392 0.9993095
1769553038.178525 -0.0123308 -0.0310743 0.1858269 -0.0089403 -0.0350536 -0.0114421 0.9992800
1769553038.323155 -0.0133872 -0.0330592 0.1968109 -0.0053076 -0.0368998 -0.0110840 0.9992434
1769553038.473065 -0.0145778 -0.0351355 0.2077990 -0.0044234 -0.0376974 -0.0117242 0.9992107
1769553038.573601 -0.0152574 -0.0362629 0.2150069 -0.0052875 -0.0394698 -0.0102023 0.9991547
1769553038.673318 -0.0160456 -0.0377516 0.2223628 -0.0023646 -0.0399485 -0.0112808 0.9991353
1769553038.823142 -0.0170878 -0.0398672 0.2332525 0.0008908 -0.0398969 -0.0112140 0.9991405
1769553038.973072 -0.0179769 -0.0417134 0.2447403 -0.0028561 -0.0376548 -0.0104670 0.9992319
1769553039.073015 -0.0188066 -0.0428719 0.2523704 -0.0028557 -0.0383858 -0.0108582 0.9991999
1769553039.223024 -0.0197629 -0.0449360 0.2634881 -0.0040628 -0.0401901 -0.0097859 0.9991359
1769553039.423012 -0.0212912 -0.0476282 0.2783453 -0.0021231 -0.0350954 -0.0106114 0.9993254
1769553039.522998 -0.0213262 -0.0486272 0.2859999 -0.0056170 -0.0297901 -0.0100724 0.9994897
1769553039.622992 -0.0213546 -0.0500471 0.2934142 -0.0030842 -0.0259070 -0.0082158 0.9996259
1769553039.722919 -0.0217525 -0.0514885 0.3010212 -0.0019600 -0.0232434 -0.0082947 0.9996935
1769553039.822992 -0.0221727 -0.0527200 0.3085158 -0.0037060 -0.0220312 -0.0077425 0.9997205
1769553039.922959 -0.0227706 -0.0539132 0.3161764 -0.0036305 -0.0219725 -0.0084715 0.9997161
1769553040.122905 -0.0235609 -0.0567702 0.3308420 -0.0016500 -0.0213502 -0.0086902 0.9997329
1769553040.272866 -0.0240031 -0.0586848 0.3420008 -0.0017422 -0.0200924 -0.0076171 0.9997676
1769553040.372854 -0.0243178 -0.0602017 0.3494457 0.0010339 -0.0199948 -0.0075168 0.9997713
1769553040.572900 -0.0250239 -0.0627877 0.3646730 0.0002157 -0.0174858 -0.0070197 0.9998224
1769553040.722865 -0.0254028 -0.0647553 0.3755601 -0.0016863 -0.0150837 -0.0073580 0.9998578
1769553040.926246 -0.0257826 -0.0673852 0.3908662 -0.0005729 -0.0137456 -0.0058826 0.9998881
1769553041.072916 -0.0261776 -0.0693917 0.4020969 -0.0001361 -0.0123832 -0.0057108 0.9999070
1769553041.172921 -0.0260683 -0.0706877 0.4096492 -0.0021488 -0.0079876 -0.0062282 0.9999464
1769553041.322788 -0.0261809 -0.0726156 0.4211375 -0.0033729 -0.0047707 -0.0051139 0.9999698
1769553041.423264 -0.0262058 -0.0738986 0.4287402 -0.0036920 -0.0044106 -0.0036574 0.9999768
1769553041.572906 -0.0263549 -0.0759519 0.4404436 -0.0038879 -0.0041217 -0.0037177 0.9999771
1769553041.722794 -0.0265596 -0.0781833 0.4519643 -0.0004976 -0.0027445 -0.0040981 0.9999877
1769553041.872874 -0.0267759 -0.0800087 0.4636516 -0.0031130 -0.0013466 -0.0040326 0.9999862
1769553042.022770 -0.0270916 -0.0820895 0.4749442 -0.0025064 -0.0023492 -0.0038110 0.9999868
1769553042.172871 -0.0274282 -0.0840894 0.4862872 -0.0041612 -0.0030121 -0.0034565 0.9999809
1769553042.322727 -0.0276091 -0.0860825 0.4976341 -0.0044266 -0.0030248 -0.0033737 0.9999800
1769553042.472837 -0.0276021 -0.0877682 0.5091401 -0.0051655 -0.0014483 -0.0032361 0.9999804
1769553042.622992 -0.0273678 -0.0893850 0.5208268 -0.0086565 0.0042763 -0.0032879 0.9999480
1769553042.825842 -0.0273316 -0.0918322 0.5359326 -0.0097040 0.0058667 -0.0035171 0.9999295
1769553042.972816 -0.0273202 -0.0937451 0.5468334 -0.0077945 0.0080610 -0.0042164 0.9999282
1769553043.122677 -0.0272995 -0.0956952 0.5584387 -0.0084223 0.0069256 -0.0027579 0.9999368
1769553043.272788 -0.0273275 -0.0976682 0.5696314 -0.0046726 0.0058576 -0.0018227 0.9999703
1769553043.422692 -0.0275664 -0.0996323 0.5805729 -0.0062614 0.0052447 -0.0022815 0.9999641
1769553043.623888 -0.0277794 -0.1022193 0.5958759 -0.0076251 0.0041732 -0.0030916 0.9999574
1769553043.772760 -0.0279146 -0.1041179 0.6073204 -0.0062124 0.0033276 -0.0016669 0.9999738
1769553043.922655 -0.0282094 -0.1060361 0.6186649 -0.0066752 0.0023828 -0.0030138 0.9999704
1769553044.122726 -0.0282966 -0.1086036 0.6338465 -0.0084240 0.0025345 -0.0015866 0.9999601
1769553044.325528 -0.0281006 -0.1112799 0.6495383 -0.0032887 0.0069626 -0.0013257 0.9999695
1769553044.522648 -0.0281058 -0.1132258 0.6643981 -0.0104945 0.0069610 -0.0011080 0.9999201
1769553044.722620 -0.0277921 -0.1160113 0.6790047 -0.0076473 0.0091231 -0.0006036 0.9999290
1769553044.872702 -0.0274258 -0.1178510 0.6900548 -0.0051842 0.0114046 0.0006102 0.9999214
1769553045.122638 -0.0269367 -0.1216469 0.7083397 0.0005655 0.0139483 0.0011378 0.9999020
1769553045.322680 -0.0268866 -0.1242191 0.7224039 0.0016223 0.0133663 0.0003521 0.9999093
1769553045.522673 -0.0264281 -0.1268240 0.7364882 0.0021757 0.0143934 0.0018691 0.9998923
1769553045.722644 -0.0260796 -0.1297108 0.7507506 0.0041116 0.0169265 0.0003555 0.9998482
1769553045.922801 -0.0258879 -0.1325903 0.7652924 0.0035208 0.0170130 -0.0012815 0.9998482
1769553046.222528 -0.0255147 -0.1362640 0.7877447 -0.0026580 0.0144694 -0.0003081 0.9998918
1769553046.472639 -0.0257306 -0.1394347 0.8061704 -0.0033473 0.0117547 -0.0026471 0.9999218
1769553046.922409 -0.0253370 -0.1453905 0.8389952 -0.0012604 0.0123227 -0.0012299 0.9999225
1769553047.324168 -0.0245653 -0.1506929 0.8681325 -0.0019107 0.0131112 -0.0001378 0.9999122
1769553047.572549 -0.0243383 -0.1540594 0.8870485 0.0025271 0.0143863 -0.0001047 0.9998934
1769553047.822438 -0.0238448 -0.1576275 0.9061978 0.0027494 0.0144780 0.0004720 0.9998913
1769553048.222471 -0.0236103 -0.1629706 0.9352235 0.0005875 0.0137889 0.0008725 0.9999044
1769553048.522491 -0.0234193 -0.1668988 0.9582517 -0.0011487 0.0138322 -0.0008948 0.9999033
1769553048.873131 -0.0235911 -0.1716263 0.9844602 -0.0016226 0.0092255 -0.0015441 0.9999549
1769553049.222415 -0.0234661 -0.1762909 1.0108883 0.0018675 0.0092264 -0.0015118 0.9999546
1769553049.722444 -0.0234622 -0.1831771 1.0485667 0.0016704 0.0081985 -0.0024280 0.9999620
1769553050.122396 -0.0232233 -0.1886992 1.0772743 0.0016487 0.0073498 -0.0030800 0.9999669
1769553050.772323 -0.0233644 -0.1967187 1.1266277 -0.0042811 0.0063522 -0.0032672 0.9999653
1769553051.172324 -0.0235172 -0.2020664 1.1549282 -0.0059729 0.0095174 -0.0043493 0.9999274
1769553051.472282 -0.0233376 -0.2057219 1.1773807 -0.0051949 0.0091381 -0.0035309 0.9999385
1769553052.372203 -0.0233876 -0.2176411 1.2466545 -0.0045852 0.0059073 -0.0036019 0.9999656
1769553053.372172 -0.0240716 -0.2305448 1.3242148 -0.0050686 0.0032320 -0.0046853 0.9999710
1769553053.772097 -0.0238593 -0.2355449 1.3523562 -0.0026332 0.0050486 -0.0044656 0.9999738
1769553054.172097 -0.0242475 -0.2406089 1.3822770 -0.0043116 0.0047717 -0.0029835 0.9999749
1769553055.172036 -0.0244431 -0.2526566 1.4550345 -0.0103685 0.0041108 -0.0027824 0.9999339
1769553055.521924 -0.0247042 -0.2570567 1.4789680 -0.0037403 0.0022330 -0.0034752 0.9999845
1769553079.170361 -0.0745364 -0.5447130 3.2312143 -0.0235290 -0.0191807 -0.0058826 0.9995219
1769553080.170244 -0.0788690 -0.5543228 3.3041625 -0.0230778 -0.0207016 -0.0078354 0.9994887
1769553080.770318 -0.0813198 -0.5611728 3.3533382 -0.0224863 -0.0162062 -0.0061284 0.9995970
1769553081.170989 -0.0828532 -0.5653774 3.3815784 -0.0210621 -0.0179335 -0.0065703 0.9995957
1769553081.470282 -0.0838160 -0.5685677 3.4048653 -0.0196935 -0.0208909 -0.0065218 0.9995666
1769553081.970251 -0.0865005 -0.5738115 3.4426467 -0.0195234 -0.0224732 -0.0080534 0.9995244
1769553082.420222 -0.0876211 -0.5789271 3.4758170 -0.0197989 -0.0182444 -0.0060667 0.9996191
1769553083.070307 -0.0901087 -0.5855020 3.5247931 -0.0221231 -0.0167510 -0.0049257 0.9996028
1769553083.770244 -0.0929315 -0.5926865 3.5780926 -0.0232403 -0.0174802 -0.0054004 0.9995625
1769553084.070177 -0.0941828 -0.5959523 3.6006503 -0.0227551 -0.0198485 -0.0056895 0.9995278
1769553084.420008 -0.0958898 -0.5996349 3.6265008 -0.0214266 -0.0219231 -0.0063623 0.9995098
1769553084.820035 -0.0977776 -0.6039966 3.6573236 -0.0194613 -0.0255705 -0.0066448 0.9994615
1769553085.222180 -0.0998422 -0.6083887 3.6867476 -0.0176872 -0.0252850 -0.0066731 0.9995015
1769553085.570175 -0.1015214 -0.6120349 3.7126091 -0.0190162 -0.0264250 -0.0064940 0.9994488
1769553086.020056 -0.1033237 -0.6167889 3.7462077 -0.0192587 -0.0250024 -0.0077381 0.9994719
1769553086.369952 -0.1046128 -0.6205075 3.7721963 -0.0199548 -0.0214374 -0.0067157 0.9995485
1769553087.119934 -0.1071303 -0.6284916 3.8285930 -0.0187564 -0.0176767 -0.0060806 0.9996493
1769553087.419932 -0.1077921 -0.6313811 3.8515384 -0.0227798 -0.0168064 -0.0047052 0.9995882
1769553088.120026 -0.1107068 -0.6386656 3.9039531 -0.0200439 -0.0176384 -0.0069461 0.9996194
1769553088.419919 -0.1116908 -0.6418285 3.9258192 -0.0210528 -0.0185587 -0.0062989 0.9995863
1769553088.719935 -0.1129430 -0.6454789 3.9480088 -0.0201775 -0.0188747 -0.0095622 0.9995725
1769553090.169754 -0.1201006 -0.6607805 4.0588775 -0.0198491 -0.0246675 -0.0075535 0.9994701
1769553090.919604 -0.1241775 -0.6692924 4.1143532 -0.0130694 -0.0292020 -0.0086819 0.9994504
1769553091.269655 -0.1268378 -0.6731247 4.1390510 -0.0153154 -0.0351129 -0.0093272 0.9992225
1769553091.519785 -0.1277134 -0.6759638 4.1576281 -0.0174293 -0.0286113 -0.0092190 0.9993961
1769553091.819680 -0.1290015 -0.6790943 4.1804352 -0.0173531 -0.0264561 -0.0088285 0.9994603
1769553092.069709 -0.1295665 -0.6811586 4.1996031 -0.0227196 -0.0219195 -0.0073413 0.9994746
1769553092.469628 -0.1308608 -0.6857778 4.2292547 -0.0188540 -0.0208682 -0.0074538 0.9995767
1769553092.819516 -0.1329472 -0.6894922 4.2551026 -0.0216216 -0.0252998 -0.0079929 0.9994141
1769553093.269620 -0.1349171 -0.6947275 4.2883835 -0.0098668 -0.0229515 -0.0074096 0.9996604
1769553093.669585 -0.1364231 -0.6995761 4.3173623 -0.0118416 -0.0214690 -0.0077756 0.9996691
1769553093.969542 -0.1380908 -0.7024732 4.3393307 -0.0163552 -0.0238130 -0.0083229 0.9995480
1769553094.219666 -0.1397066 -0.7052308 4.3579249 -0.0186355 -0.0246868 -0.0088034 0.9994828
1769553094.719409 -0.1428079 -0.7108093 4.3960781 -0.0161882 -0.0290114 -0.0090050 0.9994074
1769553095.019343 -0.1443424 -0.7140788 4.4189849 -0.0180401 -0.0318907 -0.0093437 0.9992849
1769553095.269497 -0.1457714 -0.7164615 4.4381733 -0.0226323 -0.0326739 -0.0077615 0.9991797
1769553095.419492 -0.1466528 -0.7180027 4.4496136 -0.0215915 -0.0331269 -0.0071752 0.9991922
1769553095.770508 -0.1479820 -0.7211088 4.4756560 -0.0240978 -0.0226599 -0.0066390 0.9994307
1769553096.269574 -0.1491169 -0.7240677 4.4937210 -0.0186883 -0.0218004 -0.0069938 0.9995632
