1764826387.529924 0.0000000 0.0000000 0.0000000 -0.0000000 -0.0000000 -0.0000000 1.0000000
1764826405.679921 -0.0000975 -0.0010690 -0.0188590 -0.0011638 0.0024967 -0.0013993 0.9999952
1764826405.730061 -0.0000291 -0.0018875 -0.0264916 -0.0009439 0.0038493 -0.0006697 0.9999920
1764826405.779962 0.0005140 -0.0020700 -0.0341009 -0.0000826 0.0035815 -0.0002466 0.9999936
1764826405.879943 0.0001718 -0.0021383 -0.0511669 -0.0019200 0.0045753 -0.0007195 0.9999874
1764826405.980469 0.0003113 -0.0031811 -0.0678578 -0.0024526 0.0045964 -0.0005652 0.9999863
1764826406.030053 0.0003501 -0.0032732 -0.0764638 -0.0019474 0.0050033 -0.0001196 0.9999856
1764826406.130056 0.0004827 -0.0040395 -0.0940766 -0.0028078 0.0052626 -0.0000342 0.9999822
1764826406.230061 0.0000435 -0.0055002 -0.1118733 -0.0016427 0.0057234 -0.0007910 0.9999819
1764826406.329991 0.0000908 -0.0058323 -0.1292994 -0.0028476 0.0060183 -0.0002324 0.9999778
1764826406.579978 0.0001827 -0.0088982 -0.1745688 -0.0008575 0.0083995 -0.0003765 0.9999643
1764826406.630147 0.0003959 -0.0083682 -0.1837390 -0.0035886 0.0089050 -0.0001481 0.9999539
1764826406.730094 0.0001218 -0.0096389 -0.2018264 -0.0015445 0.0094372 -0.0002476 0.9999543
1764826406.830052 0.0001508 -0.0095812 -0.2199798 -0.0053752 0.0097448 -0.0003059 0.9999381
1764826407.030117 -0.0001231 -0.0120167 -0.2567084 -0.0035996 0.0121199 -0.0003856 0.9999200
1764826407.130058 0.0001205 -0.0121723 -0.2751046 -0.0071059 0.0128813 0.0001396 0.9998918
1764826407.229972 -0.0002099 -0.0146931 -0.2937878 -0.0025161 0.0137436 -0.0005210 0.9999022
1764826407.330104 -0.0001271 -0.0144029 -0.3123354 -0.0053850 0.0154678 -0.0000403 0.9998659
1764826407.580470 -0.0010775 -0.0177082 -0.3590362 -0.0043302 0.0165554 -0.0005020 0.9998535
1764826407.730072 -0.0009009 -0.0193893 -0.3874286 -0.0040438 0.0170931 0.0004387 0.9998456
1764826407.830038 -0.0014471 -0.0202314 -0.4063187 -0.0053389 0.0175837 0.0009062 0.9998308
1764826407.930079 -0.0021948 -0.0209983 -0.4251359 -0.0056259 0.0173284 0.0001196 0.9998341
1764826408.079995 -0.0025497 -0.0229903 -0.4534467 -0.0051285 0.0180008 0.0005792 0.9998246
1764826408.230047 -0.0037434 -0.0246893 -0.4814112 -0.0048838 0.0184107 0.0001308 0.9998186
1764826408.379986 -0.0046018 -0.0272345 -0.5094035 -0.0041595 0.0196906 0.0007054 0.9997972
1764826408.480305 -0.0050070 -0.0265536 -0.5280356 -0.0072007 0.0207676 0.0007374 0.9997581
1764826408.580590 -0.0055505 -0.0294638 -0.5463781 -0.0027893 0.0215854 0.0005034 0.9997630
1764826408.679971 -0.0061008 -0.0289499 -0.5652501 -0.0066904 0.0216575 0.0004451 0.9997430
1764826408.780710 -0.0064157 -0.0302251 -0.5840146 -0.0052921 0.0220082 0.0009718 0.9997433
1764826409.030076 -0.0084247 -0.0332562 -0.6311476 -0.0054209 0.0220466 0.0016451 0.9997409
1764826409.130076 -0.0093808 -0.0338652 -0.6500193 -0.0052270 0.0222192 0.0011039 0.9997389
1764826409.380010 -0.0109832 -0.0365001 -0.6970438 -0.0058861 0.0233225 0.0014350 0.9997097
1764826409.580662 -0.0125979 -0.0392798 -0.7347231 -0.0030852 0.0248811 0.0012857 0.9996849
1764826409.679974 -0.0131643 -0.0389715 -0.7529239 -0.0095799 0.0253444 0.0014705 0.9996318
1764826409.781357 -0.0139740 -0.0420932 -0.7716298 -0.0015994 0.0259326 0.0010119 0.9996619
1764826409.883573 -0.0149220 -0.0421337 -0.7905174 -0.0059796 0.0261626 0.0010257 0.9996393
1764826410.080018 -0.0166185 -0.0448790 -0.8284248 -0.0027571 0.0279225 0.0007574 0.9996060
1764826410.180553 -0.0174097 -0.0451623 -0.8465527 -0.0065359 0.0280849 0.0008782 0.9995838
1764826410.279988 -0.0181829 -0.0468066 -0.8655340 -0.0029308 0.0284127 0.0007094 0.9995917
1764826410.380480 -0.0192293 -0.0474937 -0.8840844 -0.0048163 0.0290006 0.0007633 0.9995675
1764826410.485369 -0.0201402 -0.0491721 -0.9032674 -0.0040799 0.0290531 0.0003303 0.9995695
1764826410.630062 -0.0214861 -0.0507772 -0.9314282 -0.0039538 0.0299052 0.0001615 0.9995449
1764826410.780057 -0.0230962 -0.0510811 -0.9587077 -0.0055623 0.0272704 0.0003614 0.9996126
1764826410.929972 -0.0252738 -0.0531801 -0.9878283 -0.0068209 0.0241982 -0.0002887 0.9996839
1764826411.079993 -0.0265407 -0.0558862 -1.0168570 -0.0047379 0.0233392 -0.0002942 0.9997163
1764826411.230100 -0.0282074 -0.0576934 -1.0448231 -0.0047307 0.0232134 0.0002562 0.9997193
1764826411.530086 -0.0307686 -0.0611657 -1.1026870 -0.0034770 0.0167967 0.0021238 0.9998507
1764826411.830101 -0.0322958 -0.0643808 -1.1603277 -0.0017265 0.0132303 0.0027785 0.9999071
1764826411.979997 -0.0334432 -0.0660002 -1.1890371 -0.0020484 0.0099734 0.0020107 0.9999462
1764826412.130134 -0.0337822 -0.0680715 -1.2175530 -0.0000002 0.0093281 0.0028604 0.9999524
1764826412.280035 -0.0343948 -0.0692297 -1.2459832 -0.0017248 0.0085426 0.0030316 0.9999574
1764826412.480017 -0.0347219 -0.0702400 -1.2824637 -0.0059510 0.0068444 0.0039255 0.9999512
1764826412.630103 -0.0350926 -0.0729524 -1.3110988 -0.0006833 0.0060625 0.0036986 0.9999745
1764826412.881248 -0.0359094 -0.0749314 -1.3581336 -0.0023456 0.0058298 0.0036661 0.9999735
1764826413.080548 -0.0353353 -0.0770499 -1.3964447 -0.0022668 0.0051375 0.0030626 0.9999796
1764826413.280216 -0.0360106 -0.0783534 -1.4324975 -0.0003625 0.0061324 0.0034592 0.9999751
1764826413.480023 -0.0357738 -0.0806042 -1.4709060 -0.0021507 0.0066717 0.0031213 0.9999706
1764826413.630116 -0.0363159 -0.0814771 -1.4984888 -0.0036696 0.0063960 0.0031055 0.9999680
1764826413.780035 -0.0365910 -0.0833040 -1.5263094 -0.0035429 0.0073309 0.0024264 0.9999639
1764826413.980282 -0.0372891 -0.0854029 -1.5625722 -0.0032271 0.0080972 0.0018802 0.9999602
1764826414.180002 -0.0374135 -0.0870056 -1.5997629 -0.0065038 0.0088398 0.0022741 0.9999372
1764826414.330084 -0.0377759 -0.0892895 -1.6270452 -0.0038650 0.0102003 0.0023751 0.9999377
1764826414.480263 -0.0381245 -0.0915539 -1.6558988 -0.0045966 0.0116573 0.0020562 0.9999194
1764826414.630122 -0.0389576 -0.0928487 -1.6835370 -0.0046958 0.0124211 0.0018067 0.9999102
1764826414.780031 -0.0392131 -0.0946916 -1.7117919 -0.0045010 0.0130258 0.0017400 0.9999035
1764826414.930128 -0.0396823 -0.0963770 -1.7399442 -0.0053041 0.0142405 0.0016138 0.9998832
1764826415.080059 -0.0398976 -0.0969099 -1.7676201 -0.0057445 0.0154072 0.0018186 0.9998631
1764826415.281086 -0.0404928 -0.0998054 -1.8038893 -0.0048579 0.0161180 0.0014149 0.9998573
1764826415.430121 -0.0412674 -0.1013285 -1.8327138 -0.0050577 0.0179798 0.0014185 0.9998245
1764826415.580572 -0.0422330 -0.1027815 -1.8598206 -0.0063725 0.0186157 0.0006843 0.9998062
1764826415.730136 -0.0429805 -0.1034790 -1.8882138 -0.0057789 0.0195580 0.0011615 0.9997913
1764826415.879999 -0.0441226 -0.1058229 -1.9167336 -0.0039037 0.0192825 -0.0002677 0.9998064
1764826415.980254 -0.0443106 -0.1064793 -1.9348179 -0.0044152 0.0207232 0.0005117 0.9997754
1764826416.079970 -0.0450693 -0.1067740 -1.9536844 -0.0067602 0.0214932 0.0010114 0.9997457
1764826416.280824 -0.0466744 -0.1100026 -1.9910743 -0.0052625 0.0219572 -0.0003155 0.9997450
1764826416.430200 -0.0477494 -0.1109037 -2.0187693 -0.0062457 0.0232209 -0.0000194 0.9997109
1764826416.580028 -0.0487609 -0.1117966 -2.0464621 -0.0075625 0.0247807 -0.0001656 0.9996643
1764826416.780760 -0.0499382 -0.1145435 -2.0836294 -0.0086260 0.0259215 -0.0007751 0.9996265
1764826416.979995 -0.0519538 -0.1166231 -2.1203120 -0.0068059 0.0269239 -0.0012366 0.9996135
1764826417.230145 -0.0538700 -0.1200607 -2.1672261 -0.0057336 0.0298460 -0.0008692 0.9995377
1764826417.380015 -0.0551316 -0.1219310 -2.1957664 -0.0059996 0.0314837 -0.0011541 0.9994856
1764826417.530141 -0.0565003 -0.1233717 -2.2240689 -0.0069512 0.0325624 -0.0012149 0.9994448
1764826417.679967 -0.0582133 -0.1249082 -2.2520325 -0.0070057 0.0344240 -0.0015778 0.9993815
1764826417.830132 -0.0594649 -0.1264489 -2.2804849 -0.0078257 0.0349699 -0.0014092 0.9993567
1764826418.030170 -0.0617545 -0.1291958 -2.3177161 -0.0045780 0.0369607 -0.0010034 0.9993057
1764826418.130127 -0.0632149 -0.1300938 -2.3366797 -0.0073702 0.0376495 -0.0017794 0.9992623
1764826418.280024 -0.0644938 -0.1314914 -2.3655155 -0.0068635 0.0380665 -0.0012275 0.9992509
1764826418.430154 -0.0665078 -0.1324464 -2.3928783 -0.0086049 0.0385668 -0.0014952 0.9992179
1764826418.580044 -0.0687723 -0.1353493 -2.4218147 -0.0073741 0.0392429 -0.0014931 0.9992014
1764826418.730139 -0.0706309 -0.1368430 -2.4503913 -0.0081642 0.0400171 -0.0015521 0.9991645
1764826418.830132 -0.0721589 -0.1378238 -2.4693937 -0.0087589 0.0405504 -0.0010289 0.9991386
1764826418.980461 -0.0745480 -0.1396224 -2.4969075 -0.0085389 0.0409569 -0.0018915 0.9991227
1764826419.080024 -0.0758292 -0.1414583 -2.5158026 -0.0070739 0.0413794 -0.0019140 0.9991167
1764826419.181082 -0.0772713 -0.1423291 -2.5347593 -0.0081749 0.0422204 -0.0016638 0.9990735
1764826419.330136 -0.0795267 -0.1439196 -2.5622513 -0.0078023 0.0425403 -0.0022719 0.9990617
1764826419.480021 -0.0812958 -0.1453078 -2.5903122 -0.0086222 0.0440175 -0.0018535 0.9989918
1764826419.582392 -0.0829085 -0.1468581 -2.6095185 -0.0085883 0.0452330 -0.0023722 0.9989367
1764826419.680017 -0.0843687 -0.1472844 -2.6280439 -0.0090739 0.0455435 -0.0024721 0.9989181
1764826419.830209 -0.0867584 -0.1493547 -2.6574378 -0.0095073 0.0468979 -0.0026764 0.9988509
1764826419.982974 -0.0885678 -0.1512295 -2.6852250 -0.0083293 0.0486787 -0.0025334 0.9987766
1764826420.130154 -0.0910393 -0.1528092 -2.7131047 -0.0081004 0.0496880 -0.0031666 0.9987270
1764826420.281458 -0.0939298 -0.1547305 -2.7412183 -0.0094413 0.0506040 -0.0030653 0.9986695
1764826420.430124 -0.0965898 -0.1562513 -2.7695379 -0.0100292 0.0508624 -0.0030629 0.9986506
1764826420.630057 -0.1001994 -0.1596565 -2.8069181 -0.0078962 0.0515131 -0.0030481 0.9986365
1764826420.780061 -0.1028537 -0.1607942 -2.8350759 -0.0088299 0.0526130 -0.0027487 0.9985722
1764826420.930161 -0.1056420 -0.1629254 -2.8634908 -0.0081881 0.0530895 -0.0031966 0.9985511
1764826421.130155 -0.1094803 -0.1652711 -2.9010262 -0.0079181 0.0525590 -0.0027708 0.9985826
1764826421.280049 -0.1125551 -0.1674408 -2.9289513 -0.0080293 0.0515589 -0.0023800 0.9986349
1764826421.430131 -0.1169478 -0.1695165 -2.9577672 -0.0061004 0.0406616 -0.0009731 0.9991539
1764826421.530165 -0.1196105 -0.1697982 -2.9767575 -0.0093772 0.0334287 -0.0001761 0.9993971
1764826421.680061 -0.1222274 -0.1713010 -3.0054133 -0.0103154 0.0304995 -0.0003328 0.9994815
1764826421.830171 -0.1239076 -0.1732212 -3.0324349 -0.0099488 0.0290139 0.0000986 0.9995295
1764826421.980136 -0.1253958 -0.1745422 -3.0604208 -0.0113347 0.0277823 0.0008961 0.9995493
1764826422.179987 -0.1285934 -0.1779139 -3.0983765 -0.0097818 0.0231248 -0.0008949 0.9996843
1764826422.330165 -0.1298645 -0.1794468 -3.1260846 -0.0099988 0.0221775 -0.0001532 0.9997041
1764826422.530140 -0.1317419 -0.1825196 -3.1642489 -0.0081028 0.0209219 -0.0003122 0.9997482
1764826422.730151 -0.1335364 -0.1846650 -3.2020934 -0.0080369 0.0163193 0.0002107 0.9998345
1764826422.930158 -0.1353214 -0.1863780 -3.2392187 -0.0108307 0.0148490 0.0002856 0.9998311
1764826423.180141 -0.1372881 -0.1901810 -3.2864852 -0.0080210 0.0115474 -0.0001366 0.9999012
1764826423.481027 -0.1383641 -0.1941544 -3.3442948 -0.0071612 0.0100949 0.0004659 0.9999233
1764826423.780065 -0.1399941 -0.1974811 -3.4017253 -0.0042945 0.0079197 0.0002427 0.9999594
1764826424.030176 -0.1406201 -0.2000731 -3.4489884 -0.0051235 0.0081814 -0.0004644 0.9999533
1764826424.230199 -0.1407641 -0.2017698 -3.4863641 -0.0060431 0.0085196 -0.0006334 0.9999453
1764826424.430176 -0.1406556 -0.2034225 -3.5249646 -0.0081865 0.0108596 -0.0005441 0.9999074
1764826424.683680 -0.1413168 -0.2049629 -3.5702446 -0.0111562 0.0161772 -0.0004532 0.9998068
1764826424.930199 -0.1423176 -0.2086276 -3.6175225 -0.0083864 0.0174675 -0.0004229 0.9998122
1764826425.230196 -0.1441566 -0.2127486 -3.6742392 -0.0054934 0.0186612 -0.0001010 0.9998108
1764826425.480120 -0.1457759 -0.2140635 -3.7204161 -0.0107083 0.0205492 -0.0001728 0.9997315
1764826425.730200 -0.1476428 -0.2170945 -3.7687318 -0.0096875 0.0229033 -0.0004762 0.9996907
1764826425.980087 -0.1492738 -0.2190248 -3.8146126 -0.0099441 0.0242898 -0.0007844 0.9996552
1764826426.130195 -0.1503523 -0.2214467 -3.8429377 -0.0067470 0.0245324 -0.0006064 0.9996761
1764826426.280846 -0.1512646 -0.2232181 -3.8718762 -0.0061318 0.0242977 -0.0007278 0.9996857
1764826426.430183 -0.1528028 -0.2245555 -3.9007804 -0.0087148 0.0249090 -0.0007462 0.9996514
1764826426.582852 -0.1538365 -0.2252722 -3.9281013 -0.0126741 0.0251498 -0.0010875 0.9996027
1764826426.730196 -0.1550201 -0.2267035 -3.9564328 -0.0131307 0.0265463 -0.0009431 0.9995609
1764826427.030219 -0.1575869 -0.2304882 -4.0138206 -0.0128930 0.0277842 -0.0014048 0.9995298
1764826427.180105 -0.1590471 -0.2330165 -4.0424848 -0.0110723 0.0287019 -0.0020193 0.9995247
1764826427.330217 -0.1605753 -0.2358875 -4.0709791 -0.0095492 0.0293703 -0.0023995 0.9995201
1764826427.480073 -0.1622305 -0.2379780 -4.1001801 -0.0085185 0.0305904 -0.0024495 0.9994927
1764826427.630177 -0.1632205 -0.2394217 -4.1287537 -0.0083853 0.0311832 -0.0022061 0.9994761
1764826427.780735 -0.1649745 -0.2409664 -4.1574187 -0.0123319 0.0321912 -0.0025370 0.9994025
1764826427.930190 -0.1662001 -0.2428942 -4.1860766 -0.0126782 0.0325878 -0.0022966 0.9993858
1764826428.081394 -0.1674049 -0.2445369 -4.2144804 -0.0117296 0.0338713 -0.0025152 0.9993542
1764826428.230213 -0.1691989 -0.2461095 -4.2431507 -0.0133881 0.0354310 -0.0022908 0.9992799
1764826428.380421 -0.1703166 -0.2479855 -4.2719593 -0.0139959 0.0369935 -0.0016019 0.9992163
1764826428.580264 -0.1724714 -0.2508475 -4.3094163 -0.0132600 0.0371782 -0.0014775 0.9992196
1764826428.730590 -0.1751297 -0.2529527 -4.3375983 -0.0114965 0.0385689 -0.0019393 0.9991879
1764826428.880185 -0.1769039 -0.2554373 -4.3661599 -0.0083414 0.0398230 -0.0019672 0.9991700
1764826429.030133 -0.1787204 -0.2578110 -4.3946381 -0.0059504 0.0406295 -0.0027318 0.9991528
1764826429.180208 -0.1809417 -0.2593264 -4.4243751 -0.0081178 0.0417725 -0.0022256 0.9990917
1764826429.380255 -0.1838677 -0.2608154 -4.4607773 -0.0095900 0.0410921 -0.0013222 0.9991085
1764826429.580219 -0.1879318 -0.2633867 -4.4992161 -0.0067542 0.0364095 -0.0013216 0.9993132
1764826429.732767 -0.1888800 -0.2653036 -4.5276518 -0.0056931 0.0367751 0.0017962 0.9993057
1764826429.880223 -0.1920305 -0.2666127 -4.5557389 -0.0107681 0.0325144 0.0010663 0.9994127
1764826430.062851 -0.1950323 -0.2686834 -4.5836716 -0.0100645 0.0263474 0.0004397 0.9996021
1764826430.230144 -0.1964433 -0.2696391 -4.6206121 -0.0106444 0.0249790 0.0021417 0.9996290
1764826430.380216 -0.1971821 -0.2702521 -4.6477814 -0.0154555 0.0257421 0.0029882 0.9995447
1764826430.530122 -0.1994395 -0.2716554 -4.6774044 -0.0187970 0.0223251 0.0021614 0.9995717
1764826430.680275 -0.2010280 -0.2750249 -4.7054410 -0.0130976 0.0212720 0.0008043 0.9996876
1764826430.830412 -0.2019818 -0.2760522 -4.7324185 -0.0151294 0.0195446 0.0017570 0.9996930
1764826430.930141 -0.2032706 -0.2771069 -4.7508154 -0.0158036 0.0153791 0.0006765 0.9997566
1764826431.080247 -0.2047025 -0.2813899 -4.7798896 -0.0093464 0.0139169 0.0008802 0.9998591
1764826431.230072 -0.2055597 -0.2833593 -4.8086085 -0.0075850 0.0126655 0.0009443 0.9998906
1764826431.380208 -0.2065482 -0.2853979 -4.8370833 -0.0090601 0.0116699 0.0003097 0.9998908
1764826431.530122 -0.2071493 -0.2873109 -4.8653545 -0.0077119 0.0106545 0.0005219 0.9999134
1764826431.680234 -0.2081951 -0.2892936 -4.8943329 -0.0057672 0.0087151 0.0000460 0.9999454
1764826431.830174 -0.2083680 -0.2907086 -4.9223065 -0.0070912 0.0085569 0.0002996 0.9999382
1764826431.980247 -0.2087762 -0.2924494 -4.9506717 -0.0075899 0.0088825 0.0001320 0.9999318
1764826432.130163 -0.2089252 -0.2942648 -4.9789619 -0.0058260 0.0089739 0.0003371 0.9999427
1764826432.280241 -0.2096651 -0.2958707 -5.0069661 -0.0019060 0.0080991 -0.0002601 0.9999654
1764826432.430054 -0.2096516 -0.2975015 -5.0348907 -0.0034458 0.0087577 -0.0001513 0.9999557
1764826432.580236 -0.2098701 -0.2987270 -5.0626388 -0.0076698 0.0097907 -0.0003315 0.9999226
1764826432.731006 -0.2102597 -0.3003481 -5.0912962 -0.0124919 0.0101032 -0.0005721 0.9998708
1764826432.880252 -0.2107077 -0.3018875 -5.1195421 -0.0105449 0.0102145 -0.0008298 0.9998919
1764826433.030148 -0.2109915 -0.3032608 -5.1475630 -0.0141474 0.0113617 -0.0005101 0.9998353
1764826433.180231 -0.2114789 -0.3047972 -5.1761422 -0.0165216 0.0130850 -0.0000212 0.9997779
1764826433.330146 -0.2114416 -0.3074434 -5.2047162 -0.0119959 0.0135649 -0.0002950 0.9998360
1764826433.480258 -0.2121084 -0.3099039 -5.2328591 -0.0090958 0.0150918 -0.0007202 0.9998445
1764826433.630248 -0.2123951 -0.3118240 -5.2612419 -0.0081328 0.0162367 -0.0008571 0.9998348
1764826433.780163 -0.2131940 -0.3139591 -5.2898521 -0.0081194 0.0168843 -0.0005447 0.9998243
1764826433.930231 -0.2140791 -0.3153277 -5.3177409 -0.0075047 0.0166505 -0.0005073 0.9998331
1764826434.082927 -0.2148952 -0.3166627 -5.3456650 -0.0116135 0.0176936 -0.0007887 0.9997757
1764826434.230244 -0.2155133 -0.3183834 -5.3741212 -0.0113362 0.0179032 -0.0005098 0.9997754
1764826434.430378 -0.2165072 -0.3209529 -5.4126034 -0.0095442 0.0179539 -0.0001805 0.9997932
1764826434.630261 -0.2177890 -0.3240178 -5.4510036 -0.0079230 0.0188537 0.0005134 0.9997907
1764826434.780127 -0.2186022 -0.3256802 -5.4792228 -0.0094470 0.0183829 0.0008621 0.9997860
1764826434.980185 -0.2203910 -0.3287547 -5.5174451 -0.0065743 0.0186009 0.0001252 0.9998054
1764826435.184787 -0.2212360 -0.3309909 -5.5559812 -0.0047234 0.0194876 0.0001688 0.9997990
1764826435.330264 -0.2223897 -0.3323108 -5.5850430 -0.0046850 0.0203354 -0.0002340 0.9997822
1764826435.480630 -0.2230686 -0.3340820 -5.6143627 -0.0081073 0.0220585 -0.0004199 0.9997237
1764826435.630243 -0.2238634 -0.3354488 -5.6428342 -0.0113760 0.0232713 0.0000102 0.9996645
1764826435.830226 -0.2254351 -0.3391469 -5.6815829 -0.0088502 0.0252859 -0.0005333 0.9996409
1764826436.030247 -0.2266068 -0.3416120 -5.7199798 -0.0034135 0.0269884 -0.0009246 0.9996295
1764826436.180151 -0.2277719 -0.3430151 -5.7488937 -0.0083182 0.0292425 -0.0016732 0.9995363
1764826436.383442 -0.2294843 -0.3457315 -5.7872424 -0.0080010 0.0316397 -0.0015816 0.9994661
1764826436.630261 -0.2323498 -0.3484571 -5.8356810 -0.0084589 0.0326973 -0.0018260 0.9994279
1764826436.881988 -0.2350954 -0.3536304 -5.8849049 -0.0030680 0.0347597 -0.0015832 0.9993898
1764826437.080168 -0.2370169 -0.3556618 -5.9238477 -0.0041309 0.0347314 -0.0022643 0.9993856
1764826437.280162 -0.2397211 -0.3571071 -5.9628854 -0.0094847 0.0357121 -0.0010557 0.9993166
1764826437.480161 -0.2420419 -0.3590024 -6.0007806 -0.0081264 0.0362258 -0.0016005 0.9993093
1764826437.680199 -0.2453725 -0.3625565 -6.0410266 -0.0053129 0.0323334 -0.0011094 0.9994624
1764826437.830283 -0.2479901 -0.3640494 -6.0704284 -0.0058974 0.0308022 -0.0013264 0.9995072
1764826437.980232 -0.2492056 -0.3656714 -6.0996923 -0.0065526 0.0298089 -0.0011317 0.9995335
1764826438.130299 -0.2513207 -0.3671792 -6.1282854 -0.0059170 0.0292217 -0.0014838 0.9995544
1764826438.330294 -0.2537117 -0.3695693 -6.1674752 -0.0057396 0.0283292 -0.0011169 0.9995816
1764826438.482950 -0.2550981 -0.3705821 -6.1963611 -0.0072128 0.0288609 -0.0017549 0.9995559
1764826438.630265 -0.2570734 -0.3722892 -6.2258811 -0.0074407 0.0292880 -0.0022371 0.9995408
1764826438.783192 -0.2584441 -0.3736992 -6.2550139 -0.0070909 0.0294213 -0.0025648 0.9995387
1764826439.030301 -0.2604785 -0.3764144 -6.3030648 -0.0071741 0.0308186 -0.0024051 0.9994963
1764826439.204597 -0.2625723 -0.3784343 -6.3328457 -0.0073279 0.0316282 -0.0029820 0.9994684
1764826439.380265 -0.2643741 -0.3809461 -6.3717680 -0.0057021 0.0326459 -0.0026947 0.9994471
1764826439.580297 -0.2671138 -0.3831231 -6.4103308 -0.0066074 0.0336806 -0.0030148 0.9994063
1764826439.780315 -0.2702022 -0.3850595 -6.4497509 -0.0092869 0.0322823 -0.0039581 0.9994279
1764826440.030276 -0.2729439 -0.3882975 -6.4986939 -0.0055149 0.0300666 -0.0022246 0.9995302
1764826440.230338 -0.2752945 -0.3907324 -6.5371432 -0.0041717 0.0302809 -0.0015700 0.9995315
1764826440.430323 -0.2785515 -0.3927630 -6.5770893 -0.0071457 0.0244982 -0.0017774 0.9996728
1764826440.630297 -0.2805834 -0.3946251 -6.6155419 -0.0098098 0.0233680 -0.0012832 0.9996780
1764826440.830300 -0.2824424 -0.3971120 -6.6547070 -0.0089342 0.0209157 -0.0005904 0.9997412
1764826441.080224 -0.2844369 -0.4009826 -6.7049031 -0.0047242 0.0186980 -0.0000649 0.9998140
1764826441.230294 -0.2857625 -0.4030568 -6.7351112 -0.0038824 0.0177472 0.0004424 0.9998349
1764826441.380212 -0.2868501 -0.4047828 -6.7649078 -0.0026772 0.0167497 0.0007023 0.9998559
1764826441.530293 -0.2876996 -0.4066182 -6.7937870 -0.0012642 0.0163968 0.0008797 0.9998644
1764826441.680314 -0.2880052 -0.4081040 -6.8235474 -0.0020020 0.0164972 0.0016175 0.9998606
1764826441.830292 -0.2890666 -0.4093955 -6.8531427 -0.0044193 0.0161961 0.0008669 0.9998587
1764826442.030381 -0.2896603 -0.4110051 -6.8916473 -0.0036384 0.0166517 0.0018997 0.9998530
1764826442.230349 -0.2911174 -0.4126288 -6.9299798 -0.0068049 0.0166771 0.0011972 0.9998371
1764826442.430309 -0.2922924 -0.4147848 -6.9694872 -0.0066081 0.0158487 0.0008777 0.9998522
1764826442.630297 -0.2937302 -0.4174796 -7.0092044 -0.0064989 0.0153331 0.0010817 0.9998608
1764826442.830376 -0.2948466 -0.4203447 -7.0485539 -0.0013365 0.0153070 0.0024620 0.9998789
1764826442.980217 -0.2960469 -0.4223140 -7.0785804 0.0035493 0.0142064 0.0020641 0.9998907
1764826443.130303 -0.2969167 -0.4240538 -7.1084070 0.0073137 0.0144256 0.0005220 0.9998691
1764826443.282267 -0.2973477 -0.4256450 -7.1385698 0.0099097 0.0150058 0.0001265 0.9998383
1764826443.430309 -0.2978052 -0.4263473 -7.1683173 0.0091867 0.0155823 0.0000805 0.9998364
1764826443.580344 -0.2988197 -0.4275058 -7.1979270 0.0118362 0.0166241 -0.0005554 0.9997916
1764826443.730232 -0.2994070 -0.4282284 -7.2268271 0.0110761 0.0175428 -0.0009991 0.9997843
1764826443.880322 -0.2999241 -0.4285606 -7.2568221 0.0086974 0.0175946 -0.0008970 0.9998070
1764826444.130229 -0.3012280 -0.4289267 -7.3042293 0.0083310 0.0194953 -0.0000291 0.9997753
1764826444.330240 -0.3023666 -0.4302543 -7.3427501 0.0087259 0.0202642 -0.0005394 0.9997565
1764826444.530202 -0.3041386 -0.4308119 -7.3820467 0.0071772 0.0209471 -0.0003337 0.9997548
1764826444.730156 -0.3054487 -0.4317704 -7.4212031 0.0062127 0.0218474 -0.0001404 0.9997420
1764826444.880310 -0.3058183 -0.4322720 -7.4497147 0.0059155 0.0221298 -0.0000244 0.9997376
1764826445.030333 -0.3073452 -0.4337976 -7.4799008 0.0061336 0.0225486 -0.0007766 0.9997267
1764826445.180316 -0.3085221 -0.4344208 -7.5094271 0.0049316 0.0227015 -0.0010323 0.9997296
1764826445.330233 -0.3094235 -0.4350499 -7.5385642 0.0033214 0.0235406 -0.0007884 0.9997171
1764826445.530307 -0.3109885 -0.4362074 -7.5777812 0.0036458 0.0245979 -0.0006378 0.9996906
1764826445.680346 -0.3122602 -0.4370135 -7.6074405 0.0012249 0.0255494 -0.0009207 0.9996724
1764826445.982291 -0.3146464 -0.4398597 -7.6657066 0.0035185 0.0267768 -0.0009615 0.9996348
1764826446.182391 -0.3164483 -0.4412914 -7.7052083 0.0034067 0.0274822 -0.0006249 0.9996163
1764826446.480251 -0.3191300 -0.4447034 -7.7648973 0.0079922 0.0280835 -0.0001650 0.9995736
1764826446.630334 -0.3206379 -0.4455091 -7.7943625 0.0062816 0.0282015 -0.0000137 0.9995825
1764826446.781099 -0.3219962 -0.4467415 -7.8243413 0.0063011 0.0287993 0.0001774 0.9995654
1764826446.930345 -0.3233397 -0.4478429 -7.8533859 0.0060666 0.0296764 0.0004217 0.9995411
1764826447.130337 -0.3256622 -0.4496288 -7.8937430 0.0067979 0.0294913 -0.0004267 0.9995418
1764826447.280638 -0.3274457 -0.4495429 -7.9227281 0.0055221 0.0300852 -0.0001984 0.9995321
1764826447.430347 -0.3286726 -0.4505390 -7.9531293 0.0050408 0.0305941 0.0006764 0.9995190
1764826447.583901 -0.3305145 -0.4510899 -7.9819841 0.0044468 0.0304826 -0.0001513 0.9995254
1764826447.784624 -0.3333357 -0.4523929 -8.0232334 0.0036784 0.0254680 -0.0000424 0.9996689
1764826447.930343 -0.3352928 -0.4532900 -8.0526457 0.0027823 0.0246740 0.0000668 0.9996917
1764826448.130356 -0.3373209 -0.4553001 -8.0928984 0.0048580 0.0235803 0.0010726 0.9997096
1764826448.281532 -0.3396189 -0.4562928 -8.1232710 0.0038577 0.0192302 0.0003345 0.9998076
1764826448.430440 -0.3405435 -0.4573931 -8.1536064 0.0040011 0.0189226 0.0008310 0.9998126
1764826448.630360 -0.3422724 -0.4589047 -8.1938105 0.0022461 0.0186856 0.0003759 0.9998228
1764826448.780514 -0.3430787 -0.4598414 -8.2230396 0.0015348 0.0180550 0.0004188 0.9998358
1764826448.980639 -0.3440955 -0.4611686 -8.2628880 0.0019725 0.0170699 0.0009856 0.9998519
1764826449.181106 -0.3453470 -0.4631539 -8.3032093 0.0019398 0.0173871 0.0004477 0.9998469
1764826449.380275 -0.3462926 -0.4644207 -8.3437672 -0.0032172 0.0183066 0.0011817 0.9998266
1764826449.580225 -0.3477526 -0.4657817 -8.3830042 -0.0061044 0.0180985 0.0009243 0.9998171
1764826449.780288 -0.3486649 -0.4679430 -8.4230127 -0.0046978 0.0177681 0.0023310 0.9998284
1764826449.980280 -0.3505251 -0.4708643 -8.4641314 -0.0007530 0.0159421 0.0021062 0.9998704
1764826450.180286 -0.3519489 -0.4731624 -8.5038671 0.0033164 0.0162499 0.0017782 0.9998609
1764826450.380924 -0.3532331 -0.4750753 -8.5446768 0.0010891 0.0159405 -0.0004326 0.9998723
1764826450.580381 -0.3542536 -0.4767222 -8.5857134 0.0027135 0.0161268 0.0005438 0.9998662
1764826450.830404 -0.3556391 -0.4792604 -8.6362858 0.0048568 0.0177415 0.0013580 0.9998299
1764826451.030249 -0.3569764 -0.4798645 -8.6764812 0.0011333 0.0181108 0.0007791 0.9998351
1764826451.180282 -0.3577730 -0.4822648 -8.7069969 0.0059331 0.0180402 0.0014839 0.9998186
1764826451.330406 -0.3591107 -0.4836507 -8.7381821 0.0059024 0.0186991 0.0011058 0.9998071
1764826451.480243 -0.3599232 -0.4838028 -8.7679977 0.0017645 0.0186709 0.0005687 0.9998240
1764826451.630356 -0.3609044 -0.4850043 -8.7987318 0.0009302 0.0187888 0.0001499 0.9998230
1764826451.780285 -0.3618921 -0.4861435 -8.8299875 0.0013770 0.0196049 0.0002794 0.9998068
1764826451.930373 -0.3629766 -0.4870102 -8.8602781 0.0003471 0.0208641 0.0002001 0.9997823
1764826452.082998 -0.3636744 -0.4883417 -8.8911972 0.0002830 0.0213619 0.0004506 0.9997717
1764826452.280313 -0.3648368 -0.4897027 -8.9311209 -0.0026045 0.0224566 0.0012563 0.9997436
1764826452.480311 -0.3665234 -0.4913398 -8.9717121 -0.0002347 0.0238486 0.0008756 0.9997152
1764826452.730388 -0.3692496 -0.4936702 -9.0221891 -0.0002258 0.0243370 -0.0000674 0.9997038
1764826452.930382 -0.3715955 -0.4953144 -9.0633287 -0.0013642 0.0210151 0.0001334 0.9997782
1764826453.230437 -0.3733454 -0.4993299 -9.1250725 0.0046806 0.0203384 0.0006025 0.9997820
1764826453.430408 -0.3754153 -0.5002832 -9.1644344 -0.0010817 0.0198249 0.0003779 0.9998028
1764826453.681290 -0.3768648 -0.5031816 -9.2165413 0.0025863 0.0204110 0.0000553 0.9997883
1764826453.880390 -0.3779421 -0.5049348 -9.2574701 0.0023621 0.0211704 0.0004716 0.9997730
1764826454.080585 -0.3792455 -0.5069653 -9.2983513 0.0041072 0.0211354 0.0004922 0.9997681
1764826454.330384 -0.3814072 -0.5088800 -9.3494596 0.0023977 0.0215865 0.0001818 0.9997641
1764826454.530360 -0.3826205 -0.5112291 -9.3900223 0.0070827 0.0223305 0.0010963 0.9997250
1764826454.781753 -0.3845661 -0.5125763 -9.4410963 0.0052392 0.0221671 0.0008439 0.9997402
1764826454.980190 -0.3865288 -0.5129480 -9.4802933 0.0019170 0.0229874 0.0008024 0.9997336
1764826455.180302 -0.3880273 -0.5146825 -9.5220728 0.0030041 0.0231783 0.0012641 0.9997261
1764826455.430392 -0.3904030 -0.5174190 -9.5729685 0.0071261 0.0239475 0.0013583 0.9996869
1764826455.680210 -0.3924973 -0.5174389 -9.6224499 -0.0001153 0.0238100 0.0021721 0.9997142
1764826455.930399 -0.3942337 -0.5214970 -9.6742916 0.0076780 0.0238032 0.0025918 0.9996838
1764826456.180319 -0.3965730 -0.5224640 -9.7234163 0.0056103 0.0236189 0.0024081 0.9997025
1764826456.385220 -0.3984239 -0.5243183 -9.7644720 0.0062245 0.0244165 0.0015176 0.9996814
1764826456.580310 -0.3997555 -0.5253305 -9.8039780 0.0078445 0.0244395 0.0012665 0.9996697
1764826456.881768 -0.4016819 -0.5261999 -9.8501701 0.0062362 0.0244992 0.0017461 0.9996789
1764826457.080310 -0.4026958 -0.5272921 -9.8748150 0.0061215 0.0245114 0.0015362 0.9996796
