2449.476997712 226.000000000 177.968582153 2
2449.526992912 82.000000000 0.177368164 2
2449.576987952 102.000000000 0.088684082 2
2449.626983152 94.000000000 0.112731934 2
2449.676978352 96.000000000 0.139175415 2
2449.726973552 91.000000000 0.050140381 2
2449.776968592 90.000000000 0.093673706 2
2449.826963792 101.000000000 0.168945312 2
2449.876958992 101.000000000 0.043899536 2
2449.926954192 98.000000000 0.064224243 2
2449.976949232 96.000000000 0.158432007 2
2450.026944432 88.000000000 0.101913452 2
2450.076939632 84.000000000 0.171295166 2
2450.126934832 99.000000000 0.124145508 2
2450.176929872 100.000000000 0.198745728 2
2450.226925072 81.000000000 0.066955566 2
2450.276920272 100.000000000 0.142440796 2
2450.326915472 134.000000000 0.129028320 2
2450.376910512 128.000000000 0.208847046 2
2450.426905712 146.000000000 0.274475098 2
2450.476900912 137.000000000 0.142486572 2
2450.526896112 156.000000000 0.087692261 2
2450.576891152 145.000000000 0.188522339 2
2450.626886352 179.000000000 0.224899292 2
2450.676881552 169.000000000 0.043350220 2
2450.726876752 196.000000000 0.159561157 2
2450.776871792 211.000000000 0.135192871 2
2450.826866992 226.000000000 0.119979858 2
2450.876862192 225.000000000 0.094390869 2
2450.926857392 229.000000000 0.114608765 2
2450.976852432 252.000000000 0.109771729 2
2451.026847632 230.000000000 0.122924805 2
2451.076842832 264.000000000 0.230285645 2
2451.126838032 264.000000000 0.139434814 2
2451.176833072 267.000000000 0.198577881 2
2451.226828272 281.000000000 0.122314453 2
2451.276823472 273.000000000 0.173248291 2
2451.326818672 275.000000000 0.115615845 2
2451.376813712 274.000000000 0.180877686 2
2451.426808912 281.000000000 0.121795654 2
2451.476804112 286.000000000 0.055725098 2
2451.526799312 306.000000000 0.160598755 2
2451.576794352 297.000000000 0.204345703 2
2451.626789552 312.000000000 0.222930908 2
2451.676784752 308.000000000 0.172531128 2
2451.726779952 303.000000000 0.124908447 2
2451.776774992 322.000000000 0.143539429 2
2451.826770192 339.000000000 0.207565308 2
2451.876765392 340.000000000 0.206970215 2
2451.926760432 324.000000000 0.240768433 2
2451.976755632 329.000000000 0.141403198 2
2452.026750832 329.000000000 0.133224487 2
2452.076746032 309.000000000 0.187591553 2
2452.126741072 339.000000000 0.194671631 2
2452.176736272 327.000000000 0.090301514 2
2452.226731472 311.000000000 0.132446289 2
2452.276726672 351.000000000 0.104309082 2
2452.326721712 328.000000000 0.089279175 2
2452.376716912 333.000000000 0.018798828 2
2452.426712112 331.000000000 0.100021362 2
2452.476707312 335.000000000 0.261550903 2
2452.526702352 338.000000000 0.337097168 2
2452.576697552 331.000000000 0.096679688 2
2452.626692752 347.000000000 0.084167480 2
2452.676687952 322.000000000 0.218917847 2
2452.726682992 305.000000000 0.412322998 2
2452.776678192 326.000000000 0.489944458 2
2452.826673392 292.000000000 0.542022705 2
2452.876668592 341.000000000 0.452178955 2
2452.926663632 299.000000000 0.320678711 2
2452.976658832 333.000000000 0.320083618 2
2453.026654032 343.000000000 0.313903809 2
2453.076649232 370.000000000 0.177688599 2
2453.126644272 353.000000000 0.062988281 2
2453.176639472 355.000000000 0.023529053 2
2453.226634672 355.000000000 0.024871826 2
2453.276629872 345.000000000 0.106567383 2
2453.326624912 350.000000000 0.129104614 2
2453.376620112 350.000000000 0.110229492 2
2453.426615312 340.000000000 0.006378174 2
2453.476610512 356.000000000 0.135681152 2
2453.526605552 351.000000000 0.072601318 2
2453.576600752 338.000000000 0.227035522 2
2453.626595952 365.000000000 0.129333496 2
2453.676591152 366.000000000 0.097351074 2
2453.726586192 353.000000000 0.085144043 2
2453.776581392 363.000000000 0.045013428 2
2453.826576592 342.000000000 0.011520386 2
2453.876571792 366.000000000 0.117523193 2
2453.926566832 363.000000000 0.165008545 2
2453.976562032 362.000000000 0.095916748 2
2454.026557232 358.000000000 0.124237061 2
2454.076552432 346.000000000 0.149215698 2
2454.126547472 344.000000000 0.082443237 2
2454.176542672 366.000000000 0.108154297 2
2454.226537872 348.000000000 0.031402588 2
2454.276533072 356.000000000 0.145950317 2
2454.326528112 337.000000000 0.012222290 2
2454.376523312 338.000000000 0.104843140 2
2454.426518512 328.000000000 0.113922119 2
2454.476513712 357.000000000 0.288406372 2
2454.526508752 376.000000000 0.140472412 2
2454.576503952 378.000000000 0.102661133 2
2454.626499152 368.000000000 0.154815674 2
2454.676494352 350.000000000 0.133132935 2
2454.726489392 367.000000000 0.026443481 2
2454.776484592 330.000000000 0.056381226 2
2454.826479792 350.000000000 0.168029785 2
2454.876474992 343.000000000 0.190246582 2
2454.926470032 346.000000000 0.269317627 2
2454.976465232 336.000000000 0.078567505 2
2455.026460432 332.000000000 0.309036255 2
2455.076455472 352.000000000 0.269287109 2
2455.126450672 354.000000000 0.168701172 2
2455.176445872 332.000000000 0.127838135 2
2455.226441072 361.000000000 0.204956055 2
2455.276436112 355.000000000 0.046127319 2
2455.326431312 350.000000000 0.156585693 2
2455.376426512 344.000000000 0.125167847 2
2455.426421712 344.000000000 0.091812134 2
2455.476416752 362.000000000 0.145172119 2
2455.526411952 352.000000000 0.071029663 2
2455.576407152 339.000000000 0.104293823 2
2455.626402352 337.000000000 0.150588989 2
2455.676397392 345.000000000 0.017517090 2
2455.726392592 335.000000000 0.070693970 2
2455.776387792 337.000000000 0.054000854 2
2455.826382992 359.000000000 0.131301880 2
2455.876378032 361.000000000 0.074401855 2
2455.926373232 359.000000000 0.077011108 2
2455.976368432 332.000000000 0.040878296 2
2456.026363632 372.000000000 0.039489746 2
2456.076358672 377.000000000 0.034027100 2
2456.126353872 361.000000000 0.075622559 2
2456.176349072 352.000000000 0.025894165 2
2456.226344272 336.000000000 0.032913208 2
2456.276339312 358.000000000 0.058624268 2
2456.326334512 372.000000000 0.057174683 2
2456.376329712 354.000000000 0.023590088 2
2456.426324912 350.000000000 0.024063110 2
2456.476319952 364.000000000 0.051834106 2
2456.526315152 350.000000000 0.045455933 2
2456.576310352 368.000000000 0.112670898 2
2456.626305552 353.000000000 0.103942871 2
2456.676300592 331.000000000 0.129104614 2
2456.726295792 351.000000000 0.116653442 2
2456.776290992 355.000000000 0.159072876 2
2456.826286192 309.000000000 0.236816406 2
2456.876281232 361.000000000 0.181015015 2
2456.926276432 338.000000000 0.166931152 2
2456.976271632 326.000000000 0.138900757 2
2457.026266832 329.000000000 0.061981201 2
2457.076261872 346.000000000 0.168899536 2
2457.126257072 346.000000000 0.121047974 2
2457.176252272 332.000000000 0.211563110 2
2457.226247472 365.000000000 0.251541138 2
2457.276242512 348.000000000 0.128417969 2
2457.326237712 340.000000000 0.219085693 2
2457.376232912 348.000000000 0.196731567 2
2457.426228112 323.000000000 0.221969604 2
2457.476223152 349.000000000 0.208374023 2
2457.526218352 332.000000000 0.154251099 2
2457.576213552 303.000000000 0.217895508 2
2457.626208752 344.000000000 0.197784424 2
2457.676203792 343.000000000 0.166427612 2
2457.726198992 329.000000000 0.288436890 2
2457.776194192 322.000000000 0.225433350 2
2457.826189392 320.000000000 0.148834229 2
2457.876184432 217.000000000 0.168182373 2
2457.926179632 169.000000000 0.174942017 2
2457.976174832 134.000000000 0.059768677 2
2458.026170032 120.000000000 0.101806641 2
2458.076165072 95.000000000 0.097534180 2
2458.126160272 85.000000000 0.131286621 2
2458.176155472 80.000000000 0.101898193 2
2458.226150512 75.000000000 0.192687988 2
2458.276145712 64.000000000 0.158584595 2
2458.326140912 64.000000000 0.294021606 2
2458.376136112 38.000000000 0.609756470 2
2458.426131152 44.000000000 0.405136108 2
2458.476126352 40.000000000 0.437957764 2
2458.526121552 51.000000000 0.283523560 2
2458.576116752 42.000000000 0.394836426 2
2458.626111792 54.000000000 0.132369995 2
2458.676502032 92.000000000 0.839675903 2
2458.728235472 90.000000000 0.518753052 2
2458.780107152 104.000000000 0.122055054 2
2458.830833232 113.000000000 0.287338257 2
2458.880492592 92.000000000 0.180496216 2
2458.929618672 129.000000000 0.439971924 2
2458.980344592 123.000000000 0.358139038 2
2459.031959632 126.000000000 0.331680298 2
2459.084542352 116.000000000 0.636734009 2
2459.136493072 113.000000000 0.307327271 2
2459.187574672 85.000000000 0.289276123 2
2459.236977232 135.000000000 0.659713745 2
2459.287288432 141.000000000 0.078384399 2
2459.337283632 117.000000000 111.042182922 2
2459.387891152 151.000000000 0.080112457 2
2459.438498672 151.000000000 0.553390503 2
2459.489520912 125.000000000 0.507736206 2
2459.541945712 149.000000000 0.513481140 2
2459.594330992 131.000000000 0.312587738 2
2459.645807632 164.000000000 0.333278656 2
2459.695585552 153.000000000 0.413169861 2
2459.746054832 159.000000000 0.308345795 2
2459.796523952 176.000000000 0.309795380 2
2459.846519152 176.000000000 0.380496979 2
2459.897087152 170.000000000 0.162212372 2
2459.947655152 186.000000000 0.407512665 2
2459.997887312 179.000000000 0.269435883 2
2460.048336912 176.000000000 0.307510376 2
2460.098134512 180.000000000 0.339973450 2
2460.147714832 157.000000000 0.458316803 2
2460.198480432 164.000000000 0.197719574 2
2460.248475472 165.000000000 0.134765625 2
2460.298470672 160.000000000 0.265792847 2
2460.348683152 150.000000000 0.128582001 2
2460.398895632 158.000000000 0.150127411 2
2460.449424112 166.000000000 0.133052826 2
2460.499834032 149.000000000 0.244312286 2
2460.550757552 156.000000000 0.034938812 2
2460.601147792 147.000000000 0.126296997 2
2460.651142992 158.000000000 0.294086456 2
2460.701533232 161.000000000 0.194168091 2
2460.751923472 166.000000000 0.385044098 2
2460.802570512 152.000000000 0.118320465 2
2460.852763152 154.000000000 0.481346130 2
2460.902580432 153.000000000 0.365818024 2
2460.952220112 154.000000000 0.104522705 2
2461.002037552 155.000000000 0.278488159 2
2461.051854832 146.000000000 0.105838776 2
2461.102501872 165.000000000 0.219310760 2
2461.152497072 160.000000000 0.096279144 2
2461.202689712 168.000000000 0.176216125 2
2461.252507152 158.000000000 0.351982117 2
2461.302502352 144.000000000 0.313144684 2
2461.352872752 159.000000000 0.256893158 2
2461.402690192 161.000000000 0.168487549 2
2461.452329712 160.000000000 0.275432587 2
2461.502147152 155.000000000 0.398658752 2
2461.552142352 152.000000000 0.342044830 2
2461.602137392 177.000000000 0.167560577 2
2461.652507952 155.000000000 0.388462067 2
2461.702957392 172.000000000 0.207508087 2
2461.752794512 151.000000000 0.323577881 2
2461.802789712 166.000000000 0.004291534 2
2461.852429232 155.000000000 0.004981995 2
2461.902424432 150.000000000 0.133682251 2
2461.952241872 169.000000000 0.077484131 2
2462.002059152 167.000000000 0.200584412 2
2462.051876592 160.000000000 0.117362976 2
2462.152439792 148.000000000 0.166530609 2
2462.202434832 189.000000000 0.076946259 2
2462.252252272 172.000000000 0.290325165 2
2462.302069712 198.000000000 0.173126221 2
2462.351886992 199.000000000 0.125518799 2
2462.401704432 180.000000000 0.150295258 2
2462.451699632 203.000000000 0.075443268 2
2462.502070032 191.000000000 0.110847473 2
2462.552065232 195.000000000 0.060859680 2
2462.601882672 200.000000000 0.013824463 2
2462.651699952 199.000000000 0.002525330 2
2462.701517392 196.000000000 0.134441376 2
2462.751512592 189.000000000 0.037754059 2
2462.801507632 214.000000000 0.157981873 2
2462.851502832 207.000000000 0.044891357 2
2462.901498032 211.000000000 0.122898102 2
2462.951493232 212.000000000 0.011730194 2
2463.001488272 213.000000000 0.015686035 2
2463.051681072 211.000000000 0.129295349 2
2463.101873712 210.000000000 0.010688782 2
2463.151691152 218.000000000 0.151493073 2
2463.201508432 211.000000000 0.007492065 2
2463.251325872 202.000000000 0.085723877 2
2463.301321072 207.000000000 0.027397156 2
2463.351316112 217.000000000 0.037197113 2
2463.401311312 205.000000000 0.018531799 2
2463.451306512 204.000000000 0.062675476 2
2463.501499152 205.000000000 0.073867798 2
2463.551494352 195.000000000 0.075870514 2
2463.601311632 247.000000000 0.174575806 2
2463.651129072 220.000000000 0.266975403 2
2463.701124272 217.000000000 0.047771454 2
2463.751119472 229.000000000 0.115882874 2
2463.801114512 226.000000000 0.120063782 2
2463.850931952 211.000000000 0.043846130 2
2463.900551792 232.000000000 0.059894562 2
2463.950072912 241.000000000 0.085884094 2
2463.999376752 226.000000000 0.016830444 2
2464.048660752 231.000000000 0.067367554 2
2464.097944752 234.000000000 0.058345795 2
2464.147209072 239.000000000 0.086566925 2
2464.196670832 232.000000000 0.111652374 2
2464.246231472 213.000000000 0.178882599 2
2464.296009392 211.000000000 0.072280884 2
2464.345787312 197.000000000 0.100700378 2
2464.395328112 237.000000000 0.048946381 2
2464.444750352 243.000000000 0.105861664 2
2464.494152912 228.000000000 0.132724762 2
2464.543555472 217.000000000 0.184600830 2
2464.592938352 229.000000000 0.139808655 2
2464.642301392 228.000000000 0.103652954 2
2464.691664432 231.000000000 0.087844849 2
2464.741146032 218.000000000 0.144809723 2
2464.790884432 206.000000000 0.232826233 2
2464.840622832 247.000000000 0.051326752 2
2464.889946352 237.000000000 0.202465057 2
2464.938993392 207.000000000 0.123298645 2
2464.987724272 199.000000000 0.280227661 2
2465.036119472 223.000000000 0.186599731 2
2465.085363952 222.000000000 0.264644623 2
2465.133956752 203.000000000 0.003757477 2
2465.182825872 225.000000000 0.063838959 2
2465.232505072 214.000000000 0.050659180 2
2465.282184112 227.000000000 0.041595459 2
2465.332179312 227.000000000 0.032703400 2
2465.381344752 204.000000000 0.002666473 2
2465.429799152 227.000000000 0.140972137 2
2465.477858512 199.000000000 0.005413055 2
2465.525819152 192.000000000 0.128257751 2
2465.575438992 211.000000000 0.558097839 2
2465.625434192 232.000000000 0.197650909 2
2465.675429392 214.000000000 0.089275360 2
2465.725424432 200.000000000 0.132080078 2
2465.775419632 204.000000000 0.170372009 2
2465.825414832 217.000000000 0.097595215 2
2465.875410032 189.000000000 0.185443878 2
2465.925405072 213.000000000 0.101753235 2
2465.975400272 170.000000000 0.166976929 2
2466.025395472 166.000000000 0.136882782 2
2466.075390672 121.000000000 0.158393860 2
2466.125385712 115.000000000 0.167133331 2
2466.175380912 109.000000000 0.091178894 2
2466.225376112 116.000000000 0.109607697 2
2466.275371312 100.000000000 0.082489014 2
2466.325366352 118.000000000 0.088443756 2
2466.375361552 100.000000000 0.415504456 2
2466.425356752 96.000000000 0.279422760 2
2466.475351952 113.000000000 0.401371002 2
2466.525346992 83.000000000 0.211727142 2
2466.575342192 108.000000000 0.648674011 2
2466.625337392 109.000000000 0.243427277 2
2466.675332592 112.000000000 0.334915161 2
2466.725327632 124.000000000 0.378395081 2
2466.775322832 113.000000000 0.080341339 2
2466.825318032 131.000000000 0.277820587 2
2466.875313232 139.000000000 0.089466095 2
2466.925308272 154.000000000 0.041812897 2
2466.975303472 154.000000000 0.207504272 2
2467.025298672 123.000000000 0.126811981 2
2467.075293872 152.000000000 82.372291565 2
2467.125288912 138.000000000 0.125747681 2
2467.175284112 141.000000000 0.240066528 2
2467.225279312 130.000000000 0.070877075 2
2467.275274512 134.000000000 0.142669678 2
2467.325269552 143.000000000 0.095642090 2
2467.375264752 135.000000000 0.168655396 2
2467.425259952 153.000000000 0.089584351 2
2467.475255152 139.000000000 0.313629150 2
2467.525250192 168.000000000 0.157684326 2
2467.575245392 175.000000000 0.291183472 2
2467.625240592 172.000000000 0.150817871 2
2467.675235792 162.000000000 0.194534302 2
2467.725230832 162.000000000 0.143417358 2
2467.775226032 170.000000000 0.228607178 2
2467.825221232 170.000000000 0.271408081 2
2467.875216272 157.000000000 0.066986084 2
2467.925211472 120.000000000 0.110046387 2
2467.975206672 165.000000000 0.508636475 2
2468.025201872 158.000000000 0.125976562 2
2468.075196912 163.000000000 0.040695190 2
2468.125192112 165.000000000 0.087860107 2
2468.175187312 167.000000000 0.144378662 2
2468.225182512 161.000000000 0.380752563 2
2468.275177552 160.000000000 0.039031982 2
2468.325172752 192.000000000 0.280929565 2
2468.375167952 191.000000000 0.058944702 2
2468.425163152 184.000000000 0.019760132 2
2468.475158192 185.000000000 0.078445435 2
2468.525153392 189.000000000 0.172531128 2
2468.575148592 190.000000000 0.135345459 2
2468.625143792 212.000000000 0.139450073 2
2468.675138832 200.000000000 0.036071777 2
2468.725134032 193.000000000 0.104766846 2
2468.775129232 198.000000000 0.022583008 2
2468.825124432 204.000000000 0.087081909 2
2468.875119472 191.000000000 0.143615723 2
2468.925114672 196.000000000 0.320129395 2
2468.975109872 199.000000000 0.069534302 2
2469.025105072 191.000000000 0.111938477 2
2469.075100112 187.000000000 0.006973267 2
2469.125095312 183.000000000 0.065261841 2
2469.175090512 184.000000000 0.212768555 2
2469.225085712 181.000000000 0.053558350 2
2469.275080752 168.000000000 0.033599854 2
2469.325075952 182.000000000 0.030990601 2
2469.375071152 184.000000000 0.121810913 2
2469.425066352 193.000000000 0.027709961 2
2469.475061392 171.000000000 0.133728027 2
2469.525056592 218.000000000 0.128402710 2
2469.575051792 222.000000000 0.017990112 2
2469.625046992 160.000000000 0.134979248 2
2469.675042032 214.000000000 0.103393555 2
2469.725037232 215.000000000 0.113357544 2
2469.775032432 227.000000000 0.176971436 2
2469.825027632 221.000000000 0.059219360 2
2469.875022672 224.000000000 0.203948975 2
2469.925017872 239.000000000 0.172058105 2
2469.975013072 222.000000000 0.058410645 2
2470.025008272 298.000000000 0.058502197 2
2470.075398352 313.000000000 0.037429810 2
2470.127131792 325.000000000 0.052154541 2
2470.179003632 304.000000000 0.034896851 2
2470.229729552 311.000000000 0.048828125 2
2470.280080272 292.000000000 0.120361328 2
2470.330964432 297.000000000 0.117675781 2
2470.381828592 299.000000000 0.021118164 2
2470.432673232 298.000000000 0.152938843 2
2470.483498032 297.000000000 0.130661011 2
2470.534302992 317.000000000 0.038101196 2
2470.584930352 302.000000000 0.031478882 2
2470.635557552 299.000000000 0.044128418 2
2470.686165072 300.000000000 0.016082764 2
2470.736930512 307.000000000 0.067001343 2
2470.787972592 281.000000000 0.031570435 2
2470.839706032 278.000000000 0.171493530 2
2470.891755632 310.000000000 0.100112915 2
2470.943686512 296.000000000 0.089614868 2
2470.995143472 305.000000000 0.064758301 2
2471.046303952 304.000000000 0.030044556 2
2471.097089232 318.000000000 0.090652466 2
2471.147518992 332.000000000 0.055007935 2
2471.197514192 322.000000000 0.047698975 2
2471.247509392 303.000000000 0.006591797 2
2471.298255152 305.000000000 0.098907471 2
2471.349494672 305.000000000 0.053588867 2
2471.400872592 303.000000000 0.085571289 2
2471.451993712 299.000000000 0.217498779 2
2471.502877712 316.000000000 0.150177002 2
2471.553643312 317.000000000 0.414947510 2
2471.604230992 315.000000000 0.168884277 2
2471.654562032 299.000000000 0.119323730 2
2471.704715152 310.000000000 0.130874634 2
2471.754572112 335.000000000 0.049087524 2
2471.804883312 336.000000000 0.203536987 2
2471.854878512 332.000000000 0.265884399 2
2471.904873552 317.000000000 0.122360229 2
2471.955579952 344.000000000 0.068328857 2
2472.005891152 344.000000000 0.039459229 2
2472.055886192 313.000000000 0.212463379 2
2472.106039472 329.000000000 0.370788574 2
2472.155896272 341.000000000 0.301345825 2
2472.206049552 349.000000000 0.006286621 2
2472.256202672 333.000000000 0.080383301 2
2472.306355792 375.000000000 0.173995972 2
2472.356350992 351.000000000 0.011764526 2
2472.406207952 379.000000000 0.031784058 2
2472.455926512 372.000000000 0.080276489 2
2472.505783472 383.000000000 0.074737549 2
2472.555778512 370.000000000 0.016143799 2
2472.605931792 356.000000000 0.090393066 2
2472.656084912 375.000000000 0.056152344 2
2472.706080112 372.000000000 0.132171631 2
2472.755937072 364.000000000 0.076965332 2
2472.805793872 350.000000000 0.018218994 2
2472.855789072 366.000000000 0.116470337 2
2472.905942192 364.000000000 0.010665894 2
2472.955937392 375.000000000 0.195007324 2
2473.005932592 352.000000000 0.286010742 2
2473.055789392 358.000000000 0.034408569 2
2473.105646352 354.000000000 0.302459717 2
2473.155503152 343.000000000 0.195419312 2
2473.205498352 386.000000000 0.320922852 2
2473.255651472 360.000000000 0.469711304 2
2473.305508432 349.000000000 0.430389404 2
2473.355661552 383.000000000 0.525009155 2
2473.405518512 369.000000000 0.338409424 2
2473.454861872 353.000000000 0.448532104 2
2473.504185392 350.000000000 0.418624878 2
2473.553627472 374.000000000 0.535125732 2
2473.603958352 377.000000000 0.177032471 2
2473.653795472 384.000000000 0.409774780 2
2473.703474672 364.000000000 0.086273193 2
2473.752896912 391.000000000 0.152847290 2
2473.802477232 369.000000000 0.298324585 2
2473.852650192 387.000000000 0.322143555 2
2473.903415792 387.000000000 0.189773560 2
2473.953410992 370.000000000 0.303924561 2
2474.003090032 359.000000000 0.416442871 2
2474.053085232 365.000000000 0.066940308 2
2474.102764272 350.000000000 0.505722046 2
2474.152601392 353.000000000 0.116424561 2
2474.202181872 355.000000000 0.522598267 2
2474.252176912 330.000000000 0.301635742 2
2474.302014032 353.000000000 0.553848267 2
2474.352364752 352.000000000 0.338531494 2
2474.402201872 367.000000000 0.118774414 2
2474.451426672 365.000000000 0.480285645 2
2474.501066352 352.000000000 0.161270142 2
2474.550607152 340.000000000 0.190353394 2
2474.600602352 347.000000000 0.141159058 2
2474.650597552 348.000000000 0.067047119 2
2474.699960592 356.000000000 0.167602539 2
2474.749303792 332.000000000 76.564895630 2
2474.798429872 323.000000000 0.161418915 2
2474.848030032 359.000000000 0.195430756 2
2474.897827632 322.000000000 0.054817200 2
2474.947111632 331.000000000 0.289718628 2
2474.997106832 340.000000000 0.000419617 2
2475.046588432 333.000000000 0.135143280 2
2475.095615632 315.000000000 0.231731415 2
2475.145393552 247.000000000 0.345809937 2
2475.195171312 320.000000000 0.351978302 2
2475.245739312 321.000000000 0.115478516 2
2475.294509872 336.000000000 0.111072540 2
2475.342529712 323.000000000 0.114440918 2
2475.390430992 334.000000000 0.035198212 2
2475.438707632 306.000000000 0.280853271 2
2475.487458352 362.000000000 0.075191498 2
2475.537453552 343.000000000 0.242069244 2
2475.588041232 350.000000000 0.003433228 2
2475.638036432 345.000000000 0.168926239 2
2475.687478512 343.000000000 0.016242981 2
2475.735893392 335.000000000 0.062164307 2
2475.783952752 340.000000000 0.207981110 2
2475.832545552 338.000000000 0.048999786 2
2475.881414672 334.000000000 0.037281036 2
2475.930244432 330.000000000 0.117336273 2
2475.979054352 325.000000000 0.178627014 2
2476.029049552 339.000000000 0.108989716 2
2476.079044752 349.000000000 0.172340393 2
2476.129395472 350.000000000 0.165908813 2
2476.179054832 345.000000000 0.145149231 2
2476.229049872 343.000000000 0.165340424 2
2476.278175952 347.000000000 0.083789825 2
2476.325840272 329.000000000 0.172149658 2
2476.374393392 329.000000000 0.062679291 2
2476.424388592 325.000000000 0.160820007 2
2476.474383792 326.000000000 0.170570374 2
2476.524378992 313.000000000 0.105239868 2
2476.574374032 307.000000000 0.209331512 2
2476.624369232 281.000000000 0.103374481 2
2476.674364432 312.000000000 0.194236755 2
2476.724359632 295.000000000 0.090316772 2
2476.774354672 296.000000000 0.170639038 2
2476.824349872 254.000000000 0.015754700 2
2476.874345072 294.000000000 0.006752014 2
2476.924340272 267.000000000 0.035743713 2
2476.974335312 272.000000000 0.013122559 2
2477.024330512 257.000000000 0.047172546 2
2477.074325712 254.000000000 0.046951294 2
2477.124320912 278.000000000 0.069416046 2
2477.174315952 265.000000000 0.065090179 2
2477.224311152 280.000000000 0.031021118 2
2477.274306352 283.000000000 0.042419434 2
2477.324301552 271.000000000 0.095932007 2
2477.374296592 265.000000000 0.010269165 2
2477.424291792 288.000000000 0.082843781 2
2477.474286992 286.000000000 0.094154358 2
2477.524282032 273.000000000 0.119380951 2
2477.574277232 254.000000000 0.033508301 2
2477.624272432 265.000000000 0.062435150 2
2477.674267632 237.000000000 0.226318359 2
2477.724262672 233.000000000 0.213539124 2
2477.774257872 236.000000000 0.366508484 2
2477.824253072 242.000000000 0.185218811 2
2477.874248272 267.000000000 0.182109833 2
2477.924243312 254.000000000 0.148960114 2
2477.974238512 282.000000000 0.199459076 2
2478.024233712 258.000000000 0.203670502 2
2478.074228912 297.000000000 0.119728088 2
2478.124223952 290.000000000 0.367004395 2
2478.174219152 287.000000000 0.059841156 2
2478.224214352 273.000000000 0.204284668 2
2478.274209552 303.000000000 0.400707245 2
2478.324204592 266.000000000 79.862388611 2
2478.374199792 310.000000000 0.267944336 2
2478.424194992 301.000000000 0.201309204 2
2478.474190192 253.000000000 0.409255981 2
2478.524185232 294.000000000 0.520767212 2
2478.574180432 240.000000000 0.320404053 2
2478.624175632 297.000000000 0.558731079 2
2478.674170832 288.000000000 0.318542480 2
2478.724165872 312.000000000 0.398498535 2
2478.774161072 285.000000000 0.453689575 2
2478.824156272 254.000000000 0.476989746 2
2478.874151472 299.000000000 0.432479858 2
2478.924146512 306.000000000 0.401367188 2
2478.974141712 273.000000000 0.388931274 2
2479.024136912 305.000000000 0.504806519 2
2479.074132112 287.000000000 0.305892944 2
2479.124127152 304.000000000 0.138565063 2
2479.174122352 231.000000000 0.431854248 2
2479.224117552 320.000000000 0.446914673 2
2479.274112752 302.000000000 0.458877563 2
2479.324107792 328.000000000 0.253768921 2
2479.374102992 296.000000000 0.314910889 2
2479.424098192 309.000000000 0.219711304 2
2479.474093392 296.000000000 0.484939575 2
2479.524088432 299.000000000 0.146804810 2
2479.574083632 288.000000000 0.497238159 2
2479.624078832 306.000000000 0.186645508 2
2479.674074032 298.000000000 0.186538696 2
2479.724069072 292.000000000 0.301620483 2
2479.774064272 295.000000000 0.524795532 2
2479.824059472 254.000000000 0.397842407 2
2479.874054672 308.000000000 0.495422363 2
2479.924049712 277.000000000 0.449325562 2
2479.974044912 298.000000000 0.222259521 2
2480.024040112 293.000000000 0.326156616 2
2480.074035312 281.000000000 0.183837891 2
2480.124030352 283.000000000 0.291809082 2
2480.174025552 290.000000000 0.501388550 2
2480.224020752 277.000000000 0.304412842 2
2480.274015952 267.000000000 0.093307495 2
2480.324010992 258.000000000 0.481460571 2
2480.374006192 265.000000000 0.157287598 2
2480.424001392 256.000000000 0.468032837 2
2480.473996592 282.000000000 0.305404663 2
2480.523991632 268.000000000 0.383544922 2
2480.573986832 260.000000000 0.200454712 2
2480.623982032 277.000000000 0.322448730 2
2480.673977072 273.000000000 0.199203491 2
2480.723972272 251.000000000 0.107818604 2
2480.773967472 246.000000000 0.067214966 2
2480.823962672 247.000000000 0.183395386 2
2480.873957712 259.000000000 0.090194702 2
2480.923952912 247.000000000 0.126419067 2
2480.973948112 256.000000000 0.015136719 2
2481.023943312 258.000000000 0.112121582 2
2481.073938352 239.000000000 0.127929688 2
2481.123933552 263.000000000 0.050003052 2
2481.173928752 267.000000000 0.011535645 2
2481.223923952 271.000000000 0.122573853 2
2481.273918992 272.000000000 0.000320435 2
2481.323914192 263.000000000 0.002044678 2
2481.373909392 263.000000000 0.018234253 2
2481.423904592 263.000000000 0.007003784 2
2481.473899632 263.000000000 0.063262939 2
2481.523894832 273.000000000 0.044754028 2
2481.573890032 264.000000000 0.076416016 2
2481.623885232 259.000000000 0.168762207 2
2481.673880272 253.000000000 0.055221558 2
2481.723875472 243.000000000 0.046447754 2
2481.773870672 236.000000000 0.012054443 2
2481.823865872 244.000000000 0.132492065 2
2481.873860912 241.000000000 0.038238525 2
2481.923856112 235.000000000 0.050674438 2
