1677445685.924254417 214.000000000 0.130088106 2
1677445685.964992046 96.000000000 0.015469417 2
1677445686.005730152 93.000000000 0.043996811 2
1677445686.046468258 101.000000000 0.221723378 2
1677445686.087206364 114.000000000 0.166953921 2
1677445686.127943993 130.000000000 0.198222101 2
1677445686.168682337 163.000000000 0.341540337 2
1677445686.209420204 181.000000000 177.872543335 2
1677445686.250220299 215.000000000 177.886581421 2
1677445686.290999889 201.000000000 177.742340088 2
1677445686.331782341 198.000000000 0.078125000 2
1677445686.372572660 215.000000000 0.149307251 2
1677445686.413359165 205.000000000 0.130187988 2
1677445686.454137564 206.000000000 0.055648804 2
1677445686.494911909 197.000000000 0.094146729 2
1677445686.535684347 198.000000000 0.025634766 2
1677445686.576453686 202.000000000 176.945831299 2
1677445686.617224216 206.000000000 0.041766524 2
1677445686.657994270 200.000000000 0.016969562 2
1677445686.698760509 201.000000000 0.071289897 2
1677445686.739524603 207.000000000 0.120741367 2
1677445686.780286312 198.000000000 0.074078918 2
1677445686.821046352 196.000000000 178.020294189 2
1677445686.861805916 211.000000000 0.065765381 2
1677445686.902564764 228.000000000 0.065444946 2
1677445686.943322182 205.000000000 0.014358521 2
1677445686.984078407 203.000000000 0.071823120 2
1677445687.024832964 214.000000000 0.073074341 2
1677445687.065577030 190.000000000 0.067108154 2
1677445687.106315613 187.000000000 0.155197144 2
1677445687.147047520 191.000000000 178.285202026 2
1677445687.187785864 170.000000000 178.272430420 2
1677445687.228510141 164.000000000 0.067718506 2
1677445687.269248009 179.000000000 0.123321533 2
1677445687.309986115 173.000000000 0.081985474 2
1677445687.350723982 178.000000000 0.086196899 2
1677445687.391462088 194.000000000 0.014831543 2
1677445687.432199955 178.000000000 0.027526855 2
1677445687.472938061 181.000000000 0.065017700 2
1677445687.513676167 173.000000000 178.575668335 2
1677445687.554414034 167.000000000 0.027127862 2
1677445687.595152140 173.000000000 178.583862305 2
1677445687.635890245 171.000000000 0.002059937 2
1677445687.676647902 161.000000000 0.050949097 2
1677445687.717392921 165.000000000 178.404174805 2
1677445687.758146763 162.000000000 0.051486552 2
1677445687.798883677 159.000000000 0.036100209 2
1677445687.839627028 153.000000000 0.053111970 2
1677445687.880361080 144.000000000 0.049057722 2
1677445687.921118975 138.000000000 0.077022374 2
1677445687.961856365 129.000000000 0.036890864 2
1677445688.002607107 142.000000000 0.019898117 2
1677445688.043341875 141.000000000 0.019544601 2
1677445688.084041357 138.000000000 0.021147192 2
1677445688.124754429 134.000000000 0.004349530 2
1677445688.165487289 131.000000000 0.041807711 2
1677445688.206226110 132.000000000 0.015021563 2
1677445688.246977091 131.000000000 0.058130562 2
1677445688.287721157 142.000000000 0.035091817 2
1677445688.328455687 141.000000000 0.005734801 2
1677445688.369199038 140.000000000 0.014807403 2
1677445688.409940004 126.000000000 178.508850098 2
1677445688.450687885 143.000000000 178.459869385 2
1677445688.491425276 133.000000000 0.045574248 2
1677445688.532163382 139.000000000 0.020805240 2
1677445688.572901487 137.000000000 0.021342099 2
1677445688.613639832 137.000000000 0.016072035 2
1677445688.654377460 127.000000000 0.020856440 2
1677445688.695115566 139.000000000 0.038074851 2
1677445688.735853672 133.000000000 0.004516840 2
1677445688.776591539 141.000000000 0.004079580 2
1677445688.817345619 138.000000000 0.010085344 2
1677445688.858095407 147.000000000 0.042418838 2
1677445688.898840666 137.000000000 0.015227377 2
1677445688.939581394 151.000000000 0.015038669 2
1677445688.980324030 141.000000000 0.033799291 2
1677445689.021066189 141.000000000 0.049711883 2
1677445689.061807871 126.000000000 0.016038895 2
1677445689.102552891 137.000000000 0.006694078 2
1677445689.143300772 140.000000000 178.391693115 2
1677445689.184046745 139.000000000 0.002670288 2
1677445689.224793196 141.000000000 178.402023315 2
1677445689.265538692 159.000000000 178.414382935 2
1677445689.306282520 152.000000000 0.023971558 2
1677445689.347026825 123.000000000 0.012207031 2
1677445689.387770891 102.000000000 0.041519165 2
1677445689.428516388 108.000000000 178.426132202 2
1677445689.469260931 116.000000000 0.017114162 2
1677445689.510006905 138.000000000 0.047673702 2
1677445689.550751686 136.000000000 0.021376193 2
1677445689.591494799 141.000000000 0.082290888 2
1677445689.632237434 148.000000000 0.020114601 2
1677445689.672980070 137.000000000 178.416809082 2
1677445689.713721991 165.000000000 178.431289673 2
1677445689.754464149 163.000000000 178.366531372 2
1677445689.795206785 150.000000000 0.033889771 2
1677445689.835948467 156.000000000 0.034500122 2
1677445689.876690626 158.000000000 0.037551880 2
1677445689.917431355 151.000000000 0.025421143 2
1677445689.958173037 152.000000000 0.051345825 2
1677445689.998914003 155.000000000 0.052017212 2
1677445690.039654255 155.000000000 0.054107666 2
1677445690.080394506 164.000000000 0.006423950 2
1677445690.121133327 168.000000000 0.031295776 2
1677445690.161872149 167.000000000 0.075210571 2
1677445690.202610254 151.000000000 178.897521973 2
1677445690.243348122 126.000000000 0.034123302 2
1677445690.284086466 111.000000000 0.045048356 2
1677445690.324823141 120.000000000 178.523452759 2
1677445690.365563154 128.000000000 0.050155640 2
1677445690.406300545 132.000000000 0.097534180 2
1677445690.447038412 146.000000000 0.027008057 2
1677445690.487776041 157.000000000 0.077270508 2
1677445690.528514385 158.000000000 0.033798218 2
1677445690.569252491 188.000000000 0.005950928 2
1677445690.609990597 194.000000000 0.001708984 2
1677445690.650728226 188.000000000 0.011856079 2
1677445690.691466093 181.000000000 0.025192261 2
1677445690.732204676 181.000000000 0.024047852 2
1677445690.772942066 180.000000000 0.028259277 2
1677445690.813680410 171.000000000 0.080001831 2
1677445690.854418516 175.000000000 0.015502930 2
1677445690.895156622 176.000000000 0.004684448 2
1677445690.935894728 180.000000000 0.048751831 2
1677445690.976632357 192.000000000 0.073898315 2
1677445691.017370462 176.000000000 0.049362183 2
1677445691.058108568 176.000000000 0.022430420 2
1677445691.098846674 174.000000000 0.055694580 2
1677445691.139584541 163.000000000 0.011291504 2
1677445691.180322170 150.000000000 0.032806396 2
1677445691.221060514 154.000000000 0.047027588 2
1677445691.261798859 149.000000000 0.024597168 2
1677445691.302536249 161.000000000 0.057189941 2
1677445691.343274593 169.000000000 0.015747070 2
1677445691.384012699 163.000000000 0.012664795 2
1677445691.424750328 158.000000000 0.017364502 2
1677445691.465488434 167.000000000 0.020172119 2
1677445691.506226301 166.000000000 0.057128906 2
1677445691.546964645 160.000000000 0.017761230 2
1677445691.587702990 156.000000000 0.040863037 2
1677445691.628440380 160.000000000 0.014633179 2
1677445691.669178486 177.000000000 0.005081177 2
1677445691.709916592 180.000000000 0.000106812 2
1677445691.750654459 206.000000000 0.045532227 2
1677445691.791392565 197.000000000 0.015121460 2
1677445691.832130432 190.000000000 0.001953125 2
1677445691.872868776 187.000000000 0.016998291 2
1677445691.913606405 170.000000000 0.019531250 2
1677445691.954344511 179.000000000 0.052368164 2
1677445691.995082617 170.000000000 0.067398071 2
1677445692.035820484 155.000000000 0.095901489 2
1677445692.076558352 134.000000000 0.051010132 2
1677445692.117296457 142.000000000 178.680374146 2
1677445692.158034801 145.000000000 0.078089654 2
1677445692.198772669 139.000000000 0.094675958 2
1677445692.239510536 123.000000000 0.067007422 2
1677445692.280248642 117.000000000 178.618469238 2
1677445692.320986509 116.000000000 0.089065552 2
1677445692.361724854 132.000000000 178.470184326 2
1677445692.402462482 114.000000000 0.029317677 2
1677445692.443200350 116.000000000 0.071050644 2
1677445692.483938456 98.000000000 0.025956094 2
1677445692.524676800 110.000000000 0.073518574 2
1677445692.565414429 100.000000000 0.009093642 2
1677445692.606152534 109.000000000 0.040503323 2
1677445692.646890640 117.000000000 0.032917798 2
1677445692.687628746 106.000000000 178.329299927 2
1677445692.728366613 115.000000000 178.365219116 2
1677445692.769104481 119.000000000 178.456298828 2
1677445692.809842587 131.000000000 0.080444336 2
1677445692.850580215 116.000000000 178.341323853 2
1677445692.891318321 119.000000000 178.335205078 2
1677445692.932056665 112.000000000 0.009521484 2
1677445692.972794294 131.000000000 0.050125122 2
1677445693.013532639 119.000000000 0.082901001 2
1677445693.054270506 111.000000000 0.130325317 2
1677445693.095008612 114.000000000 178.228256226 2
1677445693.135746002 104.000000000 0.042761028 2
1677445693.176484823 105.000000000 0.036753356 2
1677445693.217222452 101.000000000 0.004313588 2
1677445693.257960558 109.000000000 0.000823319 2
1677445693.298698425 110.000000000 0.028372526 2
1677445693.339436293 101.000000000 0.150042117 2
1677445693.380174637 101.000000000 0.007713497 2
1677445693.420912504 109.000000000 0.024537921 2
1677445693.461650610 117.000000000 0.030887306 2
1677445693.502388477 122.000000000 0.065139055 2
1677445693.543126345 109.000000000 0.052023113 2
1677445693.583864689 115.000000000 0.050624847 2
1677445693.624602556 113.000000000 178.721405029 2
1677445693.665340185 113.000000000 178.493057251 2
1677445693.706078529 114.000000000 0.025938630 2
1677445693.746816397 112.000000000 178.275360107 2
1677445693.787554741 114.000000000 0.058685303 2
1677445693.828292370 124.000000000 0.050033569 2
1677445693.869030476 115.000000000 0.022933960 2
1677445693.909768343 124.000000000 0.069015503 2
1677445693.950506687 133.000000000 0.038696289 2
1677445693.991244555 132.000000000 0.006530762 2
1677445694.031982660 120.000000000 0.000228882 2
1677445694.072720528 121.000000000 0.040100098 2
1677445694.113457203 129.000000000 0.102340698 2
1677445694.154195309 126.000000000 0.061126709 2
1677445694.194933653 119.000000000 0.036911011 2
1677445694.235671759 129.000000000 0.034774780 2
1677445694.276409626 133.000000000 0.052490234 2
1677445694.317147493 130.000000000 0.035720825 2
1677445694.357885599 124.000000000 0.143508911 2
1677445694.398623705 132.000000000 0.017837524 2
1677445694.439361572 128.000000000 0.030929565 2
1677445694.480099678 140.000000000 0.027984619 2
1677445694.520837545 134.000000000 0.037429810 2
1677445694.561576366 136.000000000 0.039474487 2
1677445694.602313519 137.000000000 0.032455444 2
1677445694.643051624 132.000000000 0.001358032 2
1677445694.683789730 138.000000000 0.014022827 2
1677445694.724526644 137.000000000 0.004302979 2
1677445694.765264511 145.000000000 0.017761230 2
1677445694.806002378 135.000000000 0.024642944 2
1677445694.846740484 136.000000000 0.031204224 2
1677445694.887478590 138.000000000 0.011734009 2
1677445694.928216457 136.000000000 0.019119263 2
1677445694.968954563 128.000000000 0.026306152 2
1677445695.009692669 139.000000000 0.030120850 2
1677445695.050430536 147.000000000 0.021896362 2
1677445695.091168642 136.000000000 0.007141113 2
1677445695.131906748 140.000000000 0.031524658 2
1677445695.172644615 135.000000000 0.002014160 2
1677445695.213382483 139.000000000 0.013824463 2
1677445695.254120588 137.000000000 0.000122070 2
1677445695.294858694 142.000000000 0.002639771 2
1677445695.335596561 134.000000000 0.003494263 2
1677445695.376334667 144.000000000 0.004440308 2
1677445695.417072535 149.000000000 0.013397217 2
1677445695.457810640 144.000000000 0.002120972 2
1677445695.498548508 142.000000000 0.026489258 2
1677445695.539286613 147.000000000 0.020706177 2
1677445695.580024481 147.000000000 0.001602173 2
1677445695.620762587 141.000000000 0.009140015 2
1677445695.661500454 142.000000000 0.006927490 2
1677445695.702238560 145.000000000 0.026260376 2
1677445695.742976427 127.000000000 0.046432495 2
1677445695.783714294 147.000000000 0.021850586 2
1677445695.824452400 140.000000000 0.047485352 2
1677445695.865190506 131.000000000 0.072845459 2
1677445695.905928612 133.000000000 0.000503540 2
1677445695.946666718 126.000000000 0.028900146 2
1677445695.987404346 133.000000000 0.011993408 2
1677445696.028142691 127.000000000 0.009201050 2
1677445696.068880558 135.000000000 0.033111572 2
1677445696.109618425 138.000000000 0.071594238 2
1677445696.150356531 143.000000000 0.080718994 2
1677445696.191094637 124.000000000 0.105880737 2
1677445696.231832743 136.000000000 0.136749268 2
1677445696.272569418 113.000000000 0.024887085 2
1677445696.313307524 124.000000000 0.104370117 2
1677445696.354045630 111.000000000 0.048141479 2
1677445696.394783497 104.000000000 0.024185181 2
1677445696.435521364 117.000000000 0.035125732 2
1677445696.476259470 106.000000000 0.028915405 2
1677445696.516997814 119.000000000 0.002548218 2
1677445696.557735443 122.000000000 0.076217651 2
1677445696.598473549 123.000000000 0.000656128 2
1677445696.639211416 113.000000000 0.036758423 2
1677445696.679949760 124.000000000 0.069854736 2
1677445696.720687389 124.000000000 0.133010864 2
1677445696.761425495 133.000000000 0.121612549 2
1677445696.802163601 152.000000000 0.073089600 2
1677445696.842901468 131.000000000 0.070007324 2
1677445696.883639574 142.000000000 0.020248413 2
1677445696.924377441 128.000000000 0.089767456 2
1677445696.965115547 135.000000000 0.000625610 2
1677445697.005853653 128.000000000 0.042816162 2
1677445697.046591520 122.000000000 0.020416260 2
1677445697.087329388 115.000000000 0.039154053 2
1677445697.128067493 118.000000000 0.006683350 2
1677445697.168805122 117.000000000 0.025756836 2
1677445697.209542513 113.000000000 0.048126221 2
1677445697.250280380 127.000000000 0.016891479 2
1677445697.291018486 138.000000000 0.011672974 2
1677445697.331756592 134.000000000 0.002670288 2
1677445697.372494221 132.000000000 0.022201538 2
1677445697.413232327 141.000000000 0.001647949 2
1677445697.453970432 142.000000000 0.007629395 2
1677445697.494708538 146.000000000 0.000808716 2
1677445697.535446644 138.000000000 0.030868530 2
1677445697.576184511 138.000000000 0.051773071 2
1677445697.616922379 137.000000000 0.025894165 2
1677445697.657660484 138.000000000 0.060394287 2
1677445697.698398590 150.000000000 0.030670166 2
1677445697.739136457 134.000000000 0.070861816 2
1677445697.779874325 141.000000000 0.005462646 2
1677445697.820612669 145.000000000 0.095626831 2
1677445697.861349106 142.000000000 0.058410645 2
1677445697.902087688 154.000000000 0.087677002 2
1677445697.942825317 151.000000000 0.059799194 2
1677445697.983563662 152.000000000 0.116027832 2
1677445698.024301529 142.000000000 0.290740967 2
1677445698.065039396 138.000000000 0.443893433 2
1677445698.105777264 125.000000000 0.300384521 2
1677445698.146515608 121.000000000 0.317321777 2
1677445698.187253714 113.000000000 0.408172607 2
1677445698.227991104 103.000000000 0.414993286 2
1677445698.268729448 109.000000000 0.473770142 2
1677445698.309467554 98.000000000 0.351943970 2
1677445698.350205183 105.000000000 0.449798584 2
1677445698.390942574 110.000000000 0.360549927 2
1677445698.431680441 103.000000000 0.303756714 2
1677445698.472418308 96.000000000 0.132843018 2
1677445698.513156414 87.000000000 0.185806274 2
1677445698.553894758 114.000000000 0.120742798 2
1677445698.594632387 108.000000000 0.093231201 2
1677445698.635370493 109.000000000 0.055435181 2
1677445698.676108360 95.000000000 0.076660156 2
1677445698.716846228 103.000000000 0.031524658 2
1677445698.757584572 108.000000000 0.015686035 2
1677445698.798322439 126.000000000 0.141082764 2
1677445698.839060545 125.000000000 0.139251709 2
1677445698.879798412 133.000000000 0.005249023 2
1677445698.920536757 126.000000000 0.019180298 2
1677445698.961273432 135.000000000 0.034469604 2
1677445699.002011538 126.000000000 0.016860962 2
1677445699.042749643 133.000000000 0.145080566 2
1677445699.083487511 123.000000000 0.039733887 2
1677445699.124225378 131.000000000 0.060226440 2
1677445699.164963245 127.000000000 0.150131226 2
1677445699.205701113 124.000000000 0.237274170 2
1677445699.246440649 134.000000000 0.162185669 2
1677445699.287178278 154.000000000 0.185409546 2
1677445699.327916384 145.000000000 0.226745605 2
1677445699.368654490 151.000000000 0.351226807 2
1677445699.409392595 131.000000000 0.345489502 2
1677445699.450130463 141.000000000 0.393051147 2
1677445699.490868568 147.000000000 0.399459839 2
1677445699.531606674 145.000000000 0.384994507 2
1677445699.572344542 149.000000000 0.199783325 2
1677445699.613082409 152.000000000 0.355239868 2
1677445699.653820515 153.000000000 0.296188354 2
1677445699.694558620 161.000000000 0.166458130 2
1677445699.735296726 156.000000000 0.110443115 2
1677445699.776034355 161.000000000 0.040786743 2
1677445699.816772699 155.000000000 0.003448486 2
1677445699.857510567 153.000000000 0.007431030 2
1677445699.898248196 145.000000000 0.081359863 2
1677445699.938986540 155.000000000 0.045608521 2
1677445699.979724407 158.000000000 0.032852173 2
1677445700.020461559 155.000000000 0.019927979 2
1677445700.061199427 150.000000000 0.015579224 2
1677445700.101937532 160.000000000 0.000106812 2
1677445700.142675638 157.000000000 0.063674927 2
1677445700.183413506 155.000000000 0.016006470 2
1677445700.224151611 172.000000000 0.091583252 2
1677445700.264889479 155.000000000 0.020904541 2
1677445700.305627346 167.000000000 0.051254272 2
1677445700.346365452 181.000000000 0.069442749 2
1677445700.387103558 164.000000000 0.047805786 2
1677445700.427841663 180.000000000 0.006896973 2
1677445700.468579531 176.000000000 0.005706787 2
1677445700.509317398 174.000000000 0.047683716 2
1677445700.550055265 173.000000000 0.006378174 2
1677445700.590793371 163.000000000 0.040069580 2
1677445700.631531715 180.000000000 0.049301147 2
1677445700.672269344 150.000000000 0.253662109 2
1677445700.713006258 160.000000000 0.034866333 2
1677445700.753744602 168.000000000 0.126724243 2
1677445700.794482470 175.000000000 0.083557129 2
1677445700.835220575 184.000000000 0.009368896 2
1677445700.875958681 188.000000000 0.015289307 2
1677445700.916696310 182.000000000 0.018356323 2
1677445700.957434177 180.000000000 0.011352539 2
1677445700.998172045 174.000000000 0.005844116 2
1677445701.038910389 183.000000000 0.096893311 2
1677445701.079648256 174.000000000 0.095214844 2
1677445701.120386600 178.000000000 0.095886230 2
1677445701.161124229 182.000000000 0.000045776 2
1677445701.201862574 178.000000000 0.027709961 2
1677445701.242600441 176.000000000 0.014297485 2
1677445701.283337355 181.000000000 0.028533936 2
1677445701.324075699 166.000000000 0.013183594 2
1677445701.364813328 174.000000000 0.007186890 2
1677445701.405551195 149.000000000 0.001541138 2
1677445701.446289539 125.000000000 0.012451172 2
1677445701.487027407 108.000000000 177.319000244 2
1677445701.527765512 104.000000000 0.056320310 2
1677445701.568503141 98.000000000 177.430847168 2
1677445701.609241247 100.000000000 0.015823364 2
1677445701.649979591 104.000000000 0.120285034 2
1677445701.690717459 98.000000000 0.021453857 2
1677445701.731454372 101.000000000 0.092254639 2
1677445701.772192478 94.000000000 0.001998901 2
1677445701.812930346 92.000000000 0.053512573 2
1677445701.853668213 82.000000000 0.085647583 2
1677445701.894406319 86.000000000 0.093841553 2
1677445701.935144663 91.000000000 0.067428589 2
1677445701.975882292 99.000000000 0.000030518 2
1677445702.016620398 87.000000000 0.037338257 2
1677445702.057358503 87.000000000 0.086837769 2
1677445702.098096132 80.000000000 0.010116577 2
1677445702.138834476 88.000000000 0.064376831 2
1677445702.179572344 79.000000000 0.059600830 2
1677445702.220310450 77.000000000 0.016067505 2
1677445702.261048317 63.000000000 0.138427734 2
1677445702.301785231 63.000000000 0.003173828 2
1677445702.342523813 71.000000000 0.053283691 2
1677445702.383261442 62.000000000 0.022476196 2
1677445702.423999310 78.000000000 0.003051758 2
1677445702.464737415 77.000000000 0.006118774 2
1677445702.505475521 74.000000000 0.055908203 2
1677445702.546213627 79.000000000 0.026428223 2
1677445702.586951494 68.000000000 0.033508301 2
1677445702.627689362 89.000000000 0.018783569 2
1677445702.668427706 72.000000000 0.016616821 2
1677445702.709165335 91.000000000 0.027709961 2
1677445702.749903202 88.000000000 0.021301270 2
1677445702.790640593 77.000000000 0.007385254 2
1677445702.831378460 89.000000000 0.044586182 2
1677445702.872116566 91.000000000 0.050643921 2
1677445702.912854671 92.000000000 0.067642212 2
1677445702.953592539 91.000000000 0.009643555 2
1677445702.994330406 87.000000000 0.095230103 2
1677445703.035068512 83.000000000 0.074661255 2
1677445703.075806379 88.000000000 0.010787964 2
1677445703.116544247 75.000000000 0.073150635 2
1677445703.157282352 95.000000000 0.060089111 2
1677445703.198020458 89.000000000 0.015777588 2
1677445703.238758564 77.000000000 0.012466431 2
1677445703.279496193 99.000000000 0.018829346 2
1677445703.320233583 98.000000000 0.016189575 2
1677445703.360971451 102.000000000 0.040100098 2
1677445703.401709557 112.000000000 0.063980103 2
1677445703.442447424 121.000000000 0.037597656 2
1677445703.483185530 124.000000000 0.021820068 2
1677445703.523923397 137.000000000 0.013763428 2
1677445703.564661503 130.000000000 0.057495117 2
1677445703.605399370 124.000000000 0.018981934 2
1677445703.646137476 124.000000000 0.011642456 2
1677445703.686875582 137.000000000 0.041259766 2
1677445703.727613449 129.000000000 0.031219482 2
1677445703.768351078 135.000000000 0.002029419 2
1677445703.809089422 118.000000000 0.014495850 2
1677445703.849827528 107.000000000 0.027542114 2
1677445703.890565157 109.000000000 0.037155151 2
1677445703.931303263 109.000000000 0.095046997 2
1677445703.972041368 109.000000000 0.129135132 2
1677445704.012779474 111.000000000 0.162918091 2
1677445704.053516626 114.000000000 0.223007202 2
1677445704.094254732 117.000000000 0.194015503 2
1677445704.134992599 120.000000000 0.208084106 2
1677445704.175730467 131.000000000 0.181442261 2
1677445704.216468573 130.000000000 359.905273438 2
1677445704.257206440 133.000000000 0.057281494 2
1677445704.297944307 134.000000000 0.065261841 2
1677445704.338682413 138.000000000 0.217254639 2
1677445704.379420519 133.000000000 0.226333618 2
1677445704.420158625 150.000000000 0.132537842 2
1677445704.460896730 140.000000000 0.035476685 2
1677445704.501634359 136.000000000 0.057846069 2
1677445704.542372465 142.000000000 0.109390259 2
1677445704.583110571 141.000000000 0.138107300 2
1677445704.623848200 108.000000000 0.015441895 2
1677445704.664585590 98.000000000 0.020324707 2
1677445704.705323696 101.000000000 0.075637817 2
1677445704.746061563 105.000000000 0.000976562 2
1677445704.786799669 123.000000000 0.023849487 2
1677445704.827537537 109.000000000 0.045639038 2
1677445704.868275642 107.000000000 0.033843994 2
1677445704.909013510 104.000000000 0.058731079 2
1677445704.949751377 115.000000000 0.006942749 2
1677445704.990489244 117.000000000 0.132186890 2
1677445705.031227350 112.000000000 0.112503052 2
1677445705.071965456 97.000000000 0.168716431 2
1677445705.112703085 108.000000000 0.131668091 2
1677445705.153441429 117.000000000 0.239440918 2
1677445705.194179535 124.000000000 0.187438965 2
1677445705.234916687 111.000000000 0.248397827 2
1677445705.275654554 112.000000000 0.267089844 2
1677445705.316392660 112.000000000 0.278900146 2
1677445705.357130527 98.000000000 0.193786621 2
1677445705.397868633 102.000000000 0.219619751 2
1677445705.438606739 97.000000000 0.077987671 2
1677445705.479344606 103.000000000 0.220581055 2
1677445705.520082474 111.000000000 0.043045044 2
1677445705.560820580 129.000000000 0.280792236 2
1677445705.601558685 127.000000000 0.143997192 2
1677445705.642296791 108.000000000 0.251525879 2
1677445705.683034182 110.000000000 0.248031616 2
1677445705.723772526 102.000000000 0.147583008 2
1677445705.764510632 116.000000000 0.050659180 2
1677445705.805248499 118.000000000 0.048950195 2
1677445705.845985413 109.000000000 0.085525513 2
1677445705.886723518 139.000000000 0.007873535 2
1677445705.927461624 130.000000000 0.013839722 2
1677445705.968199492 133.000000000 0.003326416 2
1677445706.008937359 121.000000000 0.030471802 2
1677445706.049675703 120.000000000 0.004272461 2
1677445706.090413570 126.000000000 0.008316040 2
1677445706.131151676 123.000000000 0.070434570 2
1677445706.171889544 122.000000000 0.045791626 2
1677445706.212627411 94.000000000 0.037750244 2
1677445706.253365278 110.000000000 0.066528320 2
1677445706.294103384 124.000000000 0.036026001 2
1677445706.334841490 124.000000000 0.012573242 2
1677445706.375579357 112.000000000 0.035308838 2
1677445706.416317225 126.000000000 0.015197754 2
1677445706.457054615 131.000000000 0.010635376 2
1677445706.497792721 115.000000000 0.060882568 2
1677445706.538530350 108.000000000 0.072769165 2
1677445706.579268694 99.000000000 0.022323608 2
1677445706.620006561 106.000000000 0.060714722 2
1677445706.660744667 104.000000000 0.105224609 2
1677445706.701482296 123.000000000 0.053085327 2
1677445706.742220402 127.000000000 0.002319336 2
1677445706.782958746 119.000000000 0.030166626 2
1677445706.823696375 121.000000000 0.064834595 2
1677445706.864434481 115.000000000 0.010742188 2
1677445706.905172586 137.000000000 0.021408081 2
1677445706.945910454 119.000000000 0.081130981 2
1677445706.986648321 121.000000000 0.042938232 2
1677445707.027386427 113.000000000 0.174621582 2
1677445707.068124533 125.000000000 0.037002563 2
1677445707.108861446 124.000000000 0.064498901 2
1677445707.149599314 119.000000000 0.096603394 2
1677445707.190337181 115.000000000 0.028228760 2
1677445707.231075764 121.000000000 0.022979736 2
1677445707.271813393 119.000000000 0.029785156 2
1677445707.312551498 111.000000000 0.061386108 2
1677445707.353289604 122.000000000 0.019866943 2
1677445707.394027472 121.000000000 0.074554443 2
1677445707.434765339 114.000000000 0.162170410 2
1677445707.475503683 118.000000000 0.063323975 2
1677445707.516241550 109.000000000 0.206161499 2
1677445707.556979656 106.000000000 0.055770874 2
1677445707.597717285 112.000000000 0.059600830 2
1677445707.638455391 114.000000000 0.077758789 2
1677445707.679193497 92.000000000 0.029907227 2
1677445707.719931602 94.000000000 0.151657104 2
1677445707.760668516 102.000000000 0.059173584 2
1677445707.801406622 92.000000000 0.043533325 2
1677445707.842144251 101.000000000 0.048110962 2
1677445707.882882118 103.000000000 0.031555176 2
1677445707.923620462 104.000000000 0.024642944 2
1677445707.964358330 97.000000000 0.132293701 2
1677445708.005096436 104.000000000 0.003707886 2
1677445708.045834303 100.000000000 0.078033447 2
1677445708.086572647 104.000000000 0.125793457 2
1677445708.127310753 98.000000000 0.005279541 2
1677445708.168048382 110.000000000 0.107452393 2
1677445708.208786488 106.000000000 0.036727905 2
1677445708.249524593 108.000000000 0.126174927 2
1677445708.290262461 107.000000000 0.110137939 2
1677445708.331000566 109.000000000 0.049713135 2
1677445708.371738434 99.000000000 0.014129639 2
1677445708.412476540 105.000000000 0.037445068 2
1677445708.453213215 98.000000000 0.009887695 2
1677445708.493951321 106.000000000 0.007873535 2
1677445708.534689426 107.000000000 0.058303833 2
1677445708.575427532 95.000000000 0.019226074 2
1677445708.616165400 83.000000000 0.045318604 2
1677445708.656903505 95.000000000 0.058227539 2
1677445708.697641611 85.000000000 0.015274048 2
1677445708.738379478 92.000000000 0.053939819 2
1677445708.779117584 94.000000000 0.049285889 2
1677445708.819855213 99.000000000 0.000198364 2
1677445708.860593557 103.000000000 0.000976562 2
1677445708.901330948 95.000000000 0.006088257 2
1677445708.942069530 107.000000000 0.047821045 2
1677445708.982807636 103.000000000 0.082656860 2
1677445709.023545742 105.000000000 0.078033447 2
1677445709.064283609 110.000000000 0.063003540 2
1677445709.105020523 105.000000000 0.004669189 2
1677445709.145758629 123.000000000 0.076049805 2
1677445709.186496258 101.000000000 0.054168701 2
1677445709.227234364 120.000000000 0.078002930 2
1677445709.267972231 103.000000000 0.006759644 2
1677445709.308711052 109.000000000 0.040313721 2
1677445709.349448204 111.000000000 0.131347656 2
1677445709.390186310 98.000000000 0.060806274 2
1677445709.430924416 114.000000000 0.022293091 2
1677445709.471662521 98.000000000 0.011932373 2
1677445709.512400389 120.000000000 0.054763794 2
1677445709.553138494 112.000000000 0.174713135 2
1677445709.593876600 103.000000000 0.032409668 2
1677445709.634614468 116.000000000 0.022521973 2
1677445709.675352097 105.000000000 0.072143555 2
1677445709.716090679 94.000000000 0.022247314 2
1677445709.756828308 103.000000000 0.094512939 2
1677445709.797565460 105.000000000 0.115676880 2
1677445709.838303328 104.000000000 0.005920410 2
1677445709.879041672 103.000000000 0.034210205 2
1677445709.919779539 93.000000000 0.018890381 2
1677445709.960517645 115.000000000 0.022903442 2
1677445710.001255274 106.000000000 0.133346558 2
1677445710.041993618 91.000000000 0.057983398 2
1677445710.082731485 103.000000000 0.012374878 2
1677445710.123469591 103.000000000 0.011642456 2
1677445710.164207458 87.000000000 171.545166016 2
1677445710.204945326 76.000000000 0.017285824 2
1677445710.245683670 81.000000000 0.076822281 2
1677445710.286421299 90.000000000 0.027173519 2
1677445710.327158451 83.000000000 0.002747059 2
1677445710.367896795 84.000000000 0.038859367 2
1677445710.408634424 85.000000000 0.020660877 2
1677445710.449372292 88.000000000 0.000177860 2
1677445710.490110636 83.000000000 0.068268299 2
1677445710.530848265 84.000000000 0.041591167 2
1677445710.571586370 89.000000000 0.011362076 2
1677445710.612324238 89.000000000 0.077708244 2
1677445710.653062582 97.000000000 0.010187149 2
1677445710.693799257 92.000000000 0.040617943 2
1677445710.734537363 84.000000000 0.068712711 2
1677445710.775275946 88.000000000 0.024348736 2
1677445710.816013575 86.000000000 0.024690628 2
1677445710.856751442 87.000000000 0.087425232 2
1677445710.897489309 82.000000000 0.099830627 2
1677445710.938227654 74.000000000 0.067426682 2
1677445710.978965282 84.000000000 0.051241398 2
1677445711.019703388 72.000000000 0.010117054 2
1677445711.060441494 80.000000000 0.102701664 2
1677445711.101178169 86.000000000 0.004185200 2
1677445711.141916513 86.000000000 0.071869850 2
1677445711.182654381 77.000000000 0.080537319 2
1677445711.223392248 91.000000000 0.038797855 2
1677445711.264130116 94.000000000 0.012140274 2
1677445711.304868698 94.000000000 0.043099403 2
1677445711.345606565 97.000000000 0.004424095 2
1677445711.386344671 86.000000000 171.654067993 2
1677445711.427081347 93.000000000 0.011947632 2
1677445711.467819691 95.000000000 0.046051025 2
1677445711.508557081 90.000000000 0.048583984 2
1677445711.549295425 94.000000000 171.655349731 2
1677445711.590033770 90.000000000 0.078775406 2
1677445711.630771637 85.000000000 0.003533840 2
1677445711.671509504 85.000000000 0.029323101 2
1677445711.712247133 87.000000000 0.012507439 2
1677445711.752984524 85.000000000 0.058627129 2
1677445711.793722630 87.000000000 0.019306660 2
1677445711.834460497 87.000000000 0.033843517 2
1677445711.875198603 96.000000000 0.040935516 2
1677445711.915936708 97.000000000 0.005380630 2
1677445711.956674337 101.000000000 0.028284073 2
1677445711.997412682 99.000000000 0.038687706 2
1677445712.038150549 103.000000000 0.009581566 2
1677445712.078888178 113.000000000 171.584197998 2
1677445712.119625330 102.000000000 0.002426147 2
1677445712.160363674 109.000000000 0.015396118 2
1677445712.201101303 97.000000000 0.036849976 2
1677445712.241839409 112.000000000 0.029815674 2
1677445712.282577515 115.000000000 0.013198853 2
1677445712.323315620 113.000000000 0.052734375 2
1677445712.364053726 116.000000000 0.049636841 2
1677445712.404791355 107.000000000 0.037078857 2
1677445712.445529461 109.000000000 0.054550171 2
1677445712.486267567 114.000000000 0.016906738 2
1677445712.527005434 108.000000000 0.035400391 2
1677445712.567743540 97.000000000 171.645431519 2
1677445712.608481407 93.000000000 0.011062145 2
1677445712.649219751 101.000000000 0.094666004 2
1677445712.689957142 97.000000000 171.978790283 2
1677445712.730695248 101.000000000 0.195816040 2
1677445712.771433592 107.000000000 0.018463135 2
1677445712.812171459 103.000000000 171.670333862 2
1677445712.852909327 102.000000000 171.625152588 2
1677445712.893647432 97.000000000 0.071395874 2
1677445712.934384346 121.000000000 0.075881958 2
1677445712.975121975 126.000000000 0.180160522 2
1677445713.015860319 127.000000000 0.000885010 2
1677445713.056598663 120.000000000 0.120132446 2
1677445713.097336531 115.000000000 171.715118408 2
1677445713.138074398 124.000000000 171.710968018 2
1677445713.178812504 119.000000000 0.027526855 2
1677445713.219550610 120.000000000 0.039260864 2
1677445713.260288715 124.000000000 171.689849854 2
1677445713.301026344 116.000000000 171.639114380 2
1677445713.341764212 117.000000000 171.623962402 2
1677445713.382502556 132.000000000 0.036865711 2
1677445713.423239946 117.000000000 0.039866447 2
1677445713.463978052 121.000000000 171.616073608 2
1677445713.504716635 130.000000000 171.584747314 2
1677445713.545454502 133.000000000 0.042545319 2
1677445713.586192369 124.000000000 171.541534424 2
1677445713.626930475 133.000000000 171.566970825 2
1677445713.667668581 120.000000000 171.527923584 2
1677445713.708406687 128.000000000 0.014114380 2
1677445713.749144793 127.000000000 0.001831055 2
1677445713.789881468 119.000000000 0.023086548 2
1677445713.830619335 121.000000000 171.495574951 2
1677445713.871357203 118.000000000 0.041661263 2
1677445713.912095308 128.000000000 0.002389908 2
1677445713.952833414 121.000000000 0.030288219 2
1677445713.993571758 124.000000000 171.454238892 2
1677445714.034308910 124.000000000 0.004119873 2
1677445714.075047493 136.000000000 0.013626099 2
1677445714.115785599 132.000000000 0.033782959 2
1677445714.156523705 124.000000000 0.022506714 2
1677445714.197261333 131.000000000 0.024505615 2
1677445714.237999201 130.000000000 0.007659912 2
1677445714.278737307 133.000000000 0.013519287 2
1677445714.319475412 134.000000000 0.005401611 2
1677445714.360213518 128.000000000 0.003234863 2
1677445714.400951624 130.000000000 0.045059204 2
1677445714.441689253 127.000000000 0.001663208 2
1677445714.482426882 127.000000000 0.007537842 2
1677445714.523165464 129.000000000 0.012054443 2
1677445714.563903570 132.000000000 0.001693726 2
1677445714.604641438 126.000000000 0.003616333 2
1677445714.645379782 124.000000000 0.008529663 2
1677445714.686117649 118.000000000 0.021011353 2
1677445714.726855516 125.000000000 0.030776978 2
1677445714.767593384 128.000000000 0.013824463 2
1677445714.808330297 122.000000000 0.014495850 2
1677445714.849068642 127.000000000 0.042877197 2
1677445714.889806509 126.000000000 0.052062988 2
1677445714.930544376 123.000000000 0.006744385 2
1677445714.971282482 127.000000000 0.025955200 2
1677445715.012020350 125.000000000 0.006225586 2
1677445715.052758455 132.000000000 0.003219604 2
1677445715.093496084 136.000000000 0.007156372 2
1677445715.134234667 128.000000000 0.005371094 2
1677445715.174972296 125.000000000 0.011001587 2
1677445715.215710640 129.000000000 0.015060425 2
1677445715.256448507 133.000000000 0.030517578 2
1677445715.297186375 127.000000000 0.013702393 2
1677445715.337924480 126.000000000 0.009628296 2
1677445715.378662348 126.000000000 0.011550903 2
1677445715.419400454 128.000000000 0.021499634 2
1677445715.460138321 124.000000000 0.014938354 2
1677445715.500876665 123.000000000 0.001266479 2
1677445715.541614532 123.000000000 0.008117676 2
1677445715.582352161 125.000000000 0.001663208 2
1677445715.623090506 127.000000000 0.022613525 2
1677445715.663828611 127.000000000 0.004867554 2
1677445715.704566717 131.000000000 0.016693115 2
1677445715.745304346 121.000000000 0.001724243 2
1677445715.786042452 119.000000000 0.007995605 2
1677445715.826780319 124.000000000 0.011489868 2
1677445715.867517948 122.000000000 0.009674072 2
1677445715.908256292 132.000000000 0.014892578 2
1677445715.948994398 132.000000000 0.006530762 2
1677445715.989732265 129.000000000 0.014755249 2
1677445716.030470610 127.000000000 0.024475098 2
1677445716.071208239 123.000000000 0.018203735 2
1677445716.111946106 127.000000000 0.008789062 2
1677445716.152684450 130.000000000 0.004394531 2
1677445716.193422556 126.000000000 0.012130737 2
1677445716.234159470 124.000000000 0.001312256 2
1677445716.274897814 129.000000000 0.007949829 2
1677445716.315635443 132.000000000 0.029937744 2
1677445716.356373549 127.000000000 0.004455566 2
1677445716.397111654 127.000000000 0.018737793 2
1677445716.437849522 130.000000000 0.025634766 2
1677445716.478587866 126.000000000 0.034286499 2
1677445716.519325495 126.000000000 0.007385254 2
1677445716.560063601 131.000000000 0.012237549 2
1677445716.600801706 131.000000000 0.017730713 2
1677445716.641539574 128.000000000 0.001846313 2
1677445716.682277441 128.000000000 0.005264282 2
1677445716.723015547 129.000000000 0.010986328 2
1677445716.763753653 130.000000000 0.036499023 2
1677445716.804490566 125.000000000 0.031951904 2
1677445716.845229626 128.000000000 0.006454468 2
1677445716.885967731 129.000000000 0.001403809 2
1677445716.926705599 122.000000000 0.015594482 2
1677445716.967443466 122.000000000 0.027633667 2
1677445717.008181572 127.000000000 0.013305664 2
1677445717.048919439 127.000000000 0.002288818 2
1677445717.089657784 130.000000000 0.011016846 2
1677445717.130395651 123.000000000 0.025695801 2
1677445717.171133518 128.000000000 0.013137817 2
1677445717.211871624 129.000000000 0.006271362 2
1677445717.252609015 127.000000000 0.001312256 2
1677445717.293347597 126.000000000 0.009185791 2
1677445717.334085226 119.000000000 0.032562256 2
1677445717.374823570 128.000000000 0.017028809 2
1677445717.415561676 124.000000000 0.006820679 2
1677445717.456298351 128.000000000 0.000106812 2
1677445717.497036457 127.000000000 0.009231567 2
1677445717.537774324 126.000000000 0.002731323 2
1677445717.578512430 126.000000000 0.000396729 2
1677445717.619250536 128.000000000 0.007431030 2
1677445717.659988403 121.000000000 0.015380859 2
1677445717.700726271 123.000000000 0.006210327 2
1677445717.741464615 127.000000000 0.005676270 2
1677445717.782202721 123.000000000 0.004669189 2
1677445717.822940588 121.000000000 0.009246826 2
1677445717.863678455 128.000000000 0.008850098 2
1677445717.904416323 137.000000000 0.022232056 2
1677445717.945154428 127.000000000 0.006317139 2
1677445717.985892296 127.000000000 0.010421753 2
1677445718.026630402 130.000000000 0.002395630 2
1677445718.067368269 130.000000000 0.000213623 2
1677445718.108106613 126.000000000 0.003707886 2
1677445718.148844481 126.000000000 0.001129150 2
1677445718.189581394 128.000000000 0.012634277 2
1677445718.230319500 124.000000000 0.022064209 2
1677445718.271057606 128.000000000 0.001922607 2
1677445718.311795473 125.000000000 0.013977051 2
1677445718.352533340 127.000000000 0.006011963 2
1677445718.393271685 126.000000000 0.010528564 2
1677445718.434009552 128.000000000 0.004486084 2
1677445718.474747658 126.000000000 0.003601074 2
1677445718.515485764 128.000000000 0.004837036 2
1677445718.556223392 126.000000000 0.001037598 2
1677445718.596961498 131.000000000 0.000183105 2
1677445718.637699127 125.000000000 0.008911133 2
1677445718.678437233 126.000000000 0.014419556 2
1677445718.719175577 128.000000000 0.044113159 2
1677445718.759913206 131.000000000 0.002639771 2
1677445718.800651550 123.000000000 0.014755249 2
1677445718.841389179 118.000000000 0.023056030 2
1677445718.882127762 123.000000000 0.008422852 2
1677445718.922865629 126.000000000 0.032119751 2
1677445718.963603258 128.000000000 0.012069702 2
1677445719.004341602 128.000000000 0.025588989 2
1677445719.045078516 119.000000000 0.007751465 2
1677445719.085816145 124.000000000 0.008743286 2
1677445719.126554489 125.000000000 0.002853394 2
1677445719.167292595 120.000000000 0.008422852 2
1677445719.208030224 130.000000000 0.004989624 2
1677445719.248768568 124.000000000 0.007186890 2
1677445719.289506674 125.000000000 0.040634155 2
1677445719.330244303 124.000000000 0.029693604 2
1677445719.370982409 125.000000000 0.028167725 2
1677445719.411720276 122.000000000 0.017868042 2
1677445719.452458620 128.000000000 0.018173218 2
1677445719.493196487 125.000000000 0.024612427 2
1677445719.533934355 122.000000000 0.026000977 2
1677445719.574671507 122.000000000 0.012619019 2
1677445719.615409374 120.000000000 0.002990723 2
1677445719.656147242 120.000000000 0.045501709 2
1677445719.696885586 123.000000000 0.002502441 2
1677445719.737623453 120.000000000 0.011703491 2
1677445719.778361559 125.000000000 0.011260986 2
1677445719.819099665 125.000000000 0.014633179 2
1677445719.859837532 126.000000000 0.003494263 2
1677445719.900575399 124.000000000 0.020843506 2
1677445719.941313267 123.000000000 0.024871826 2
1677445719.982051134 123.000000000 0.009140015 2
1677445720.022789240 124.000000000 0.004425049 2
1677445720.063527584 129.000000000 0.008331299 2
1677445720.104265690 124.000000000 0.013229370 2
1677445720.145002365 120.000000000 0.021896362 2
1677445720.185740471 128.000000000 0.008224487 2
1677445720.226478338 132.000000000 0.020401001 2
1677445720.267216444 130.000000000 171.442382812 2
1677445720.307954311 132.000000000 0.022810936 2
1677445720.348692417 131.000000000 0.022783756 2
1677445720.389430285 136.000000000 171.358276367 2
1677445720.430168629 133.000000000 171.363800049 2
1677445720.470906734 132.000000000 171.380889893 2
1677445720.511644602 118.000000000 171.406478882 2
1677445720.552382469 108.000000000 0.083127022 2
1677445720.593120575 117.000000000 0.029860020 2
1677445720.633857727 109.000000000 0.021902084 2
1677445720.674595356 118.000000000 0.161233902 2
1677445720.715333462 89.000000000 0.169315815 2
1677445720.756071329 94.000000000 0.040665150 2
1677445720.796809673 74.000000000 0.149179459 2
1677445720.837547541 68.000000000 0.007424831 2
1677445720.878285408 78.000000000 0.060848713 2
1677445720.919023275 64.000000000 0.062984943 2
1677445720.959761858 62.000000000 171.465667725 2
1677445721.000499249 76.000000000 0.002471924 2
1677445721.041237354 73.000000000 171.528930664 2
1677445721.081975460 56.000000000 0.034172535 2
1677445721.122713804 63.000000000 0.007182598 2
1677445721.163450003 57.000000000 0.007214546 2
1677445721.204188585 53.000000000 0.035610199 2
1677445721.244925976 58.000000000 0.002120018 2
1677445721.285664558 55.000000000 0.025549889 2
1677445721.326402426 52.000000000 0.067753792 2
1677445721.367140532 64.000000000 0.035513401 2
1677445721.407878399 61.000000000 0.103705883 2
1677445721.448616505 64.000000000 0.018233299 2
1677445721.489354372 66.000000000 0.021478653 2
1677445721.530092239 64.000000000 0.099049568 2
1677445721.570830345 63.000000000 0.024830818 2
1677445721.611568451 55.000000000 0.066349983 2
1677445721.652306557 59.000000000 0.057188034 2
1677445721.693044662 53.000000000 0.006963253 2
1677445721.733782291 49.000000000 0.028975487 2
1677445721.774520397 52.000000000 0.009221077 2
1677445721.815258741 53.000000000 0.005208969 2
1677445721.855995417 60.000000000 0.052856922 2
1677445721.896733522 61.000000000 0.093142986 2
1677445721.937471628 59.000000000 0.006442070 2
1677445721.978209734 69.000000000 0.018476486 2
1677445722.018947601 64.000000000 0.026773453 2
1677445722.059685469 50.000000000 0.048396111 2
1677445722.100423574 58.000000000 0.021919250 2
1677445722.141161203 57.000000000 0.017089844 2
1677445722.181899309 70.000000000 0.006350994 2
1677445722.222637653 65.000000000 0.039265633 2
1677445722.263375521 65.000000000 0.043324471 2
1677445722.304113626 54.000000000 0.033617496 2
1677445722.344851494 63.000000000 0.025972366 2
1677445722.385589361 64.000000000 0.044766426 2
1677445722.426327705 62.000000000 0.071235657 2
1677445722.467065811 63.000000000 0.059250832 2
1677445722.507803440 60.000000000 0.012294769 2
1677445722.548540592 52.000000000 0.003325462 2
1677445722.589278460 67.000000000 0.032338619 2
1677445722.630016565 54.000000000 0.034958839 2
1677445722.670754433 60.000000000 0.045019150 2
1677445722.711492777 65.000000000 0.120058537 2
1677445722.752230406 58.000000000 0.034148693 2
1677445722.792968512 62.000000000 0.082627773 2
1677445722.833706617 59.000000000 0.104164124 2
1677445722.874444723 62.000000000 0.203377724 2
1677445722.915182114 58.000000000 0.145775557 2
1677445722.955920458 57.000000000 0.319353342 2
1677445722.996658564 51.000000000 0.403578758 2
1677445723.037396431 59.000000000 0.409812450 2
1677445723.078133583 55.000000000 0.479661226 2
1677445723.118871689 55.000000000 0.341407299 2
1677445723.159609556 54.000000000 0.475892067 2
1677445723.200347424 52.000000000 0.440014303 2
1677445723.241085529 45.000000000 0.398362994 2
1677445723.281823397 50.000000000 0.463439524 2
1677445723.322561502 50.000000000 0.424557030 2
1677445723.363299608 46.000000000 0.484150290 2
1677445723.404037476 52.000000000 0.466045678 2
1677445723.444775581 46.000000000 0.348084688 2
1677445723.485512972 35.000000000 0.427856088 2
1677445723.526251316 64.000000000 0.379238605 2
1677445723.566989660 64.000000000 0.297115564 2
1677445723.607726097 58.000000000 0.293566704 2
1677445723.648464680 52.000000000 0.118251801 2
1677445723.689202547 63.000000000 0.141813755 2
1677445723.729940653 48.000000000 0.102901459 2
1677445723.770678520 51.000000000 0.084131718 2
1677445723.811416149 59.000000000 0.005879879 2
1677445723.852154255 63.000000000 0.066261768 2
1677445723.892892361 65.000000000 0.006204844 2
1677445723.933630228 51.000000000 0.020843267 2
1677445723.974368095 65.000000000 0.028617144 2
1677445724.015105963 77.000000000 0.099172115 2
1677445724.055844784 83.000000000 0.010716438 2
1677445724.096581697 79.000000000 0.031491518 2
1677445724.137320757 68.000000000 0.019822121 2
1677445724.178058386 69.000000000 0.063974857 2
1677445724.218796253 95.000000000 0.031105757 2
1677445724.259534359 91.000000000 0.033364296 2
1677445724.300272465 81.000000000 0.005516052 2
1677445724.341010571 80.000000000 0.050973415 2
1677445724.381748676 95.000000000 0.036576033 2
1677445724.422486544 96.000000000 0.068065405 2
1677445724.463224173 108.000000000 0.000570297 2
1677445724.503962517 111.000000000 0.030395269 2
1677445724.544700623 103.000000000 0.035738945 2
1677445724.585438251 105.000000000 0.035028219 2
1677445724.626176357 108.000000000 0.052460194 2
1677445724.666914463 102.000000000 0.007969856 2
1677445724.707652569 97.000000000 0.046061993 2
1677445724.748389244 102.000000000 0.067470551 2
1677445724.789127588 108.000000000 0.017394066 2
1677445724.829865694 115.000000000 0.016216516 2
1677445724.870603323 119.000000000 0.039140224 2
1677445724.911341429 121.000000000 0.007554531 2
1677445724.952079773 119.000000000 0.006710529 2
1677445724.992817163 99.000000000 0.051121235 2
1677445725.033555269 91.000000000 0.009244919 2
1677445725.074293137 109.000000000 0.002860069 2
1677445725.115031719 84.000000000 0.077345133 2
1677445725.155768871 104.000000000 0.021699429 2
1677445725.196507454 104.000000000 0.074277878 2
1677445725.237245560 102.000000000 0.050515413 2
1677445725.277983665 103.000000000 0.027793646 2
1677445725.318721533 98.000000000 0.028070927 2
1677445725.359458685 105.000000000 0.006978512 2
1677445725.400196791 108.000000000 0.002824783 2
1677445725.440934420 99.000000000 0.055793762 2
1677445725.481672287 104.000000000 0.018398285 2
1677445725.522410631 91.000000000 0.020249128 2
1677445725.563148022 108.000000000 0.029786825 2
1677445725.603886366 105.000000000 0.067695379 2
1677445725.644624472 96.000000000 0.041999102 2
1677445725.685362577 97.000000000 0.007715225 2
1677445725.726100445 84.000000000 0.024708509 2
1677445725.766838074 94.000000000 0.034829617 2
1677445725.807576418 87.000000000 0.025121927 2
1677445725.848314285 87.000000000 0.037474394 2
1677445725.889051914 99.000000000 0.110789776 2
1677445725.929789305 98.000000000 0.009298086 2
1677445725.970527172 83.000000000 0.052812815 2
1677445726.011265278 99.000000000 0.083592892 2
1677445726.052003622 92.000000000 0.044056416 2
1677445726.092741489 79.000000000 0.096781015 2
1677445726.133479357 84.000000000 0.032957315 2
1677445726.174217224 89.000000000 0.002886772 2
1677445726.214955568 102.000000000 0.084877968 2
1677445726.255693674 93.000000000 0.038796663 2
1677445726.296431541 82.000000000 0.063209534 2
1677445726.337169886 102.000000000 0.028348684 2
1677445726.377907515 113.000000000 0.041471004 2
1677445726.418645382 104.000000000 0.020344496 2
1677445726.459383249 89.000000000 0.046405077 2
1677445726.500121355 85.000000000 0.006505489 2
1677445726.540859699 95.000000000 0.057554960 2
1677445726.581597567 99.000000000 0.051892042 2
1677445726.622335672 95.000000000 0.059460402 2
1677445726.663073540 79.000000000 0.008847952 2
1677445726.703810692 96.000000000 0.070622444 2
1677445726.744548798 87.000000000 0.026227474 2
1677445726.785286427 93.000000000 0.024839163 2
1677445726.826024294 92.000000000 0.044747114 2
1677445726.866762638 87.000000000 0.014981508 2
1677445726.907500744 98.000000000 0.092934132 2
1677445726.948238611 91.000000000 0.055975676 2
1677445726.988976717 87.000000000 0.073890448 2
1677445727.029714346 81.000000000 0.064025640 2
1677445727.070452213 79.000000000 0.017837048 2
1677445727.111190557 82.000000000 0.052423000 2
1677445727.151928663 95.000000000 0.082358837 2
1677445727.192666531 76.000000000 0.046516180 2
1677445727.233404636 91.000000000 0.077534199 2
1677445727.274142265 84.000000000 0.021755934 2
1677445727.314880371 92.000000000 0.067259073 2
1677445727.355617046 89.000000000 0.016212940 2
1677445727.396355391 87.000000000 0.000010490 2
1677445727.437093735 91.000000000 0.071714878 2
1677445727.477831602 90.000000000 0.051255465 2
1677445727.518569469 85.000000000 0.001745224 2
1677445727.559307575 89.000000000 0.027643681 2
1677445727.600045681 94.000000000 0.065068483 2
1677445727.640783548 79.000000000 0.081753492 2
1677445727.681520939 95.000000000 0.039046049 2
1677445727.722259521 79.000000000 0.005460024 2
1677445727.762997627 80.000000000 0.122724533 2
1677445727.803735495 85.000000000 0.010047197 2
1677445727.844473362 75.000000000 0.017579794 2
1677445727.885210276 83.000000000 0.080914259 2
1677445727.925948858 87.000000000 0.007517099 2
1677445727.966686487 87.000000000 0.011041641 2
1677445728.007424593 93.000000000 0.057168007 2
1677445728.048162222 78.000000000 0.058276176 2
1677445728.088900566 82.000000000 0.046918154 2
1677445728.129638433 70.000000000 0.041508913 2
1677445728.170376539 74.000000000 0.097461224 2
1677445728.211114645 70.000000000 0.068463326 2
1677445728.251852274 72.000000000 0.013056755 2
1677445728.292590618 72.000000000 0.035379648 2
1677445728.333328247 66.000000000 0.025975227 2
1677445728.374066353 75.000000000 0.001694202 2
1677445728.414804697 75.000000000 0.050084829 2
1677445728.455542564 77.000000000 0.005403519 2
1677445728.496280432 82.000000000 0.021322489 2
1677445728.537017345 71.000000000 0.129147768 2
1677445728.577755451 55.000000000 0.062084913 2
1677445728.618493557 70.000000000 0.035805941 2
1677445728.659231424 67.000000000 0.090633869 2
1677445728.699969292 77.000000000 172.749481201 2
1677445728.740707397 70.000000000 172.787429810 2
1677445728.781445503 68.000000000 0.007828474 2
1677445728.822183609 89.000000000 0.013339758 2
1677445728.862921476 80.000000000 0.125760078 2
1677445728.903659344 77.000000000 0.089862347 2
1677445728.944397688 82.000000000 0.099220991 2
1677445728.985135794 58.000000000 0.047795534 2
1677445729.025873423 67.000000000 0.109693289 2
1677445729.066611528 60.000000000 0.005003214 2
1677445729.107349396 62.000000000 172.766098022 2
1677445729.148087502 57.000000000 172.747451782 2
1677445729.188825130 65.000000000 0.073510408 2
1677445729.229563236 64.000000000 0.030627251 2
1677445729.270300150 55.000000000 0.007154942 2
1677445729.311038494 52.000000000 0.091601849 2
1677445729.351776361 44.000000000 172.895141602 2
1677445729.392514706 39.000000000 0.075775146 2
1677445729.433252811 40.000000000 0.013336182 2
1677445729.473990440 35.000000000 0.017272949 2
1677445729.514728546 39.000000000 0.011962891 2
1677445729.555466413 62.000000000 0.051284790 2
1677445729.596204281 60.000000000 0.018646240 2
1677445729.636942387 57.000000000 0.007659912 2
1677445729.677679539 49.000000000 0.008544922 2
1677445729.718417168 66.000000000 0.064239502 2
1677445729.759155273 70.000000000 0.003570557 2
1677445729.799893618 56.000000000 0.042312622 2
1677445729.840631723 59.000000000 0.036727905 2
1677445729.881369114 54.000000000 0.008758545 2
1677445729.922107697 57.000000000 0.007141113 2
1677445729.962845564 65.000000000 0.125350952 2
1677445730.003583670 54.000000000 0.066101074 2
1677445730.044321537 50.000000000 0.009094238 2
1677445730.085059404 44.000000000 0.070907593 2
1677445730.125797510 63.000000000 0.078552246 2
1677445730.166534424 69.000000000 0.020156860 2
1677445730.207272530 67.000000000 0.027359009 2
1677445730.248010635 66.000000000 0.069259644 2
1677445730.288748741 45.000000000 0.085418701 2
1677445730.329486609 63.000000000 0.072204590 2
1677445730.370224237 59.000000000 0.076248169 2
1677445730.410962582 60.000000000 0.095947266 2
1677445730.451700211 64.000000000 0.224639893 2
1677445730.492437363 64.000000000 0.035156250 2
1677445730.533175707 59.000000000 0.029449463 2
1677445730.573913336 75.000000000 0.044128418 2
1677445730.614651680 77.000000000 0.096572876 2
1677445730.655389547 79.000000000 0.007171631 2
1677445730.696127415 68.000000000 0.013641357 2
1677445730.736865282 65.000000000 0.098709106 2
1677445730.777603388 81.000000000 0.047134399 2
1677445730.818341732 82.000000000 0.058547974 2
1677445730.859078646 68.000000000 0.120513916 2
1677445730.899816513 72.000000000 0.057479858 2
1677445730.940554619 67.000000000 0.108703613 2
1677445730.981292725 87.000000000 0.047317505 2
1677445731.022030354 83.000000000 0.049514771 2
1677445731.062768459 79.000000000 0.033874512 2
1677445731.103506565 85.000000000 0.062988281 2
1677445731.144244671 83.000000000 0.085968018 2
1677445731.184982538 59.000000000 0.002273560 2
1677445731.225719452 66.000000000 0.052520752 2
1677445731.266457796 69.000000000 0.007965088 2
1677445731.307195187 68.000000000 0.092864990 2
1677445731.347933531 62.000000000 0.110336304 2
1677445731.388671637 72.000000000 0.028320312 2
1677445731.429409742 80.000000000 0.101089478 2
1677445731.470147371 64.000000000 0.053024292 2
1677445731.510885477 66.000000000 0.020751953 2
1677445731.551623583 60.000000000 0.078231812 2
1677445731.592361689 60.000000000 0.031356812 2
1677445731.633098602 88.000000000 0.022201538 2
1677445731.673836708 89.000000000 0.042785645 2
1677445731.714574099 86.000000000 0.148910522 2
1677445731.755312681 77.000000000 0.098541260 2
1677445731.796050549 70.000000000 0.058319092 2
1677445731.836788654 72.000000000 0.007339478 2
1677445731.877526283 81.000000000 0.025024414 2
1677445731.918264389 75.000000000 0.154800415 2
1677445731.959002495 82.000000000 0.043975830 2
1677445731.999739408 79.000000000 0.062301636 2
1677445732.040477276 69.000000000 0.041519165 2
1677445732.081215382 78.000000000 0.028594971 2
1677445732.121953726 83.000000000 0.028594971 2
1677445732.162691116 80.000000000 0.043655396 2
1677445732.203429222 85.000000000 0.006027222 2
1677445732.244167089 86.000000000 0.080017090 2
1677445732.284905672 72.000000000 0.104217529 2
1677445732.325643539 67.000000000 0.102111816 2
1677445732.366381645 67.000000000 0.041854858 2
1677445732.407118559 73.000000000 0.099792480 2
1677445732.447856426 79.000000000 0.038162231 2
1677445732.488594532 87.000000000 0.096221924 2
1677445732.529332638 71.000000000 0.100601196 2
1677445732.570070267 88.000000000 0.084564209 2
1677445732.610808372 84.000000000 0.025161743 2
1677445732.651546478 78.000000000 0.000656128 2
1677445732.692284346 82.000000000 0.060256958 2
1677445732.733022451 76.000000000 0.161682129 2
1677445732.773760319 84.000000000 0.057495117 2
1677445732.814497471 76.000000000 0.031417847 2
1677445732.855235338 96.000000000 0.081741333 2
1677445732.895973444 78.000000000 0.001296997 2
1677445732.936711073 87.000000000 0.045028687 2
1677445732.977449179 75.000000000 0.015502930 2
1677445733.018187523 78.000000000 0.021774292 2
1677445733.058925390 83.000000000 0.058853149 2
1677445733.099663496 82.000000000 0.003463745 2
1677445733.140401602 96.000000000 0.048873901 2
1677445733.181138515 79.000000000 0.039306641 2
1677445733.221876621 82.000000000 0.099716187 2
1677445733.262614727 96.000000000 0.071304321 2
1677445733.303352356 88.000000000 0.079467773 2
1677445733.344090700 96.000000000 0.115859985 2
1677445733.384828568 85.000000000 0.015090942 2
1677445733.425566673 94.000000000 0.007263184 2
1677445733.466304541 72.000000000 172.819427490 2
1677445733.507042646 64.000000000 0.110653400 2
1677445733.547778606 68.000000000 0.011348724 2
1677445733.588517666 56.000000000 0.097893953 2
1677445733.629255295 71.000000000 172.812057495 2
1677445733.669993162 64.000000000 0.023406982 2
1677445733.710731030 69.000000000 0.045471191 2
1677445733.751469135 68.000000000 172.678085327 2
1677445733.792207479 59.000000000 0.004010201 2
1677445733.832945824 53.000000000 0.150404692 2
1677445733.873683214 55.000000000 0.115001202 2
1677445733.914421558 72.000000000 172.616165161 2
1677445733.955158710 75.000000000 0.137603760 2
1677445733.995896578 74.000000000 0.042648315 2
1677445734.036634445 73.000000000 0.047210693 2
1677445734.077372551 67.000000000 172.856369019 2
1677445734.118110657 81.000000000 0.032130718 2
1677445734.158848524 66.000000000 0.009125233 2
1677445734.199586630 69.000000000 0.053986073 2
1677445734.240324497 64.000000000 0.009593248 2
1677445734.281062365 73.000000000 0.283535004 2
1677445734.321800470 77.000000000 0.009479761 2
1677445734.362537384 74.000000000 0.061121702 2
1677445734.403275251 71.000000000 0.097224951 2
1677445734.444013596 85.000000000 0.044173479 2
1677445734.484751701 89.000000000 0.023551702 2
1677445734.525489569 72.000000000 0.011424303 2
1677445734.566227674 73.000000000 0.039136410 2
1677445734.606965542 77.000000000 0.012393713 2
1677445734.647703409 76.000000000 0.149194717 2
1677445734.688441753 91.000000000 0.005125523 2
1677445734.729179144 97.000000000 172.840133667 2
1677445734.769916534 82.000000000 0.019454956 2
1677445734.810654402 91.000000000 172.677856445 2
1677445734.851392269 86.000000000 0.057361841 2
1677445734.892130613 87.000000000 172.627700806 2
1677445734.932868719 98.000000000 172.643508911 2
1677445734.973606586 90.000000000 172.621520996 2
1677445735.014344215 96.000000000 172.747711182 2
1677445735.055082321 90.000000000 172.857070923 2
1677445735.095820189 87.000000000 0.022918701 2
1677445735.136558771 90.000000000 0.058868408 2
1677445735.177296400 94.000000000 0.012115479 2
1677445735.218033552 88.000000000 172.900924683 2
1677445735.258771420 95.000000000 0.039050102 2
1677445735.299509764 84.000000000 0.020935774 2
1677445735.340247393 92.000000000 0.011979342 2
1677445735.380985498 91.000000000 172.927978516 2
1677445735.421723843 81.000000000 0.129760742 2
1677445735.462461472 87.000000000 172.692245483 2
1677445735.503199100 93.000000000 0.088735580 2
1677445735.543937683 81.000000000 173.001937866 2
1677445735.584675789 102.000000000 0.013473511 2
1677445735.625413418 97.000000000 172.993347168 2
1677445735.666150570 92.000000000 0.006873131 2
1677445735.706888437 90.000000000 0.007617474 2
1677445735.747626543 95.000000000 0.000256300 2
1677445735.788364649 90.000000000 0.015507221 2
1677445735.829102516 105.000000000 0.011140585 2
1677445735.869840384 103.000000000 0.070397139 2
1677445735.910578489 100.000000000 0.014242172 2
1677445735.951316595 99.000000000 0.046504974 2
1677445735.992054701 92.000000000 0.037388086 2
1677445736.032792568 95.000000000 0.004796743 2
1677445736.073530674 93.000000000 0.061920404 2
1677445736.114268541 90.000000000 0.071397305 2
1677445736.155005455 91.000000000 0.021036863 2
1677445736.195743561 91.000000000 0.001199245 2
1677445736.236481190 88.000000000 0.038359165 2
1677445736.277219534 92.000000000 0.029741049 2
1677445736.317957401 86.000000000 0.006843328 2
1677445736.358695507 93.000000000 0.042381287 2
1677445736.399433613 85.000000000 0.012145996 2
1677445736.440171003 86.000000000 0.063554525 2
1677445736.480909586 95.000000000 0.034395695 2
1677445736.521647453 88.000000000 0.013625145 2
1677445736.562385559 92.000000000 0.049987316 2
1677445736.603123665 99.000000000 0.066771030 2
1677445736.643860579 96.000000000 0.021133423 2
1677445736.684598207 89.000000000 0.032511950 2
1677445736.725336790 108.000000000 0.012271404 2
1677445736.766074181 110.000000000 0.001147509 2
1677445736.806812286 110.000000000 0.011675596 2
1677445736.847550631 101.000000000 0.038265467 2
1677445736.888288498 106.000000000 0.012125015 2
1677445736.929025650 103.000000000 0.020515442 2
1677445736.969763517 110.000000000 0.062525749 2
1677445737.010501385 105.000000000 0.009863138 2
1677445737.051239491 103.000000000 0.009358883 2
1677445737.091977596 116.000000000 0.012771368 2
1677445737.132715702 111.000000000 0.009963989 2
1677445737.173453569 102.000000000 0.003769636 2
1677445737.214191437 100.000000000 0.012914896 2
1677445737.254929543 106.000000000 0.014892340 2
1677445737.295667648 110.000000000 0.013017416 2
1677445737.336404562 111.000000000 0.016058207 2
1677445737.377141237 110.000000000 0.002475977 2
1677445737.417880774 102.000000000 0.006892443 2
1677445737.458618402 113.000000000 0.007907867 2
1677445737.499356508 105.000000000 0.011420012 2
1677445737.540094614 98.000000000 0.008792162 2
1677445737.580832720 110.000000000 0.009170771 2
1677445737.621570349 106.000000000 0.012403011 2
1677445737.662308455 120.000000000 0.005040169 2
1677445737.703045368 113.000000000 0.013383389 2
1677445737.743783474 113.000000000 0.007896662 2
1677445737.784521580 112.000000000 0.009952545 2
1677445737.825259447 112.000000000 0.007320166 2
1677445737.865997314 118.000000000 0.017469883 2
1677445737.906735420 114.000000000 0.002025604 2
1677445737.947473526 124.000000000 0.004431486 2
1677445737.988211393 117.000000000 0.005665541 2
1677445738.028949499 109.000000000 0.013156891 2
1677445738.069687605 115.000000000 0.031602383 2
1677445738.110425472 99.000000000 0.009122133 2
1677445738.151162386 111.000000000 0.016701937 2
1677445738.191900492 98.000000000 0.020210505 2
1677445738.232638359 107.000000000 0.008220911 2
1677445738.273376703 113.000000000 0.011957884 2
1677445738.314114571 102.000000000 0.005129814 2
1677445738.354852200 117.000000000 0.031718016 2
1677445738.395590544 111.000000000 0.031351328 2
1677445738.436328411 114.000000000 0.029105425 2
1677445738.477065563 101.000000000 0.012962341 2
1677445738.517803669 113.000000000 0.002620459 2
1677445738.558541775 124.000000000 0.030633450 2
1677445738.599279165 112.000000000 0.019817829 2
1677445738.640017509 114.000000000 0.033386469 2
1677445738.680755377 110.000000000 0.026728868 2
1677445738.721493721 104.000000000 0.069560051 2
1677445738.762231112 97.000000000 0.074934006 2
1677445738.802969217 93.000000000 0.055065632 2
1677445738.843707323 97.000000000 0.045541048 2
1677445738.884444475 88.000000000 0.047644615 2
1677445738.925182343 87.000000000 0.035975456 2
1677445738.965920210 85.000000000 0.059463501 2
1677445739.006658554 87.000000000 0.076168776 2
1677445739.047396183 98.000000000 0.056598186 2
1677445739.088134289 68.000000000 0.051319599 2
1677445739.128872633 92.000000000 0.044777155 2
1677445739.169610500 72.000000000 0.015878439 2
1677445739.210348606 80.000000000 0.032658815 2
1677445739.251085043 80.000000000 0.024416924 2
1677445739.291823149 86.000000000 0.053508043 2
1677445739.332561493 83.000000000 0.067351580 2
1677445739.373299837 85.000000000 0.002658844 2
1677445739.414037704 80.000000000 172.847549438 2
1677445739.454775572 86.000000000 0.060760498 2
1677445739.495513439 97.000000000 0.050537109 2
1677445739.536251545 74.000000000 172.740554810 2
1677445739.576989174 84.000000000 0.043970585 2
1677445739.617726564 78.000000000 0.000046492 2
1677445739.658464670 88.000000000 0.002438307 2
1677445739.699202061 91.000000000 0.039043427 2
1677445739.739940643 74.000000000 0.124790430 2
1677445739.780678272 82.000000000 172.583908081 2
1677445739.821416616 83.000000000 0.011306763 2
1677445739.862154245 79.000000000 0.034606934 2
1677445739.902892113 80.000000000 0.007614136 2
1677445739.943629503 91.000000000 0.083114624 2
1677445739.984367371 84.000000000 0.090255737 2
1677445740.025105476 68.000000000 0.160995483 2
1677445740.065843344 77.000000000 172.608718872 2
1677445740.106581688 78.000000000 0.003058910 2
1677445740.147319317 76.000000000 172.700744629 2
1677445740.188057661 68.000000000 0.003555298 2
1677445740.228795528 66.000000000 0.104721069 2
1677445740.269533634 81.000000000 0.072860718 2
1677445740.310270309 79.000000000 0.051742554 2
1677445740.351008654 83.000000000 0.039169312 2
1677445740.391746521 75.000000000 0.009567261 2
1677445740.432484388 77.000000000 172.797531128 2
1677445740.473222256 59.000000000 172.817810059 2
1677445740.513960600 78.000000000 0.156738281 2
1677445740.554697990 75.000000000 0.136764526 2
1677445740.595435381 72.000000000 0.011917114 2
1677445740.636173487 67.000000000 0.030410767 2
1677445740.676911354 73.000000000 0.064300537 2
1677445740.717649221 70.000000000 0.052124023 2
1677445740.758387566 67.000000000 0.001586914 2
1677445740.799125671 55.000000000 0.013565063 2
1677445740.839863539 61.000000000 0.007614136 2
1677445740.880601645 56.000000000 0.073532104 2
1677445740.921338558 65.000000000 0.067459106 2
1677445740.962076187 61.000000000 0.063735962 2
1677445741.002814531 52.000000000 0.004425049 2
1677445741.043552637 57.000000000 0.109970093 2
1677445741.084290504 66.000000000 0.186264038 2
1677445741.125028372 63.000000000 0.182327271 2
1677445741.165766478 55.000000000 0.340072632 2
1677445741.206504583 60.000000000 0.546508789 2
1677445741.247241497 58.000000000 169.568405151 2
1677445741.287979603 49.000000000 168.925399780 2
1677445741.328717709 59.000000000 0.479263306 2
1677445741.369455814 53.000000000 0.509277344 2
1677445741.410193443 45.000000000 0.374969482 2
1677445741.450931549 43.000000000 165.555801392 2
1677445741.491669416 43.000000000 0.719527245 2
1677445741.532407761 46.000000000 0.538523674 2
1677445741.573144197 43.000000000 0.316261292 2
1677445741.613882542 40.000000000 0.324032784 2
1677445741.654620409 35.000000000 0.414105415 2
1677445741.695358276 43.000000000 1.067669868 2
1677445741.736096621 46.000000000 0.319741249 2
1677445741.776834488 45.000000000 0.360951424 2
1677445741.817572117 49.000000000 0.410114288 2
1677445741.858310223 47.000000000 0.466600418 2
1677445741.899047613 44.000000000 0.504755974 2
1677445741.939785480 56.000000000 0.668540955 2
1677445741.980523348 38.000000000 0.410200119 2
1677445742.021261454 36.000000000 0.554191589 2
1677445742.061999559 37.000000000 0.449722290 2
1677445742.102737188 37.000000000 0.411079407 2
1677445742.143475533 29.000000000 0.574154854 3
1677445742.184213638 0.000000000 15.872873306 3
