2449.726973552 244.000000000 177.352554321 2
2449.776968592 106.000000000 0.135742188 2
2449.826963792 130.000000000 0.100631714 2
2449.876958992 120.000000000 0.057342529 2
2449.926954192 116.000000000 0.116043091 2
2449.976949232 118.000000000 0.132949829 2
2450.026944432 111.000000000 0.114593506 2
2450.076939632 104.000000000 0.183074951 2
2450.126934832 115.000000000 0.129211426 2
2450.176929872 142.000000000 0.189483643 2
2450.226925072 152.000000000 0.105010986 2
2450.276920272 142.000000000 0.136886597 2
2450.326915472 165.000000000 0.170715332 2
2450.376910512 155.000000000 0.192123413 2
2450.426905712 172.000000000 0.077789307 2
2450.476900912 179.000000000 0.174026489 2
2450.526896112 181.000000000 0.064163208 2
2450.576891152 184.000000000 0.246170044 2
2450.626886352 217.000000000 0.141799927 2
2450.676881552 197.000000000 0.114761353 2
2450.726876752 200.000000000 0.127029419 2
2450.776871792 199.000000000 0.106155396 2
2450.826866992 225.000000000 0.153549194 2
2450.876862192 214.000000000 0.056793213 2
2450.926857392 242.000000000 0.162841797 2
2450.976852432 244.000000000 0.163314819 2
2451.026847632 233.000000000 0.073379517 2
2451.076842832 267.000000000 0.177246094 2
2451.126838032 254.000000000 0.148712158 2
2451.176833072 264.000000000 0.229965210 2
2451.226828272 250.000000000 0.116683960 2
2451.276823472 272.000000000 0.164459229 2
2451.326818672 282.000000000 0.181838989 2
2451.376813712 274.000000000 0.115829468 2
2451.426808912 297.000000000 0.162109375 2
2451.476804112 290.000000000 0.096923828 2
2451.526799312 281.000000000 0.156387329 2
2451.576794352 310.000000000 0.205688477 2
2451.626789552 299.000000000 0.210418701 2
2451.676784752 321.000000000 0.107757568 2
2451.726779952 327.000000000 0.231124878 2
2451.776774992 325.000000000 0.010879517 2
2451.826770192 300.000000000 0.222259521 2
2451.876765392 331.000000000 0.211563110 2
2451.926760432 323.000000000 0.290695190 2
2451.976755632 348.000000000 0.158859253 2
2452.026750832 296.000000000 0.122802734 2
2452.076746032 330.000000000 0.162429810 2
2452.126741072 331.000000000 0.176544189 2
2452.176736272 316.000000000 0.053573608 2
2452.226731472 311.000000000 0.185348511 2
2452.276726672 343.000000000 0.098648071 2
2452.326721712 333.000000000 0.079147339 2
2452.376716912 332.000000000 0.015289307 2
2452.426712112 311.000000000 0.095840454 2
2452.476707312 343.000000000 0.282516479 2
2452.526702352 335.000000000 0.336441040 2
2452.576697552 342.000000000 0.071395874 2
2452.626692752 324.000000000 0.130462646 2
2452.676687952 331.000000000 0.271484375 2
2452.726682992 303.000000000 0.357604980 2
2452.776678192 343.000000000 0.509750366 2
2452.826673392 289.000000000 0.536727905 2
2452.876668592 339.000000000 0.444763184 2
2452.926663632 309.000000000 0.296997070 2
2452.976658832 337.000000000 0.366836548 2
2453.026654032 344.000000000 0.329025269 2
2453.076649232 365.000000000 0.087844849 2
2453.126644272 364.000000000 0.089309692 2
2453.176639472 357.000000000 0.029510498 2
2453.226634672 370.000000000 0.037139893 2
2453.276629872 371.000000000 0.105865479 2
2453.326624912 394.000000000 0.145446777 2
2453.376620112 374.000000000 0.054168701 2
2453.426615312 374.000000000 0.066024780 2
2453.476610512 379.000000000 0.089233398 2
2453.526605552 366.000000000 0.082504272 2
2453.576600752 375.000000000 0.188247681 2
2453.626595952 374.000000000 0.164093018 2
2453.676591152 359.000000000 0.083999634 2
2453.726586192 368.000000000 0.056289673 2
2453.776581392 352.000000000 0.066772461 2
2453.826576592 366.000000000 0.054061890 2
2453.876571792 350.000000000 0.045425415 2
2453.926566832 358.000000000 0.136383057 2
2453.976562032 368.000000000 0.047256470 2
2454.026557232 339.000000000 0.117553711 2
2454.076552432 350.000000000 0.087738037 2
2454.126547472 358.000000000 0.027359009 2
2454.176542672 356.000000000 0.112945557 2
2454.226537872 355.000000000 0.156356812 2
2454.276533072 351.000000000 0.104156494 2
2454.326528112 345.000000000 0.132278442 2
2454.376523312 327.000000000 0.119049072 2
2454.426518512 360.000000000 0.104949951 2
2454.476513712 363.000000000 0.301391602 2
2454.526508752 344.000000000 0.114227295 2
2454.576503952 344.000000000 0.094116211 2
2454.626499152 353.000000000 0.092605591 2
2454.676494352 324.000000000 0.108322144 2
2454.726489392 354.000000000 0.119232178 2
2454.776484592 337.000000000 0.074859619 2
2454.826479792 355.000000000 0.141784668 2
2454.876474992 343.000000000 0.235763550 2
2454.926470032 349.000000000 0.231002808 2
2454.976465232 358.000000000 0.097549438 2
2455.026460432 341.000000000 0.322799683 2
2455.076455472 335.000000000 0.250320435 2
2455.126450672 356.000000000 0.173034668 2
2455.176445872 327.000000000 0.148468018 2
2455.226441072 345.000000000 0.211898804 2
2455.276436112 344.000000000 0.034362793 2
2455.326431312 346.000000000 0.145767212 2
2455.376426512 329.000000000 0.116867065 2
2455.426421712 361.000000000 0.019165039 2
2455.476416752 358.000000000 0.182495117 2
2455.526411952 353.000000000 0.104324341 2
2455.576407152 332.000000000 0.074172974 2
2455.626402352 354.000000000 0.179718018 2
2455.676397392 349.000000000 0.063171387 2
2455.726392592 336.000000000 0.085083008 2
2455.776387792 326.000000000 0.086105347 2
2455.826382992 328.000000000 0.140472412 2
2455.876378032 350.000000000 0.060821533 2
2455.926373232 345.000000000 0.069290161 2
2455.976368432 331.000000000 0.052993774 2
2456.026363632 337.000000000 0.031066895 2
2456.076358672 331.000000000 0.102691650 2
2456.126353872 332.000000000 0.045654297 2
2456.176349072 314.000000000 0.078964233 2
2456.226344272 344.000000000 0.012756348 2
2456.276339312 361.000000000 0.078109741 2
2456.326334512 333.000000000 0.047607422 2
2456.376329712 359.000000000 0.039001465 2
2456.426324912 353.000000000 0.037750244 2
2456.476319952 368.000000000 0.093078613 2
2456.526315152 350.000000000 0.024124146 2
2456.576310352 342.000000000 0.126724243 2
2456.626305552 336.000000000 0.049667358 2
2456.676300592 342.000000000 0.188110352 2
2456.726295792 337.000000000 0.065963745 2
2456.776290992 342.000000000 0.205810547 2
2456.826286192 322.000000000 0.204498291 2
2456.876281232 339.000000000 0.227676392 2
2456.926276432 330.000000000 0.121688843 2
2456.976271632 333.000000000 0.153091431 2
2457.026266832 312.000000000 0.078521729 2
2457.076261872 343.000000000 0.172775269 2
2457.126257072 338.000000000 0.114410400 2
2457.176252272 327.000000000 0.224121094 2
2457.226247472 324.000000000 0.217773438 2
2457.276242512 346.000000000 0.124298096 2
2457.326237712 328.000000000 0.248825073 2
2457.376232912 362.000000000 0.160812378 2
2457.426228112 351.000000000 0.220626831 2
2457.476223152 353.000000000 0.191009521 2
2457.526218352 323.000000000 0.176895142 2
2457.576213552 336.000000000 0.286560059 2
2457.626208752 342.000000000 0.116683960 2
2457.676203792 323.000000000 0.197921753 2
2457.726198992 352.000000000 0.230911255 2
2457.776194192 335.000000000 0.185272217 2
2457.826189392 315.000000000 0.187164307 2
2457.876184432 191.000000000 0.112579346 2
2457.926179632 144.000000000 0.238632202 2
2457.976174832 115.000000000 0.030761719 2
2458.026170032 101.000000000 0.233779907 2
2458.076165072 87.000000000 0.111999512 2
2458.126160272 70.000000000 0.225036621 2
2458.176155472 67.000000000 0.192520142 2
2458.226150512 68.000000000 0.188003540 2
2458.276145712 66.000000000 0.131240845 2
2458.326140912 61.000000000 0.176940918 2
2458.376136112 35.000000000 0.847610474 2
2458.426131152 16.000000000 0.789077759 3
2458.476126352 0.000000000 151.300827026 3
2463.001488272 269.000000000 2.518489361 2
2463.051681072 110.000000000 0.116668463 2
2463.101873712 117.000000000 0.281413317 2
2463.151691152 117.000000000 0.105620146 2
2463.201508432 112.000000000 0.045129776 2
2463.251325872 116.000000000 0.000741720 2
2463.301321072 126.000000000 0.001838684 2
2463.351316112 116.000000000 0.015067101 2
2463.401311312 118.000000000 0.030138016 2
2463.451306512 118.000000000 0.051410198 2
2463.501499152 118.000000000 0.058957577 2
2463.551494352 111.000000000 0.120729208 2
2463.601311632 114.000000000 0.070386410 2
2463.651129072 106.000000000 0.191264868 2
2463.701124272 110.000000000 0.059281826 2
2463.751119472 107.000000000 0.102499723 2
2463.801114512 117.000000000 0.111775160 2
2463.850931952 121.000000000 0.026385069 2
2463.900551792 134.000000000 0.000218391 2
2463.950072912 131.000000000 0.041655064 2
2463.999376752 135.000000000 0.023892403 2
2464.048660752 146.000000000 0.040176868 2
2464.097944752 146.000000000 0.029551268 2
2464.147209072 149.000000000 0.070713043 2
2464.196670832 148.000000000 0.105278492 2
2464.246231472 142.000000000 0.167432308 2
2464.296009392 151.000000000 0.051102161 2
2464.345787312 149.000000000 0.055749416 2
2464.395328112 149.000000000 0.143821239 2
2464.444750352 155.000000000 0.091750145 2
2464.494152912 161.000000000 0.125298500 2
2464.543555472 153.000000000 0.132418633 2
2464.592938352 147.000000000 0.126240253 2
2464.642301392 149.000000000 0.104512215 2
2464.691664432 147.000000000 0.045966148 2
2464.741146032 152.000000000 0.133588314 2
2464.790884432 142.000000000 0.176674843 2
2464.840622832 132.000000000 0.084220886 2
2464.889946352 143.000000000 0.177439213 2
2464.938993392 131.000000000 0.128661633 2
2464.987724272 102.000000000 0.273488045 2
2465.036119472 111.000000000 0.233887672 2
2465.085363952 136.000000000 0.187201500 2
2465.133956752 110.000000000 0.175330162 2
2465.182825872 136.000000000 0.069722652 2
2465.232505072 127.000000000 0.043062687 2
2465.282184112 131.000000000 0.246198654 2
2465.332179312 131.000000000 0.110846043 2
2465.381344752 118.000000000 0.090640068 2
2465.429799152 135.000000000 0.009314537 2
2465.477858512 116.000000000 0.003107071 2
2465.525819152 97.000000000 0.067271709 2
2465.575438992 115.000000000 0.139551640 2
2465.625434192 111.000000000 0.005269527 2
2465.675429392 105.000000000 0.003239632 2
2465.725424432 87.000000000 0.077748775 2
2465.775419632 90.000000000 0.020811081 2
2465.825414832 84.000000000 0.059805870 2
2465.875410032 78.000000000 0.071724415 2
2465.925405072 64.000000000 0.116473675 2
2465.975400272 63.000000000 0.080906868 2
2466.025395472 50.000000000 0.064281940 2
2466.075390672 39.000000000 0.158146381 2
2466.125385712 36.000000000 0.319519997 2
2466.175380912 28.000000000 0.035087585 3
2466.225376112 0.000000000 7.284878254 3
2471.247509392 137.000000000 179.573501587 2
2471.298255152 75.000000000 0.040649414 2
2471.349494672 71.000000000 0.223602295 2
2471.400872592 80.000000000 0.172897339 2
2471.451993712 93.000000000 359.849914551 2
2471.502877712 95.000000000 0.216201782 2
2471.553643312 111.000000000 0.267868042 2
2471.604230992 118.000000000 0.051696777 2
2471.654562032 132.000000000 0.075576782 2
2471.704715152 130.000000000 0.017395020 2
2471.754572112 136.000000000 0.051879883 2
2471.804883312 129.000000000 0.063491821 2
2471.854878512 137.000000000 0.132995605 2
2471.904873552 132.000000000 0.060012817 2
2471.955579952 142.000000000 0.041717529 2
2472.005891152 155.000000000 0.101669312 2
2472.055886192 143.000000000 0.140930176 2
2472.106039472 142.000000000 0.315841675 2
2472.155896272 154.000000000 0.278930664 2
2472.206049552 164.000000000 0.161285400 2
2472.256202672 169.000000000 0.032669067 2
2472.306355792 169.000000000 0.117782593 2
2472.356350992 175.000000000 0.092407227 2
2472.406207952 169.000000000 0.110458374 2
2472.455926512 183.000000000 0.081649780 2
2472.505783472 174.000000000 0.091018677 2
2472.555778512 203.000000000 0.010284424 2
2472.605931792 186.000000000 0.103424072 2
2472.656084912 215.000000000 0.232162476 2
2472.706080112 207.000000000 0.125259399 2
2472.755937072 201.000000000 0.014465332 2
2472.805793872 218.000000000 0.023605347 2
2472.855789072 222.000000000 0.101974487 2
2472.905942192 240.000000000 0.086349487 2
2472.955937392 217.000000000 0.007202148 2
2473.005932592 239.000000000 0.186904907 2
2473.055789392 247.000000000 0.010620117 2
2473.105646352 253.000000000 0.134826660 2
2473.155503152 268.000000000 0.057388306 2
2473.205498352 290.000000000 359.827484131 2
2473.255651472 249.000000000 0.078445435 2
2473.305508432 274.000000000 0.044799805 2
2473.355661552 264.000000000 0.075195312 2
2473.405518512 307.000000000 179.362808228 2
2473.454861872 281.000000000 0.106339693 2
2473.504185392 275.000000000 0.198280334 2
2473.553627472 292.000000000 0.079073548 2
2473.603958352 291.000000000 0.069389820 2
2473.653795472 303.000000000 0.035762310 2
2473.703474672 326.000000000 0.060631394 2
2473.752896912 323.000000000 0.028575838 2
2473.802477232 317.000000000 0.004146814 2
2473.852650192 325.000000000 0.072666109 2
2473.903415792 348.000000000 0.015196025 2
2473.953410992 327.000000000 0.040694654 2
2474.003090032 303.000000000 0.146446288 2
2474.053085232 312.000000000 0.061602116 2
2474.102764272 321.000000000 0.165869832 2
2474.152601392 320.000000000 0.051717639 2
2474.202181872 313.000000000 0.185790539 2
2474.252176912 300.000000000 0.250450134 2
2474.302014032 309.000000000 0.236022115 2
2474.352364752 303.000000000 0.175420165 2
2474.402201872 313.000000000 0.006213903 2
2474.451426672 342.000000000 0.303415298 2
2474.501066352 330.000000000 0.021400690 2
2474.550607152 324.000000000 0.071206808 2
2474.600602352 312.000000000 0.013057947 2
2474.650597552 302.000000000 0.093999386 2
2474.699960592 303.000000000 0.013202906 2
2474.749303792 286.000000000 0.058981180 2
2474.798429872 267.000000000 0.021516323 2
2474.848030032 287.000000000 0.068036318 2
2474.897827632 280.000000000 0.094683647 2
2474.947111632 279.000000000 0.008990049 2
2474.997106832 281.000000000 0.048481703 2
2475.046588432 293.000000000 0.144155741 2
2475.095615632 272.000000000 0.059431314 2
2475.145393552 230.000000000 0.042100668 2
2475.195171312 277.000000000 0.155735970 2
2475.245739312 279.000000000 0.153896570 2
2475.294509872 302.000000000 0.059210062 2
2475.342529712 297.000000000 0.013136387 2
2475.390430992 299.000000000 0.046255112 2
2475.438707632 275.000000000 0.037592649 2
2475.487458352 300.000000000 0.173671007 2
2475.537453552 286.000000000 0.023456812 2
2475.588041232 303.000000000 0.018120527 2
2475.638036432 289.000000000 0.014665604 2
2475.687478512 299.000000000 0.001295328 2
2475.735893392 299.000000000 0.020421505 2
2475.783952752 310.000000000 0.071218491 2
2475.832545552 312.000000000 0.106913805 2
2475.881414672 307.000000000 0.049528122 2
2475.930244432 289.000000000 0.196080446 2
2475.979054352 309.000000000 0.063407421 2
2476.029049552 294.000000000 0.031697989 2
2476.079044752 318.000000000 0.060979605 2
2476.129395472 304.000000000 0.076097250 2
2476.179054832 328.000000000 0.103010654 2
2476.229049872 321.000000000 0.048723936 2
2476.278175952 338.000000000 0.047765970 2
2476.325840272 340.000000000 0.087907314 2
2476.374393392 326.000000000 0.042039275 2
2476.424388592 323.000000000 0.099689603 2
2476.474383792 310.000000000 0.067754149 2
2476.524378992 322.000000000 0.112139940 2
2476.574374032 304.000000000 0.056604743 2
2476.624369232 290.000000000 0.029792190 2
2476.674364432 274.000000000 0.078225493 2
2476.724359632 250.000000000 0.017434239 2
2476.774354672 264.000000000 0.109477043 2
2476.824349872 252.000000000 0.030687094 2
2476.874345072 237.000000000 0.032200575 2
2476.924340272 249.000000000 0.035191894 2
2476.974335312 213.000000000 0.032113910 2
2477.024330512 200.000000000 0.105369806 2
2477.074325712 210.000000000 0.036609411 2
2477.124320912 218.000000000 0.013303161 2
2477.174315952 198.000000000 0.001552224 2
2477.224311152 207.000000000 0.009968162 2
2477.274306352 224.000000000 0.059416771 2
2477.324301552 219.000000000 0.130311608 2
2477.374296592 221.000000000 0.011774182 2
2477.424291792 205.000000000 0.045385242 2
2477.474286992 207.000000000 0.063791037 2
2477.524282032 186.000000000 0.061253786 2
2477.574277232 154.000000000 0.013123751 2
2477.624272432 137.000000000 0.005611181 2
2477.674267632 102.000000000 0.058713555 2
2477.724262672 88.000000000 0.055172682 2
2477.774257872 70.000000000 0.130395293 2
2477.824253072 73.000000000 0.087924361 2
2477.874248272 76.000000000 0.054977536 2
2477.924243312 74.000000000 0.091504455 2
2477.974238512 75.000000000 0.016664028 2
2478.024233712 71.000000000 0.043543935 2
2478.074228912 78.000000000 0.006758571 2
2478.124223952 75.000000000 0.001231313 2
2478.174219152 77.000000000 0.063299417 2
2478.224214352 79.000000000 0.082983315 2
2478.274209552 76.000000000 0.082468450 2
2478.324204592 68.000000000 0.065126359 2
2478.374199792 87.000000000 0.004028499 2
2478.424194992 86.000000000 0.006241441 2
2478.474190192 76.000000000 0.037205696 2
2478.524185232 90.000000000 0.246533930 2
2478.574180432 78.000000000 0.067876458 2
2478.624175632 88.000000000 0.287598222 2
2478.674170832 95.000000000 0.046958059 2
2478.724165872 97.000000000 0.225042492 2
2478.774161072 93.000000000 0.203370094 2
2478.824156272 81.000000000 0.141058028 2
2478.874151472 93.000000000 0.186902821 2
2478.924146512 88.000000000 0.130914599 2
2478.974141712 98.000000000 0.098476052 2
2479.024136912 83.000000000 0.134747267 2
2479.074132112 81.000000000 0.046998680 2
2479.124127152 89.000000000 0.078417063 2
2479.174122352 74.000000000 0.035012424 2
2479.224117552 93.000000000 0.217234313 2
2479.274112752 88.000000000 178.086059570 2
2479.324107792 95.000000000 0.031829834 2
2479.374102992 90.000000000 0.038970947 2
2479.424098192 88.000000000 0.031784058 2
2479.474093392 84.000000000 0.016815186 2
2479.524088432 85.000000000 0.152572632 2
2479.574083632 95.000000000 0.069885254 2
2479.624078832 96.000000000 0.028198242 2
2479.674074032 95.000000000 0.010375977 2
2479.724069072 93.000000000 0.042022705 2
2479.774064272 91.000000000 0.111572266 2
2479.824059472 70.000000000 0.089141846 2
2479.874054672 83.000000000 0.280761719 2
2479.924049712 74.000000000 0.022781372 2
2479.974044912 79.000000000 0.035888672 2
2480.024040112 86.000000000 0.070693970 2
2480.074035312 86.000000000 0.064056396 2
2480.124030352 80.000000000 0.045288086 2
2480.174025552 93.000000000 0.313415527 2
2480.224020752 82.000000000 0.097518921 2
2480.274015952 85.000000000 0.097274780 2
2480.324010992 81.000000000 0.083038330 2
2480.374006192 81.000000000 0.022445679 2
2480.424001392 85.000000000 0.159149170 2
2480.473996592 87.000000000 0.004821777 2
2480.523991632 85.000000000 0.207519531 2
2480.573986832 79.000000000 0.020004272 2
2480.623982032 72.000000000 0.064529419 2
2480.673977072 87.000000000 0.065139771 2
2480.723972272 73.000000000 0.016662598 2
2480.773967472 67.000000000 0.006546021 2
2480.823962672 71.000000000 0.029876709 2
2480.873957712 76.000000000 0.016265869 2
2480.923952912 76.000000000 0.057723999 2
2480.973948112 73.000000000 0.078994751 2
2481.023943312 74.000000000 0.028961182 2
2481.073938352 77.000000000 0.124679565 2
2481.123933552 77.000000000 0.051834106 2
2481.173928752 82.000000000 0.019042969 2
2481.223923952 73.000000000 0.028396606 2
2481.273918992 74.000000000 0.084259033 2
2481.323914192 82.000000000 0.126449585 2
2481.373909392 81.000000000 0.057113647 2
2481.423904592 78.000000000 0.058425903 2
2481.473899632 84.000000000 0.072113037 2
2481.523894832 79.000000000 0.061050415 2
2481.573890032 85.000000000 0.133392334 2
2481.623885232 75.000000000 0.013504028 2
2481.673880272 74.000000000 0.083175659 2
2481.723875472 88.000000000 0.014190674 2
2481.773870672 77.000000000 0.005310059 2
2481.823865872 78.000000000 0.072296143 2
2481.873860912 73.000000000 0.054718018 2
2481.923856112 98.000000000 0.083358765 2
