1769553026.523773670 0
1769553026.573877096 0
1769553026.623833656 0
1769553026.673852682 0
1769553026.724169254 0
1769553026.773870945 0
1769553026.824172735 0
1769553026.873850584 0
1769553026.924375057 0
1769553026.973840714 0
1769553027.025285482 0
1769553027.073851347 0
1769553027.125791073 0
1769553027.173814297 0
1769553027.223731279 0
1769553027.273817778 0
1769553027.323920965 0
1769553027.373830557 0
1769553027.424039125 0
1769553027.473788023 0
1769553027.523711443 0
1769553027.573827744 0
1769553027.624086380 0
1769553027.673785448 0
1769553027.723706484 0
1769553027.773663282 0
1769553027.823688030 0
1769553027.873554707 0
1769553027.923551083 0
1769553027.973685980 0
1769553028.023801565 0
1769553028.085859537 0
1769553028.123678207 0
1769553028.173755884 0
1769553028.223656178 0
1769553028.273757696 0
1769553028.323751926 0
1769553028.373765230 0
1769553028.423636436 0
1769553028.473806620 0
1769553028.524170637 0
1769553028.575154066 0
1769553028.626265764 0
1769553028.673682451 0
1769553028.723603249 0
1769553028.773728609 0
1769553028.823563337 0
1769553028.873703718 0
1769553028.923914194 0
1769553028.973722935 0
1769553029.023574114 0
1769553029.073688745 0
1769553029.125062704 0
1769553029.173694134 0
1769553029.223582983 0
1769553029.273754120 0
1769553029.332852840 0
1769553029.373678923 0
1769553029.423664093 0
1769553029.473602057 0
1769553029.523651361 0
1769553029.573580265 0
1769553029.623650551 0
1769553029.675266504 0
1769553029.723629236 0
1769553029.773481846 0
1769553029.823696852 0
1769553029.873568773 0
1769553029.923641682 0
1769553029.974550486 0
1769553030.023625374 0
1769553030.073518038 0
1769553030.123650551 0
1769553030.173636198 0
1769553030.244052887 0
1769553030.273517132 0
1769553030.331764221 0
1769553030.373534918 0
1769553030.423591375 0
1769553030.473547459 0
1769553030.523649693 0
1769553030.573861837 0
1769553030.623635054 0
1769553030.673578024 0
1769553030.723638296 0
1769553030.774570942 0
1769553030.823632956 0
1769553030.873490334 0
1769553030.923589468 0
1769553030.973453522 0
1769553031.023548365 0
1769553031.073533297 0
1769553031.123625040 0
1769553031.175270081 0
1769553031.223615646 0
1769553031.273360491 0
1769553031.323564529 0
1769553031.410982847 0
1769553031.439821482 0
1769553031.473460674 0
1769553031.523561954 0
1769553031.599529028 0
1769553031.628368855 0
1769553031.673497200 0
1769553031.723502874 0
1769553031.773632288 0
1769553031.823510885 0
1769553031.873489141 0
1769553031.923497438 0
1769553031.973454952 0
1769553032.023496389 0
1769553032.073364019 0
1769553032.123494864 0
1769553032.207274437 0
1769553032.237404585 0
1769553032.273423195 0
1769553032.323508501 0
1769553032.373661041 0
1769553032.423516989 0
1769553032.473322153 0
1769553032.523492575 0
1769553032.573972225 0
1769553032.623487473 0
1769553032.673378468 0
1769553032.723256588 0
1769553032.773470163 0
1769553032.823381186 0
1769553032.873461485 0
1769553032.924684286 0
1769553032.973443508 0
1769553033.023370266 0
1769553033.073482037 0
1769553033.128749132 0
1769553033.173436403 0
1769553033.223407507 0
1769553033.273462772 0
1769553033.323325157 0
1769553033.373431921 0
1769553033.424530983 0
1769553033.473433256 0
1769553033.523299694 0
1769553033.573441029 0
1769553033.623355865 0
1769553033.673433065 0
1769553033.723464489 0
1769553033.773424625 0
1769553033.827200651 0
1769553033.873399734 0
1769553033.923314095 0
1769553033.973387241 0
1769553034.023270607 0
1769553034.073439598 0
1769553034.125369072 0
1769553034.173288345 0
1769553034.254166603 0
1769553034.283303022 0
1769553034.323285103 0
1769553034.373368502 0
1769553034.423266649 0
1769553034.473390818 0
1769553034.525668144 0
1769553034.573313951 0
1769553034.623235703 0
1769553034.673331022 0
1769553034.724549294 0
1769553034.773377419 0
1769553034.823252916 0
1769553034.873319387 0
1769553034.923175573 0
1769553034.973310232 0
1769553035.024530888 0
1769553035.073318720 0
1769553035.123144865 0
1769553035.173331261 0
1769553035.223211050 0
1769553035.273293972 0
1769553035.324801445 0
1769553035.373294115 0
1769553035.423257828 0
1769553035.473165035 0
1769553035.523127317 0
1769553035.573274136 0
1769553035.623221159 0
1769553035.673180819 0
1769553035.731807709 0
1769553035.773104668 0
1769553035.823248148 0
1769553035.873258591 0
1769553035.923184872 0
1769553035.973267317 0
1769553036.023200989 0
1769553036.073229551 0
1769553036.123173237 0
1769553036.173248768 0
1769553036.223153591 0
1769553036.273241520 0
1769553036.323341846 0
1769553036.373206377 0
1769553036.423131466 0
1769553036.473225117 0
1769553036.523689270 0
1769553036.573213100 0
1769553036.623106718 0
1769553036.673256159 0
1769553036.723122597 0
1769553036.773216724 0
1769553036.824215412 0
1769553036.873200655 0
1769553036.926032305 0
1769553036.973186255 0
1769553037.023115158 0
1769553037.108531475 0
1769553037.145297289 0
1769553037.173111200 0
1769553037.223189592 0
1769553037.273117781 0
1769553037.323220968 0
1769553037.376955748 0
1769553037.423190355 0
1769553037.473151207 0
1769553037.523226261 0
1769553037.576951027 0
1769553037.623204470 0
1769553037.673139572 0
1769553037.723201990 0
1769553037.773403645 0
1769553037.823217630 0
1769553037.873335123 0
1769553037.923206329 0
1769553037.975787878 0
1769553038.023184538 0
1769553038.073112011 0
1769553038.123228073 0
1769553038.178524971 0
1769553038.223192215 0
1769553038.273131371 0
1769553038.323155165 0
1769553038.373077154 0
1769553038.423142910 0
1769553038.473065138 0
1769553038.523150682 0
1769553038.573601007 0
1769553038.623155117 0
1769553038.673317909 0
1769553038.723181486 0
1769553038.773037672 0
1769553038.823141575 0
1769553038.873052359 0
1769553038.923133135 0
1769553038.973072052 0
1769553039.023073673 0
1769553039.073014975 0
1769553039.122983217 0
1769553039.172930956 0
1769553039.223024368 0
1769553039.273919344 0
1769553039.323015451 0
1769553039.372856140 0
1769553039.423011780 0
1769553039.472902775 0
1769553039.522997856 0
1769553039.572851658 0
1769553039.622991562 0
1769553039.672914982 0
1769553039.722918749 0
1769553039.772882700 0
1769553039.822991610 0
1769553039.875752211 0
1769553039.922959089 0
1769553039.972886086 0
1769553040.023003578 0
1769553040.072876215 0
1769553040.122905493 0
1769553040.172861338 0
1769553040.222954512 0
1769553040.272866488 0
1769553040.322889328 0
1769553040.372853994 0
1769553040.422939301 0
1769553040.472852230 0
1769553040.522845745 0
1769553040.572900295 0
1769553040.622791529 0
1769553040.672860622 0
1769553040.722864628 0
1769553040.773013830 0
1769553040.822762966 0
1769553040.873312235 0
1769553040.926246166 0
1769553040.972865105 0
1769553041.024050951 0
1769553041.072916031 0
1769553041.122856379 0
1769553041.172921419 0
1769553041.222826719 0
1769553041.272925615 0
1769553041.322788000 0
1769553041.372919798 0
1769553041.423264265 0
1769553041.472900867 0
1769553041.522813082 0
1769553041.572906017 0
1769553041.622794867 0
1769553041.672896624 0
1769553041.722793579 0
1769553041.772906542 0
1769553041.823508978 0
1769553041.872873783 0
1769553041.922761202 0
1769553041.972888231 513
1769553042.022770405 501
1769553042.072883368 436
1769553042.122955799 510
1769553042.172871113 463
1769553042.222769260 470
1769553042.272871256 487
1769553042.322727203 501
1769553042.372839212 484
1769553042.422703981 481
1769553042.472837448 471
1769553042.522744894 477
1769553042.572865963 467
1769553042.622992039 479
1769553042.672837973 488
1769553042.722697020 488
1769553042.772826910 488
1769553042.825842142 499
1769553042.872797012 478
1769553042.922750711 493
1769553042.972816229 480
1769553043.024070978 493
1769553043.072790384 507
1769553043.122676849 511
1769553043.172813416 478
1769553043.222740412 489
1769553043.272788286 517
1769553043.322699547 501
1769553043.372784138 469
1769553043.422691584 485
1769553043.472783327 533
1769553043.523662567 523
1769553043.572775841 501
1769553043.623887539 469
1769553043.672759533 499
1769553043.722671032 497
1769553043.772760391 492
1769553043.823043346 506
1769553043.872737169 503
1769553043.922654629 495
1769553043.972742319 491
1769553044.022647142 490
1769553044.072740555 519
1769553044.122725725 497
1769553044.172746420 524
1769553044.223819733 530
1769553044.272726059 501
1769553044.325528383 501
1769553044.372684240 509
1769553044.422648907 507
1769553044.472722530 527
1769553044.522647858 520
1769553044.572719097 516
1769553044.622617960 472
1769553044.672711372 493
1769553044.722620487 538
1769553044.772800684 535
1769553044.822747707 509
1769553044.872702360 529
1769553044.922578573 519
1769553044.972691536 530
1769553045.022808790 508
1769553045.072603941 480
1769553045.122637987 491
1769553045.172609806 503
1769553045.222655058 495
1769553045.272590876 495
1769553045.322679520 499
1769553045.373061657 534
1769553045.422665119 529
1769553045.472526550 497
1769553045.522673368 505
1769553045.572729349 500
1769553045.622670889 505
1769553045.672502279 468
1769553045.722643614 500
1769553045.773946285 498
1769553045.822551727 452
1769553045.872670412 513
1769553045.922800541 466
1769553045.972658873 476
1769553046.022612572 485
1769553046.072661877 483
1769553046.122629642 470
1769553046.172644615 445
1769553046.222527981 438
1769553046.272619963 434
1769553046.323540688 507
1769553046.372602940 498
1769553046.422518015 487
1769553046.472639322 495
1769553046.522389412 494
1769553046.572571278 488
1769553046.622588158 524
1769553046.672601461 471
1769553046.722501993 506
1769553046.772620440 498
1769553046.822503090 536
1769553046.872597456 480
1769553046.922409296 504
1769553046.972565174 507
1769553047.022446632 482
1769553047.072594881 508
1769553047.123098612 516
1769553047.172563553 521
1769553047.222426891 498
1769553047.272596121 520
1769553047.324167967 496
1769553047.372738838 477
1769553047.422436953 501
1769553047.472543955 507
1769553047.524492979 492
1769553047.572549105 480
1769553047.623461008 493
1769553047.672497988 496
1769553047.722451448 476
1769553047.772496223 465
1769553047.822437525 459
1769553047.872512579 484
1769553047.922441721 483
1769553047.972448587 473
1769553048.022507668 466
1769553048.072435141 484
1769553048.122491598 495
1769553048.172405958 491
1769553048.222470760 492
1769553048.272391319 484
1769553048.322484016 487
1769553048.376314163 479
1769553048.422468424 474
1769553048.472360849 503
1769553048.522490740 494
1769553048.573126554 514
1769553048.622476339 485
1769553048.672370195 493
1769553048.722471476 482
1769553048.772327900 506
1769553048.822476625 488
1769553048.873130798 512
1769553048.922464371 488
1769553048.972321033 480
1769553049.022470713 511
1769553049.072496653 496
1769553049.122463226 493
1769553049.173176050 459
1769553049.222415447 472
1769553049.272241354 494
1769553049.322398663 480
1769553049.372327566 476
1769553049.422404289 500
1769553049.472282171 504
1769553049.522470236 515
1769553049.573235512 536
1769553049.622397900 473
1769553049.672273636 465
1769553049.722443581 471
1769553049.772288322 476
1769553049.822435617 517
1769553049.874473333 466
1769553049.922417641 465
1769553049.972288609 474
1769553050.022375584 461
1769553050.072264671 465
1769553050.122395754 458
1769553050.173126698 467
1769553050.222398520 476
1769553050.273302555 501
1769553050.322321892 453
1769553050.372407436 501
1769553050.422297239 463
1769553050.472220182 522
1769553050.522223711 462
1769553050.582572460 483
1769553050.622229099 432
1769553050.672308445 485
1769553050.724013329 492
1769553050.772323132 470
1769553050.822210312 465
1769553050.872319698 486
1769553050.923183203 507
1769553050.972312927 526
1769553051.024672747 495
1769553051.072314024 522
1769553051.122304440 498
1769553051.172323942 533
1769553051.222234726 506
1769553051.272291422 489
1769553051.322169065 523
1769553051.372253895 485
1769553051.422433138 520
1769553051.472282171 546
1769553051.525524378 530
1769553051.572263002 507
1769553051.622355223 500
1769553051.672244549 494
1769553051.722848654 506
1769553051.772239685 510
1769553051.822096109 499
1769553051.872265100 522
1769553051.925620794 506
1769553051.972221851 530
1769553052.022134066 518
1769553052.072237015 480
1769553052.123242378 478
1769553052.172211885 494
1769553052.224234819 517
1769553052.272202015 521
1769553052.322126627 543
1769553052.372202635 499
1769553052.423360586 507
1769553052.472203970 500
1769553052.522109509 509
1769553052.572192907 497
1769553052.623678207 488
1769553052.672176600 504
1769553052.722098112 483
1769553052.772179604 482
1769553052.822833300 494
1769553052.872171879 502
1769553052.922099829 498
1769553052.972110987 493
1769553053.022095442 494
1769553053.072149754 514
1769553053.122279406 522
1769553053.172152519 497
1769553053.223453760 499
1769553053.272147655 473
1769553053.322081089 514
1769553053.372172356 527
1769553053.422211647 515
1769553053.472149849 517
1769553053.522985220 513
1769553053.572125435 493
1769553053.622091532 502
1769553053.672119141 501
1769553053.722656012 504
1769553053.772097111 518
1769553053.822824717 507
1769553053.872117758 490
1769553053.922036886 485
1769553053.972121954 502
1769553054.022017241 456
1769553054.072150707 499
1769553054.121997595 515
1769553054.172097206 473
1769553054.221992493 532
1769553054.272095203 452
1769553054.325359821 455
1769553054.372098923 517
1769553054.421994925 504
1769553054.472064734 495
1769553054.556670666 481
1769553054.584923983 508
1769553054.621982098 462
1769553054.672050714 500
1769553054.723180056 497
1769553054.771942377 507
1769553054.821989298 499
1769553054.872105837 488
1769553054.921931028 481
1769553054.972030640 499
1769553055.021963120 514
1769553055.072085857 516
1769553055.122884274 460
1769553055.172036171 450
1769553055.221899271 492
1769553055.272046804 497
1769553055.322809696 485
1769553055.372019053 491
1769553055.421921015 479
1769553055.472020149 497
1769553055.521924496 481
1769553055.571982384 473
1769553055.621777773 495
1769553055.672009468 479
1769553055.721918821 480
1769553055.771937609 485
1769553055.821952343 482
1769553055.872940540 491
1769553055.921999693 475
1769553055.971875906 463
1769553056.021980524 495
1769553056.072458029 451
1769553056.121994495 461
1769553056.173287153 502
1769553056.221988440 434
1769553056.272992849 493
1769553056.321944714 493
1769553056.371879101 483
1769553056.421943188 479
1769553056.471870184 505
1769553056.521857500 482
1769553056.571914911 502
1769553056.621921301 496
1769553056.671938419 504
1769553056.721928596 511
1769553056.771957159 522
1769553056.821847916 495
1769553056.871902227 510
1769553056.921844959 481
1769553056.971942425 486
1769553057.023610830 498
1769553057.071919203 474
1769553057.121818781 493
1769553057.171914816 500
1769553057.226537466 508
1769553057.271910667 518
1769553057.321824074 481
1769553057.371891022 494
1769553057.421827316 466
1769553057.471728325 461
1769553057.538446903 500
1769553057.571786165 477
1769553057.621893406 480
1769553057.675176144 487
1769553057.721885920 495
1769553057.771807194 478
1769553057.821889639 471
1769553057.871781349 479
1769553057.921936274 530
1769553057.971787453 484
1769553058.021868944 443
1769553058.071784973 431
1769553058.121875525 431
1769553058.172300577 434
1769553058.221846104 451
1769553058.271695614 443
1769553058.321853161 467
1769553058.371763468 461
1769553058.421868801 464
1769553058.471737385 440
1769553058.521873951 443
1769553058.571713448 470
1769553058.621819735 472
1769553058.672070026 446
1769553058.721771002 497
1769553058.771848679 461
1769553058.821724415 478
1769553058.871774197 471
1769553058.924440384 495
1769553058.971780300 450
1769553059.021726370 470
1769553059.071786642 464
1769553059.123200417 476
1769553059.171806574 487
1769553059.221672773 477
1769553059.271762133 466
1769553059.322523355 490
1769553059.371753931 432
1769553059.421647072 458
1769553059.471763849 453
1769553059.521840334 455
1769553059.571712255 458
1769553059.621747494 466
1769553059.671659708 466
1769553059.721726656 450
1769553059.771642447 464
1769553059.821727037 475
1769553059.872548342 455
1769553059.921716928 476
1769553059.971624374 442
1769553060.021707535 433
1769553060.071637154 483
1769553060.121709347 432
1769553060.171796083 497
1769553060.221696615 456
1769553060.272142887 442
1769553060.321688175 455
1769553060.371549368 448
1769553060.421688557 463
1769553060.471489906 449
1769553060.521689415 422
1769553060.582671165 450
1769553060.621609688 461
1769553060.671676874 458
1769553060.721600771 443
1769553060.771668911 444
1769553060.823002100 448
1769553060.871600151 452
1769553060.921650171 468
1769553060.971599102 457
1769553061.021640778 478
1769553061.071567774 461
1769553061.121684790 444
1769553061.172641754 485
1769553061.221657038 482
1769553061.271602869 464
1769553061.321640253 471
1769553061.371597528 474
1769553061.421622276 492
1769553061.471542835 420
1769553061.521648169 472
1769553061.572615862 481
1769553061.621598244 492
1769553061.671404600 483
1769553061.721620083 486
1769553061.774365425 472
1769553061.821600676 489
1769553061.871521950 531
1769553061.921791077 487
1769553061.971712589 512
1769553062.021577835 529
1769553062.071478367 513
1769553062.121495724 507
1769553062.173432112 509
1769553062.221468449 537
1769553062.271483660 521
1769553062.321469784 501
1769553062.371462345 484
1769553062.421570063 483
1769553062.471448421 488
1769553062.521490335 475
1769553062.572065353 527
1769553062.621560097 466
1769553062.671431065 544
1769553062.721544027 512
1769553062.771422625 499
1769553062.821519613 508
1769553062.871423483 471
1769553062.921470881 495
1769553062.973907232 476
1769553063.021517754 486
1769553063.071430922 470
1769553063.121516228 479
1769553063.172040701 496
1769553063.221518040 488
1769553063.271421194 504
1769553063.321486235 483
1769553063.371413469 468
1769553063.421577692 527
1769553063.472054482 537
1769553063.521490574 497
1769553063.571407557 496
1769553063.621498346 507
1769553063.671500444 467
1769553063.721474648 460
1769553063.771625757 461
1769553063.821486235 455
1769553063.874281406 503
1769553063.921514750 480
1769553063.971397877 488
1769553064.021519423 451
1769553064.071367502 481
1769553064.121510744 498
1769553064.171381235 502
1769553064.221539497 524
1769553064.273235559 541
1769553064.321475029 531
1769553064.371361017 545
1769553064.421476603 531
1769553064.471426487 495
1769553064.521502972 503
1769553064.576239347 524
1769553064.621439695 471
1769553064.671369076 516
1769553064.721461058 478
1769553064.771361589 511
1769553064.821462154 476
1769553064.871755600 525
1769553064.921442509 496
1769553064.971312284 500
1769553065.021333218 518
1769553065.071301937 488
1769553065.121459484 530
1769553065.171249390 494
1769553065.221467018 510
1769553065.271859646 460
1769553065.321412086 447
1769553065.371370792 486
1769553065.421426535 447
1769553065.471301556 480
1769553065.521427870 506
1769553065.571283102 492
1769553065.621410131 458
1769553065.671338081 505
1769553065.721327305 531
1769553065.771332979 484
1769553065.821360826 458
1769553065.871306896 534
1769553065.921386957 516
1769553065.971282721 501
1769553066.021373987 468
1769553066.071263075 484
1769553066.121387482 469
1769553066.171261549 470
1769553066.221341848 507
1769553066.271233082 462
1769553066.321376085 498
1769553066.373215437 445
1769553066.421369791 495
1769553066.471228361 467
1769553066.521300077 492
1769553066.571251392 507
1769553066.621308565 504
1769553066.671213627 495
1769553066.721266031 520
1769553066.771182299 496
1769553066.821385145 525
1769553066.872406721 484
1769553066.921288967 493
1769553066.971188545 508
1769553067.021287203 482
1769553067.072703600 522
1769553067.121255159 491
1769553067.171190739 500
1769553067.221294165 494
1769553067.271758795 494
1769553067.321233511 531
1769553067.371193647 521
1769553067.421184778 480
1769553067.471217394 557
1769553067.521226168 527
1769553067.571199417 495
1769553067.621251822 496
1769553067.671207428 519
1769553067.721232414 518
1769553067.771183252 527
1769553067.821225405 516
1769553067.871168375 486
1769553067.921264172 465
1769553067.971155405 488
1769553068.021236658 514
1769553068.074661016 505
1769553068.121229172 494
1769553068.171142817 473
1769553068.221214056 471
1769553068.271111727 503
1769553068.321232080 493
1769553068.371736050 524
1769553068.421203852 489
1769553068.471104860 519
1769553068.521205902 534
1769553068.571377754 498
1769553068.621198654 480
1769553068.670956850 515
1769553068.721173525 454
1769553068.771091700 510
1769553068.821204901 512
1769553068.871239662 530
1769553068.921183586 520
1769553068.971626520 510
1769553069.021098614 510
1769553069.071118355 476
1769553069.121145248 512
1769553069.171115160 500
1769553069.221158504 550
1769553069.270984888 514
1769553069.321143627 480
1769553069.371053457 494
1769553069.421101809 502
1769553069.470941544 521
1769553069.521110535 513
1769553069.570944548 525
1769553069.621103287 533
1769553069.671706676 518
1769553069.721070051 534
1769553069.770984411 515
1769553069.821146965 481
1769553069.871419430 514
1769553069.921101093 480
1769553069.970973730 511
1769553070.021099806 528
1769553070.089836359 542
1769553070.122288227 516
1769553070.171062469 525
1769553070.221017838 518
1769553070.271078825 532
1769553070.320956230 532
1769553070.371066093 508
1769553070.444120407 520
1769553070.474765062 507
1769553070.520863056 513
1769553070.570893526 545
1769553070.620890141 547
1769553070.670882702 525
1769553070.720828056 522
1769553070.771088600 503
1769553070.859067917 497
1769553070.886755943 515
1769553070.920917511 498
1769553070.970850468 496
1769553071.029175997 495
1769553071.070817709 525
1769553071.121029615 496
1769553071.170879126 485
1769553071.221024990 500
1769553071.271193266 508
1769553071.321063519 525
1769553071.370927334 507
1769553071.421004295 518
1769553071.470841885 508
1769553071.520996809 488
1769553071.570871830 489
1769553071.621043682 530
1769553071.672203779 509
1769553071.720982075 483
1769553071.772984266 539
1769553071.820965052 483
1769553071.870893717 543
1769553071.920933008 469
1769553071.970808744 536
1769553072.020917416 523
1769553072.070838928 507
1769553072.120913744 520
1769553072.170770884 485
1769553072.220863342 498
1769553072.270824432 504
1769553072.320890665 515
1769553072.370798588 507
1769553072.420922518 469
1769553072.470840693 487
1769553072.520817995 487
1769553072.570883036 510
1769553072.620894670 519
1769553072.670832634 525
1769553072.720882177 497
1769553072.770811081 521
1769553072.820919752 526
1769553072.871388912 534
1769553072.920802832 498
1769553072.970778465 521
1769553073.020896912 533
1769553073.070714951 549
1769553073.120873928 536
1769553073.170713663 508
1769553073.220860481 466
1769553073.270685434 520
1769553073.320859671 483
1769553073.371129274 512
1769553073.420830488 496
1769553073.470738649 489
1769553073.520853281 496
1769553073.571753740 505
1769553073.620850325 497
1769553073.670734406 477
1769553073.720855236 500
1769553073.770665884 532
1769553073.820827723 538
1769553073.870779753 569
1769553073.920707703 533
1769553073.970766783 523
1769553074.020766735 511
1769553074.070697069 515
1769553074.120796919 522
1769553074.170717478 498
1769553074.220765591 511
1769553074.270603180 524
1769553074.320793629 523
1769553074.371555805 496
1769553074.420754433 543
1769553074.470648527 533
1769553074.520764112 527
1769553074.570619822 508
1769553074.620740414 527
1769553074.670632601 506
1769553074.720720291 492
1769553074.770666599 501
1769553074.820756674 498
1769553074.870600700 526
1769553074.920734167 487
1769553074.973509789 481
1769553075.020748377 504
1769553075.070612907 505
1769553075.120721340 496
1769553075.170547724 533
1769553075.238698244 525
1769553075.271395445 522
1769553075.332161903 495
1769553075.380980730 528
1769553075.420711994 509
1769553075.470726728 544
1769553075.520662069 529
1769553075.570787907 497
1769553075.620624542 489
1769553075.670734882 541
1769553075.720879793 537
1769553075.770750046 505
1769553075.820655107 523
1769553075.870730400 503
1769553075.920630217 506
1769553075.970729113 523
1769553076.020579100 513
1769553076.070706367 535
1769553076.120488882 520
1769553076.170685768 502
1769553076.221313000 499
1769553076.270734787 502
1769553076.320638895 560
1769553076.370647669 568
1769553076.420603991 537
1769553076.470661640 523
1769553076.520590305 561
1769553076.570676804 547
1769553076.620606899 550
1769553076.670697689 535
1769553076.720561743 550
1769553076.770653725 511
1769553076.821841955 516
1769553076.870646954 509
1769553076.920555830 490
1769553076.970636606 498
1769553077.023498058 478
1769553077.070622683 550
1769553077.120573997 548
1769553077.170655012 534
1769553077.220927477 525
1769553077.270458698 552
1769553077.320618391 518
1769553077.370575190 486
1769553077.420610905 521
1769553077.470515013 541
1769553077.520606279 535
1769553077.572664738 513
1769553077.620463848 530
1769553077.701371193 532
1769553077.734411478 530
1769553077.770509243 494
1769553077.820583582 514
1769553077.871599913 513
1769553077.920508385 527
1769553077.970573664 510
1769553078.020511150 508
1769553078.070671558 520
1769553078.122288942 508
1769553078.170604467 540
1769553078.221624851 558
1769553078.270563126 563
1769553078.328878641 484
1769553078.409305573 529
1769553078.436450481 497
1769553078.470454454 508
1769553078.520568132 523
1769553078.576716661 527
1769553078.620496273 552
1769553078.670542955 519
1769553078.720563889 532
1769553078.770479202 532
1769553078.820571184 539
1769553078.870419025 502
1769553078.920511007 534
1769553078.970418930 500
1769553079.020518303 554
1769553079.071119785 504
1769553079.120485783 532
1769553079.170360804 537
1769553079.220597506 509
1769553079.273245096 532
1769553079.320495844 510
1769553079.370403767 501
1769553079.420510530 499
1769553079.470506668 506
1769553079.520499229 519
1769553079.570465803 526
1769553079.620469332 522
1769553079.672027111 496
1769553079.720475674 492
1769553079.772876501 552
1769553079.820470810 535
1769553079.870376587 487
1769553079.920452595 528
1769553079.970332623 511
1769553080.020469427 510
1769553080.070378780 465
1769553080.120457888 508
1769553080.170243502 518
1769553080.220462322 548
1769553080.270306110 497
1769553080.320449114 552
1769553080.370657682 514
1769553080.420477629 529
1769553080.473153591 528
1769553080.520432711 522
1769553080.570315599 510
1769553080.620581627 530
1769553080.671630144 548
1769553080.720435381 521
1769553080.770317554 509
1769553080.820393801 526
1769553080.870304823 538
1769553080.920421362 505
1769553080.970270395 527
1769553081.020412683 511
1769553081.070264816 525
1769553081.120397329 517
1769553081.170989275 528
1769553081.220403910 530
1769553081.270275593 517
1769553081.320394516 482
1769553081.370177269 514
1769553081.420412779 493
1769553081.470282078 492
1769553081.520414829 487
1769553081.571329117 558
1769553081.620377541 501
1769553081.670230865 504
1769553081.720400810 524
1769553081.770265341 568
1769553081.820388794 569
1769553081.871113300 551
1769553081.920331717 519
1769553081.970250845 546
1769553082.020340919 566
1769553082.084043741 527
1769553082.120262384 547
1769553082.170337439 529
1769553082.220822811 545
1769553082.270311356 517
1769553082.320234776 490
1769553082.370305538 536
1769553082.420222044 508
1769553082.470305681 526
1769553082.520181656 521
1769553082.570325613 548
1769553082.620207071 541
1769553082.670292377 513
1769553082.723269939 528
1769553082.770281792 547
1769553082.820200205 511
1769553082.870298386 572
1769553082.920661449 508
1769553082.970262527 526
1769553083.021101713 502
1769553083.070307016 514
1769553083.120155811 510
1769553083.170250654 513
1769553083.220183372 555
1769553083.270241022 501
1769553083.320103884 530
1769553083.370223522 511
1769553083.420139551 510
1769553083.470226288 515
1769553083.522711277 517
1769553083.570225239 566
1769553083.620136976 523
1769553083.670217991 523
1769553083.720055342 535
1769553083.770243883 565
1769553083.820151091 556
1769553083.870270014 552
1769553083.920099497 564
1769553083.970205069 551
1769553084.024070501 554
1769553084.070177078 554
1769553084.120085478 542
1769553084.170182705 528
1769553084.220028400 543
1769553084.270177603 527
1769553084.320091248 559
1769553084.370173931 542
1769553084.420008183 535
1769553084.470152140 566
1769553084.521619081 542
1769553084.570150375 553
1769553084.620057821 533
1769553084.670154572 553
1769553084.720005035 583
1769553084.770139217 543
1769553084.820035219 545
1769553084.870129824 550
1769553084.920022726 526
1769553084.970121384 549
1769553085.021873713 551
1769553085.070138216 532
1769553085.120056868 547
1769553085.170129061 478
1769553085.222179651 541
1769553085.270063877 540
1769553085.330204010 519
1769553085.370034695 532
1769553085.420074940 520
1769553085.469985485 564
1769553085.520083904 476
1769553085.570175409 535
1769553085.620055199 532
1769553085.669913530 479
1769553085.720066547 490
1769553085.769967318 516
1769553085.820084572 488
1769553085.869963169 494
1769553085.920037746 509
1769553085.969955444 531
1769553086.020056486 496
1769553086.069956303 495
1769553086.120028019 500
1769553086.169924498 520
1769553086.220043659 518
1769553086.269932985 530
1769553086.320017099 545
1769553086.369952202 506
1769553086.419975519 499
1769553086.469895840 507
1769553086.520044565 490
1769553086.569948912 518
1769553086.620032549 535
1769553086.671678543 538
1769553086.720018625 509
1769553086.769931316 521
1769553086.820050716 483
1769553086.871392727 515
1769553086.920037031 477
1769553086.969924688 538
1769553087.020008564 527
1769553087.071002483 563
1769553087.119933605 513
1769553087.170187712 535
1769553087.219837666 511
1769553087.269956350 522
1769553087.319995642 503
1769553087.369933128 487
1769553087.419931889 510
1769553087.469947577 492
1769553087.519952536 549
1769553087.569893599 497
1769553087.619938374 506
1769553087.669904232 507
1769553087.719941378 472
1769553087.769864559 480
1769553087.819953680 494
1769553087.869807243 509
1769553087.919954062 512
1769553087.969808340 482
1769553088.019944429 499
1769553088.069813251 444
1769553088.120025635 498
1769553088.170790434 491
1769553088.219954014 482
1769553088.270787954 508
1769553088.319904327 477
1769553088.369812012 512
1769553088.419918776 485
1769553088.469751596 493
1769553088.519901276 548
1769553088.570836782 542
1769553088.619874001 519
1769553088.669783115 517
1769553088.719935417 528
1769553088.769807816 512
1769553088.819894075 472
1769553088.870353460 492
1769553088.919891119 485
1769553088.973464727 534
1769553089.019851446 516
1769553089.069813013 495
1769553089.119877815 529
1769553089.169794798 529
1769553089.219947815 520
1769553089.271966934 535
1769553089.319986582 530
1769553089.369861364 520
1769553089.419877052 535
1769553089.469756365 505
1769553089.519896030 533
1769553089.569688320 497
1769553089.619910955 498
1769553089.669930696 490
1769553089.719870090 536
1769553089.770929337 519
1769553089.819857597 519
1769553089.869744778 555
1769553089.919833899 518
1769553089.969706774 525
1769553090.019852877 533
1769553090.069824696 537
1769553090.119852304 493
1769553090.169753551 473
1769553090.219816685 472
1769553090.269751310 501
1769553090.319791794 522
1769553090.369667768 479
1769553090.419816494 479
1769553090.473524570 517
1769553090.519794941 502
1769553090.569716454 482
1769553090.619808674 492
1769553090.670756102 526
1769553090.719762325 463
1769553090.769685268 483
1769553090.819795609 505
1769553090.869550943 494
1769553090.919604063 485
1769553090.969695091 501
1769553091.019798517 480
1769553091.069974899 518
1769553091.119772434 494
1769553091.171977043 531
1769553091.219758034 521
1769553091.269654512 532
1769553091.319898367 527
1769553091.371485710 513
1769553091.419718504 508
1769553091.469626188 497
1769553091.519784927 549
1769553091.569915533 502
1769553091.619743347 512
1769553091.669620752 521
1769553091.719741344 502
1769553091.773319244 546
1769553091.819679976 512
1769553091.869655371 505
1769553091.919609308 507
1769553091.969685316 515
1769553092.019618273 457
1769553092.069708586 512
1769553092.119596243 520
1769553092.169687510 526
1769553092.219575882 520
1769553092.269665956 536
1769553092.320053101 508
1769553092.369641304 508
1769553092.419567823 495
1769553092.469628334 516
1769553092.519451857 503
1769553092.569690943 498
1769553092.620617390 503
1769553092.669668198 520
1769553092.719563246 504
1769553092.769649506 498
1769553092.819515705 552
1769553092.869681358 530
1769553092.923235893 505
1769553092.969628334 533
1769553093.019647598 529
1769553093.069645166 512
1769553093.119419336 545
1769553093.169652462 505
1769553093.221783400 486
1769553093.269619703 490
1769553093.319558144 499
1769553093.369611502 527
1769553093.419457436 496
1769553093.469624996 489
1769553093.520336390 486
1769553093.569600344 502
1769553093.619398355 521
1769553093.669585228 524
1769553093.719490528 509
1769553093.769636154 527
1769553093.820646286 514
1769553093.869621515 514
1769553093.919463158 492
1769553093.969541788 504
1769553094.019564390 495
1769553094.069627762 496
1769553094.119451761 468
1769553094.169564486 480
1769553094.219666481 482
1769553094.269617081 525
1769553094.319632053 501
1769553094.369574308 518
1769553094.419425249 508
1769553094.469504356 525
1769553094.519390821 510
1769553094.569627047 528
1769553094.620842695 528
1769553094.669562101 555
1769553094.719409466 504
1769553094.769498587 545
1769553094.819402218 574
1769553094.869594812 524
1769553094.919878721 547
1769553094.969597101 537
1769553095.019342899 529
1769553095.069576740 568
1769553095.121367693 568
1769553095.169520378 535
1769553095.219394922 553
1769553095.269496918 555
1769553095.328449726 542
1769553095.369430780 553
1769553095.419492245 577
1769553095.469400644 526
1769553095.519487381 540
1769553095.570406437 554
1769553095.619511127 553
1769553095.669383526 536
1769553095.719487429 561
1769553095.770507812 533
1769553095.819474697 552
1769553095.870256424 535
1769553095.919430971 516
1769553095.969372988 551
1769553096.019454718 525
1769553096.072059631 568
1769553096.119450808 535
1769553096.169330597 569
1769553096.219447613 548
1769553096.269574404 538
1769553096.319447994 562
1769553096.369767189 555
1769553096.419427156 548
1769553096.469554901 548
1769553096.519434690 552
1769553096.571125031 561
1769553096.619426966 562
1769553096.669316530 548
1769553096.719460011 556
1769553096.769701719 565
1769553096.819430590 561
1769553096.869271517 553
1769553096.919422865 544
1769553096.970515013 565
1769553097.019440651 554
1769553097.069190025 565
1769553097.119287491 548
1769553097.184226036 554
1769553097.219274282 554
1769553097.269384146 535
1769553097.319267273 543
1769553097.369418383 533
1769553097.421194077 548
1769553097.469328642 541
1769553097.519241333 558
1769553097.569368601 561
1769553097.621005297 551
1769553097.669330359 548
1769553097.719185114 550
1769553097.769305706 550
1769553097.819154501 536
1769553097.869313002 550
1769553097.920776606 551
1769553097.969285011 552
1769553098.019187927 548
1769553098.069299459 545
1769553098.119845629 555
1769553098.169236898 557
1769553098.219325066 555
1769553098.269178391 558
1769553098.319281340 564
1769553098.371181011 552
1769553098.419257879 561
1769553098.469157457 548
1769553098.519256353 554
1769553098.573362827 549
1769553098.619241476 553
1769553098.669153690 556
1769553098.719243765 543
1769553098.769536495 555
1769553098.819247723 558
1769553098.875494719 548
1769553098.919213057 552
1769553098.969154119 542
1769553099.019247293 548
1769553099.071653605 548
1769553099.119195223 536
1769553099.196342945 547
1769553099.224397898 543
1769553099.269053698 559
1769553099.319247007 567
1769553099.369138002 578
1769553099.419219255 561
1769553099.483240604 547
1769553099.519100666 549
1769553099.569213390 531
1769553099.619056940 533
1769553099.669192553 554
1769553099.719058275 561
1769553099.769214392 541
1769553099.819102287 532
1769553099.869177341 561
1769553099.919090748 543
1769553099.969178915 534
1769553100.020743608 525
1769553100.069171906 544
1769553100.119072199 543
1769553100.169103861 547
1769553100.219101191 548
1769553100.269163847 535
1769553100.318995237 554
1769553100.369147301 547
1769553100.420167685 545
1769553100.469160080 554
1769553100.519050837 560
1769553100.569169521 544
1769553100.622879028 544
1769553100.669137001 546
1769553100.719049454 549
1769553100.769111872 556
1769553100.819029093 546
1769553100.869066715 563
1769553100.922378063 562
1769553100.969074726 566
1769553101.019010544 562
1769553101.069084167 563
1769553101.119000435 553
1769553101.168974400 566
1769553101.219031334 568
1769553101.269036531 570
1769553101.319061041 552
1769553101.369070053 555
1769553101.419049978 562
1769553101.469057798 566
1769553101.519083261 567
1769553101.569058418 568
1769553101.619077206 566
1769553101.669039011 576
1769553101.719063282 550
1769553101.769028902 555
1769553101.819099903 563
1769553101.868979931 565
1769553101.919047594 577
1769553101.968954563 572
1769553102.019056797 571
1769553102.069862127 555
1769553102.119061947 556
1769553102.172463417 561
1769553102.219016552 571
1769553102.268971682 561
1769553102.319005966 567
1769553102.368935823 558
1769553102.419051409 556
1769553102.468886614 560
1769553102.519019604 558
1769553102.568899870 571
1769553102.618995905 558
1769553102.668891430 582
1769553102.718935251 573
1769553102.768917084 576
1769553102.819008827 575
1769553102.868897200 575
1769553102.918981314 542
1769553102.968901873 559
1769553103.018992662 585
1769553103.070430994 592
1769553103.118964195 578
1769553103.169133425 568
1769553103.219034910 565
1769553103.268884659 579
1769553103.318882704 563
1769553103.368897200 575
1769553103.418990612 574
1769553103.471549273 569
1769553103.518952608 582
1769553103.568879128 584
1769553103.618951321 570
1769553103.668779373 566
1769553103.718936920 587
1769553103.768964529 581
1769553103.818926573 576
1769553103.868842125 571
1769553103.918867111 571
1769553103.969112158 581
1769553104.018811941 574
1769553104.068817377 572
1769553104.118849277 581
1769553104.168786526 586
1769553104.218815327 573
1769553104.268936634 578
1769553104.319883585 581
1769553104.368909836 574
1769553104.418792009 577
1769553104.468876600 584
1769553104.518809080 579
1769553104.568934202 570
1769553104.618801117 574
1769553104.668891191 567
1769553104.718780756 577
1769553104.768862963 580
1769553104.819748163 585
1769553104.868770838 567
1769553104.918677807 563
1769553104.968701839 582
1769553105.018822908 582
1769553105.068838596 579
1769553105.118874788 570
1769553105.168769598 583
1769553105.218839407 565
1769553105.268753052 587
1769553105.318896055 571
