387.529923677 0
405.679920912 0
405.730061293 0
405.730061293 0
405.930034399 0
405.930034399 0
405.930034399 0
405.980468512 0
405.980468512 0
405.980468512 1
405.980468512 0
406.030053377 0
406.030053377 1
406.030053377 0
406.030053377 0
406.030053377 0
406.130056143 1
406.130056143 1
406.130056143 0
406.130056143 1
406.130056143 0
406.130056143 0
406.179952621 1
406.179952621 0
406.179952621 1
406.179952621 1
406.179952621 1
406.179952621 0
406.179952621 0
406.230061054 0
406.230061054 0
406.230061054 1
406.230061054 0
406.230061054 1
406.230061054 0
406.230061054 1
406.230061054 0
406.280972481 1
406.280972481 0
406.280972481 1
406.280972481 3
406.280972481 0
406.280972481 0
406.280972481 0
406.379961252 0
406.379961252 1
406.379961252 0
406.379961252 0
406.379961252 2
406.379961252 1
406.379961252 0
406.379961252 0
406.379961252 0
406.430056334 0
406.430056334 0
406.430056334 0
406.430056334 2
406.430056334 3
406.430056334 0
406.430056334 0
406.430056334 0
406.579977512 1
406.579977512 1
406.579977512 1
406.579977512 2
406.579977512 0
406.579977512 1
406.579977512 0
406.579977512 1
406.579977512 0
406.579977512 0
406.630146742 0
406.630146742 0
406.630146742 1
406.630146742 1
406.630146742 0
406.630146742 1
406.630146742 1
406.630146742 0
406.630146742 0
406.630146742 0
406.679981709 0
406.679981709 0
406.679981709 0
406.679981709 0
406.679981709 0
406.679981709 0
406.679981709 0
406.679981709 0
406.679981709 0
406.830051899 0
406.830051899 2
406.830051899 0
406.830051899 0
406.830051899 1
406.830051899 0
406.830051899 0
406.830051899 0
406.830051899 0
406.830051899 0
406.880594254 0
406.880594254 0
406.880594254 0
406.880594254 1
406.880594254 0
406.880594254 0
406.880594254 0
406.880594254 2
406.880594254 2
406.880594254 0
406.930043221 0
406.930043221 0
406.930043221 0
406.930043221 0
406.930043221 0
406.930043221 1
406.930043221 0
406.930043221 0
406.930043221 0
406.930043221 0
406.930043221 0
407.030116558 0
407.030116558 1
407.030116558 1
407.030116558 0
407.030116558 0
407.030116558 0
407.030116558 0
407.030116558 0
407.030116558 0
407.030116558 0
407.030116558 0
407.030116558 0
407.030116558 0
407.181507349 1
407.181507349 0
407.181507349 1
407.181507349 0
407.181507349 0
407.181507349 2
407.181507349 1
407.181507349 0
407.181507349 0
407.181507349 0
407.181507349 1
407.181507349 1
407.181507349 0
407.181507349 0
407.280021429 0
407.280021429 0
407.280021429 0
407.280021429 0
407.280021429 0
407.280021429 0
407.280021429 1
407.280021429 1
407.280021429 0
407.280021429 0
407.280021429 0
407.280021429 0
407.280021429 0
407.280021429 0
407.379986286 0
407.379986286 0
407.379986286 1
407.379986286 0
407.379986286 0
407.379986286 0
407.379986286 2
407.379986286 0
407.379986286 0
407.379986286 0
407.379986286 0
407.379986286 0
407.379986286 0
407.379986286 0
407.430088520 0
407.430088520 0
407.430088520 0
407.430088520 0
407.430088520 0
407.430088520 0
407.430088520 1
407.430088520 0
407.430088520 0
407.430088520 0
407.430088520 0
407.430088520 0
407.430088520 0
407.430088520 0
407.530087709 2
407.530087709 0
407.530087709 3
407.530087709 0
407.530087709 0
407.530087709 1
407.530087709 0
407.530087709 0
407.530087709 0
407.530087709 0
407.530087709 0
407.530087709 0
407.530087709 0
407.530087709 0
407.530087709 0
407.530087709 0
407.630063534 1
407.630063534 4
407.630063534 2
407.630063534 2
407.630063534 1
407.630063534 0
407.630063534 0
407.630063534 0
407.630063534 0
407.630063534 1
407.630063534 0
407.630063534 0
407.630063534 0
407.630063534 0
407.630063534 0
407.630063534 0
407.784070969 1
407.784070969 1
407.784070969 0
407.784070969 1
407.784070969 0
407.784070969 0
407.784070969 0
407.784070969 0
407.784070969 0
407.784070969 0
407.784070969 0
407.784070969 0
407.784070969 0
407.784070969 0
407.784070969 0
407.784070969 0
407.830038071 1
407.830038071 2
407.830038071 0
407.830038071 0
407.830038071 0
407.830038071 0
407.830038071 0
407.830038071 0
407.830038071 0
407.830038071 1
407.830038071 0
407.830038071 0
407.830038071 0
407.830038071 1
407.830038071 1
407.880005360 3
407.880005360 1
407.880005360 1
407.880005360 1
407.880005360 0
407.880005360 0
407.880005360 0
407.880005360 1
407.880005360 0
407.880005360 0
407.880005360 0
407.880005360 0
407.880005360 0
407.880005360 0
407.880005360 1
407.979987860 1
407.979987860 0
407.979987860 0
407.979987860 3
407.979987860 0
407.979987860 0
407.979987860 2
407.979987860 0
407.979987860 0
407.979987860 0
407.979987860 1
407.979987860 0
407.979987860 0
407.979987860 0
407.979987860 0
407.979987860 0
407.979987860 1
408.079994917 3
408.079994917 2
408.079994917 1
408.079994917 0
408.079994917 3
408.079994917 0
408.079994917 0
408.079994917 0
408.079994917 1
408.079994917 0
408.079994917 0
408.079994917 0
408.079994917 1
408.079994917 0
408.079994917 0
408.079994917 0
408.079994917 0
408.180013418 0
408.180013418 1
408.180013418 0
408.180013418 0
408.180013418 1
408.180013418 0
408.180013418 0
408.180013418 0
408.180013418 0
408.180013418 2
408.180013418 0
408.180013418 0
408.180013418 0
408.180013418 0
408.180013418 0
408.180013418 0
408.180013418 0
408.180013418 1
408.279983521 4
408.279983521 2
408.279983521 0
408.279983521 3
408.279983521 1
408.279983521 1
408.279983521 0
408.279983521 0
408.279983521 0
408.279983521 0
408.279983521 0
408.279983521 0
408.279983521 1
408.279983521 0
408.279983521 0
408.279983521 0
408.279983521 0
408.279983521 0
408.430134296 1
408.430134296 3
408.430134296 1
408.430134296 1
408.430134296 1
408.430134296 0
408.430134296 1
408.430134296 1
408.430134296 0
408.430134296 0
408.430134296 0
408.430134296 0
408.430134296 1
408.430134296 0
408.430134296 0
408.430134296 0
408.430134296 0
408.430134296 0
408.430134296 0
408.530090570 0
408.530090570 0
408.530090570 0
408.530090570 0
408.530090570 1
408.530090570 0
408.530090570 1
408.530090570 0
408.530090570 1
408.530090570 0
408.530090570 0
408.530090570 0
408.530090570 0
408.530090570 0
408.530090570 0
408.530090570 0
408.530090570 0
408.530090570 0
408.530090570 0
408.630060434 2
408.630060434 1
408.630060434 1
408.630060434 0
408.630060434 1
408.630060434 0
408.630060434 0
408.630060434 1
408.630060434 1
408.630060434 0
408.630060434 0
408.630060434 1
408.630060434 0
408.630060434 1
408.630060434 0
408.630060434 0
408.630060434 0
408.630060434 0
408.630060434 0
408.630060434 0
408.679971218 0
408.679971218 2
408.679971218 0
408.679971218 1
408.679971218 1
408.679971218 2
408.679971218 0
408.679971218 1
408.679971218 1
408.679971218 0
408.679971218 0
408.679971218 1
408.679971218 0
408.679971218 1
408.679971218 0
408.679971218 0
408.679971218 0
408.679971218 0
408.679971218 0
408.679971218 0
408.679971218 0
408.730050564 0
408.730050564 2
408.730050564 0
408.730050564 1
408.730050564 0
408.730050564 4
408.730050564 0
408.730050564 0
408.730050564 1
408.730050564 0
408.730050564 0
408.730050564 0
408.730050564 0
408.730050564 0
408.730050564 0
408.730050564 0
408.730050564 0
408.730050564 0
408.730050564 0
408.730050564 1
408.780709982 2
408.780709982 1
408.780709982 3
408.780709982 1
408.780709982 2
408.780709982 3
408.780709982 0
408.780709982 0
408.780709982 1
408.780709982 1
408.780709982 2
408.780709982 0
408.780709982 0
408.780709982 0
408.780709982 0
408.780709982 0
408.780709982 0
408.780709982 0
408.780709982 0
408.780709982 0
408.879910946 1
408.879910946 1
408.879910946 2
408.879910946 1
408.879910946 0
408.879910946 0
408.879910946 0
408.879910946 0
408.879910946 1
408.879910946 1
408.879910946 0
408.879910946 2
408.879910946 0
408.879910946 1
408.879910946 0
408.879910946 0
408.879910946 0
408.879910946 0
408.879910946 0
408.879910946 0
408.879910946 1
408.984327078 2
408.984327078 4
408.984327078 2
408.984327078 0
408.984327078 3
408.984327078 0
408.984327078 2
408.984327078 1
408.984327078 0
408.984327078 0
408.984327078 1
408.984327078 0
408.984327078 2
408.984327078 0
408.984327078 0
408.984327078 0
408.984327078 0
408.984327078 0
408.984327078 0
408.984327078 0
408.984327078 0
408.984327078 0
409.080014944 3
409.080014944 0
409.080014944 2
409.080014944 2
409.080014944 0
409.080014944 0
409.080014944 1
409.080014944 1
409.080014944 2
409.080014944 0
409.080014944 0
409.080014944 0
409.080014944 1
409.080014944 0
409.080014944 0
409.080014944 0
409.080014944 0
409.080014944 0
409.080014944 0
409.080014944 0
409.080014944 1
409.080014944 0
409.080014944 0
409.179964304 0
409.179964304 3
409.179964304 0
409.179964304 0
409.179964304 0
409.179964304 3
409.179964304 1
409.179964304 0
409.179964304 1
409.179964304 1
409.179964304 0
409.179964304 2
409.179964304 0
409.179964304 0
409.179964304 2
409.179964304 0
409.179964304 0
409.179964304 0
409.179964304 0
409.179964304 0
409.179964304 0
409.179964304 1
409.179964304 0
409.284715414 2
409.284715414 1
409.284715414 2
409.284715414 1
409.284715414 1
409.284715414 0
409.284715414 0
409.284715414 2
409.284715414 2
409.284715414 0
409.284715414 1
409.284715414 0
409.284715414 1
409.284715414 1
409.284715414 0
409.284715414 0
409.284715414 0
409.284715414 1
409.284715414 0
409.284715414 0
409.284715414 0
409.284715414 0
409.284715414 2
409.380009890 4
409.380009890 5
409.380009890 1
409.380009890 4
409.380009890 1
409.380009890 0
409.380009890 2
409.380009890 0
409.380009890 0
409.380009890 0
409.380009890 0
409.380009890 1
409.380009890 0
409.380009890 0
409.380009890 0
409.380009890 0
409.380009890 0
409.380009890 0
409.380009890 0
409.380009890 0
409.380009890 0
409.380009890 0
409.380009890 0
409.380009890 0
409.479962111 3
409.479962111 0
409.479962111 1
409.479962111 1
409.479962111 0
409.479962111 0
409.479962111 0
409.479962111 2
409.479962111 1
409.479962111 2
409.479962111 1
409.479962111 0
409.479962111 0
409.479962111 0
409.479962111 1
409.479962111 1
409.479962111 0
409.479962111 1
409.479962111 0
409.479962111 0
409.479962111 0
409.479962111 0
409.479962111 0
409.479962111 0
409.479962111 0
409.580661535 0
409.580661535 1
409.580661535 1
409.580661535 1
409.580661535 0
409.580661535 0
409.580661535 1
409.580661535 2
409.580661535 0
409.580661535 0
409.580661535 1
409.580661535 1
409.580661535 0
409.580661535 0
409.580661535 0
409.580661535 0
409.580661535 0
409.580661535 0
409.580661535 0
409.580661535 0
409.580661535 0
409.580661535 0
409.580661535 0
409.580661535 0
409.580661535 0
409.580661535 0
409.679973841 3
409.679973841 3
409.679973841 2
409.679973841 2
409.679973841 1
409.679973841 0
409.679973841 1
409.679973841 0
409.679973841 0
409.679973841 0
409.679973841 0
409.679973841 0
409.679973841 1
409.679973841 1
409.679973841 0
409.679973841 0
409.679973841 0
409.679973841 1
409.679973841 0
409.679973841 0
409.679973841 0
409.679973841 0
409.679973841 0
409.679973841 0
409.679973841 0
409.679973841 0
409.781357288 0
409.781357288 0
409.781357288 0
409.781357288 2
409.781357288 3
409.781357288 2
409.781357288 0
409.781357288 0
409.781357288 0
409.781357288 0
409.781357288 1
409.781357288 1
409.781357288 0
409.781357288 0
409.781357288 0
409.781357288 1
409.781357288 0
409.781357288 1
409.781357288 0
409.781357288 0
409.781357288 0
409.781357288 0
409.781357288 0
409.781357288 0
409.781357288 0
409.781357288 0
409.883573294 3
409.883573294 0
409.883573294 1
409.883573294 2
409.883573294 1
409.883573294 0
409.883573294 0
409.883573294 0
409.883573294 1
409.883573294 0
409.883573294 0
409.883573294 0
409.883573294 1
409.883573294 0
409.883573294 1
409.883573294 1
409.883573294 0
409.883573294 0
409.883573294 0
409.883573294 0
409.883573294 0
409.883573294 0
409.883573294 0
409.883573294 0
409.883573294 0
409.883573294 0
409.883573294 0
409.979990005 0
409.979990005 0
409.979990005 1
409.979990005 0
409.979990005 0
409.979990005 1
409.979990005 0
409.979990005 0
409.979990005 1
409.979990005 0
409.979990005 0
409.979990005 0
409.979990005 0
409.979990005 0
409.979990005 0
409.979990005 0
409.979990005 0
409.979990005 0
409.979990005 0
409.979990005 0
409.979990005 0
409.979990005 0
409.979990005 0
409.979990005 0
409.979990005 0
409.979990005 0
409.979990005 0
410.080018282 0
410.080018282 0
410.080018282 1
410.080018282 0
410.080018282 1
410.080018282 1
410.080018282 1
410.080018282 1
410.080018282 0
410.080018282 0
410.080018282 0
410.080018282 0
410.080018282 0
410.080018282 0
410.080018282 0
410.080018282 2
410.080018282 3
410.080018282 3
410.080018282 1
410.080018282 0
410.080018282 0
410.080018282 1
410.080018282 0
410.080018282 0
410.080018282 0
410.080018282 0
410.080018282 0
410.080018282 0
410.180552721 2
410.180552721 0
410.180552721 3
410.180552721 0
410.180552721 0
410.180552721 0
410.180552721 2
410.180552721 2
410.180552721 0
410.180552721 0
410.180552721 0
410.180552721 0
410.180552721 0
410.180552721 0
410.180552721 0
410.180552721 0
410.180552721 0
410.180552721 0
410.180552721 0
410.180552721 1
410.180552721 0
410.180552721 0
410.180552721 0
410.180552721 0
410.180552721 0
410.180552721 0
410.180552721 0
410.180552721 0
410.279988289 0
410.279988289 1
410.279988289 1
410.279988289 0
410.279988289 0
410.279988289 0
410.279988289 1
410.279988289 2
410.279988289 2
410.279988289 0
410.279988289 1
410.279988289 0
410.279988289 0
410.279988289 1
410.279988289 1
410.279988289 0
410.279988289 1
410.279988289 0
410.279988289 2
410.279988289 0
410.279988289 0
410.279988289 0
410.279988289 1
410.279988289 0
410.279988289 0
410.279988289 0
410.279988289 0
410.279988289 0
410.430117607 0
410.430117607 0
410.430117607 0
410.430117607 0
410.430117607 1
410.430117607 1
410.430117607 0
410.430117607 0
410.430117607 0
410.430117607 0
410.430117607 0
410.430117607 0
410.430117607 0
410.430117607 0
410.430117607 0
410.430117607 0
410.430117607 0
410.430117607 0
410.430117607 0
410.430117607 1
410.430117607 0
410.430117607 0
410.430117607 0
410.430117607 0
410.430117607 0
410.430117607 0
410.430117607 0
410.430117607 0
410.430117607 0
410.580028057 0
410.580028057 1
410.580028057 0
410.580028057 0
410.580028057 0
410.580028057 1
410.580028057 1
410.580028057 0
410.580028057 0
410.580028057 0
410.580028057 1
410.580028057 0
410.580028057 0
410.580028057 1
410.580028057 0
410.580028057 0
410.580028057 0
410.580028057 0
410.580028057 0
410.580028057 0
410.580028057 0
410.580028057 1
410.580028057 0
410.580028057 0
410.580028057 0
410.580028057 0
410.580028057 0
410.580028057 0
410.580028057 0
410.580028057 0
410.730079889 0
410.730079889 0
410.730079889 1
410.730079889 0
410.730079889 1
410.730079889 0
410.730079889 0
410.730079889 1
410.730079889 1
410.730079889 0
410.730079889 0
410.730079889 0
410.730079889 0
410.730079889 0
410.730079889 0
410.730079889 0
410.730079889 1
410.730079889 0
410.730079889 0
410.730079889 0
410.730079889 0
410.730079889 0
410.730079889 0
410.730079889 0
410.730079889 0
410.730079889 0
410.730079889 0
410.730079889 0
410.730079889 0
410.730079889 0
410.830077648 2
410.830077648 0
410.830077648 0
410.830077648 0
410.830077648 0
410.830077648 0
410.830077648 0
410.830077648 0
410.830077648 0
410.830077648 0
410.830077648 0
410.830077648 0
410.830077648 0
410.830077648 0
410.830077648 0
410.830077648 0
410.830077648 0
410.830077648 1
410.830077648 0
410.830077648 0
410.830077648 1
410.830077648 0
410.830077648 0
410.830077648 0
410.830077648 0
410.830077648 0
410.830077648 0
410.830077648 0
410.830077648 0
410.929972172 0
410.929972172 0
410.929972172 1
410.929972172 0
410.929972172 0
410.929972172 0
410.929972172 0
410.929972172 0
410.929972172 0
410.929972172 1
410.929972172 0
410.929972172 1
410.929972172 0
410.929972172 0
410.929972172 0
410.929972172 0
410.929972172 0
410.929972172 0
410.929972172 0
410.929972172 2
410.929972172 0
410.929972172 0
410.929972172 0
410.929972172 2
410.929972172 0
410.929972172 0
410.929972172 0
410.929972172 0
410.929972172 0
411.030160189 0
411.030160189 0
411.030160189 0
411.030160189 0
411.030160189 0
411.030160189 1
411.030160189 0
411.030160189 0
411.030160189 0
411.030160189 0
411.030160189 0
411.030160189 0
411.030160189 0
411.030160189 0
411.030160189 0
411.030160189 1
411.030160189 0
411.030160189 0
411.030160189 0
411.030160189 0
411.030160189 0
411.030160189 0
411.030160189 0
411.030160189 0
411.030160189 0
411.030160189 0
411.030160189 0
411.030160189 0
411.030160189 0
411.130080938 1
411.130080938 0
411.130080938 1
411.130080938 2
411.130080938 0
411.130080938 0
411.130080938 0
411.130080938 0
411.130080938 0
411.130080938 1
411.130080938 0
411.130080938 1
411.130080938 0
411.130080938 0
411.130080938 0
411.130080938 0
411.130080938 0
411.130080938 1
411.130080938 0
411.130080938 0
411.130080938 0
411.130080938 0
411.130080938 0
411.130080938 1
411.130080938 0
411.130080938 0
411.130080938 0
411.130080938 0
411.130080938 0
411.330147505 0
411.330147505 0
411.330147505 1
411.330147505 0
411.330147505 0
411.330147505 0
411.330147505 2
411.330147505 0
411.330147505 0
411.330147505 0
411.330147505 1
411.330147505 0
411.330147505 0
411.330147505 0
411.330147505 0
411.330147505 2
411.330147505 0
411.330147505 0
411.330147505 0
411.330147505 0
411.330147505 0
411.330147505 1
411.330147505 0
411.330147505 0
411.330147505 0
411.330147505 0
411.330147505 0
411.330147505 0
411.330147505 0
411.330147505 0
411.430105686 0
411.430105686 0
411.430105686 0
411.430105686 1
411.430105686 0
411.430105686 2
411.430105686 0
411.430105686 0
411.430105686 0
411.430105686 1
411.430105686 0
411.430105686 0
411.430105686 0
411.430105686 0
411.430105686 0
411.430105686 1
411.430105686 0
411.430105686 1
411.430105686 0
411.430105686 0
411.430105686 0
411.430105686 0
411.430105686 0
411.430105686 0
411.430105686 0
411.430105686 1
411.430105686 0
411.430105686 0
411.430105686 0
411.630163193 8
411.630163193 6
411.630163193 0
411.630163193 0
411.630163193 0
411.630163193 0
411.630163193 0
411.630163193 0
411.630163193 5
411.630163193 0
411.630163193 0
411.630163193 1
411.630163193 0
411.630163193 0
411.630163193 0
411.630163193 0
411.630163193 2
411.630163193 0
411.630163193 0
411.630163193 0
411.630163193 0
411.630163193 0
411.630163193 0
411.630163193 0
411.630163193 0
411.630163193 0
411.630163193 0
411.630163193 0
411.630163193 0
411.630163193 0
411.780016184 1
411.780016184 5
411.780016184 2
411.780016184 0
411.780016184 1
411.780016184 3
411.780016184 0
411.780016184 0
411.780016184 1
411.780016184 0
411.780016184 2
411.780016184 0
411.780016184 0
411.780016184 1
411.780016184 1
411.780016184 0
411.780016184 0
411.780016184 0
411.780016184 0
411.780016184 2
411.780016184 0
411.780016184 0
411.780016184 0
411.780016184 0
411.780016184 0
411.780016184 0
411.780016184 0
411.780016184 1
411.780016184 0
411.780016184 0
411.881289959 4
411.881289959 5
411.881289959 4
411.881289959 0
411.881289959 2
411.881289959 0
411.881289959 0
411.881289959 0
411.881289959 2
411.881289959 0
411.881289959 0
411.881289959 1
411.881289959 0
411.881289959 0
411.881289959 0
411.881289959 0
411.881289959 0
411.881289959 1
411.881289959 0
411.881289959 0
411.881289959 0
411.881289959 0
411.881289959 0
411.881289959 0
411.881289959 0
411.881289959 0
411.881289959 0
411.881289959 0
411.881289959 0
411.979997396 1
411.979997396 1
411.979997396 0
411.979997396 0
411.979997396 1
411.979997396 0
411.979997396 0
411.979997396 0
411.979997396 0
411.979997396 1
411.979997396 0
411.979997396 0
411.979997396 0
411.979997396 0
411.979997396 0
411.979997396 0
411.979997396 0
411.979997396 0
411.979997396 0
411.979997396 0
411.979997396 0
411.979997396 0
411.979997396 0
411.979997396 0
411.979997396 0
411.979997396 2
411.979997396 0
411.979997396 0
411.979997396 0
412.184506416 6
412.184506416 0
412.184506416 3
412.184506416 4
412.184506416 4
412.184506416 0
412.184506416 0
412.184506416 0
412.184506416 0
412.184506416 0
412.184506416 0
412.184506416 2
412.184506416 0
412.184506416 2
412.184506416 0
412.184506416 0
412.184506416 2
412.184506416 1
412.184506416 3
412.184506416 0
412.184506416 0
412.184506416 1
412.184506416 0
412.184506416 0
412.184506416 0
412.184506416 0
412.184506416 0
412.184506416 0
412.184506416 0
412.184506416 0
412.330117941 2
412.330117941 2
412.330117941 1
412.330117941 3
412.330117941 3
412.330117941 7
412.330117941 3
412.330117941 1
412.330117941 0
412.330117941 0
412.330117941 0
412.330117941 0
412.330117941 2
412.330117941 2
412.330117941 0
412.330117941 0
412.330117941 0
412.330117941 1
412.330117941 1
412.330117941 0
412.330117941 0
412.330117941 0
412.330117941 0
412.330117941 3
412.330117941 0
412.330117941 0
412.330117941 0
412.330117941 0
412.330117941 0
412.330117941 0
412.480017185 4
412.480017185 3
412.480017185 2
412.480017185 2
412.480017185 5
412.480017185 2
412.480017185 4
412.480017185 2
412.480017185 0
412.480017185 0
412.480017185 0
412.480017185 1
412.480017185 0
412.480017185 0
412.480017185 0
412.480017185 0
412.480017185 0
412.480017185 0
412.480017185 0
412.480017185 0
412.480017185 0
412.480017185 0
412.480017185 0
412.480017185 0
412.480017185 0
412.480017185 0
412.480017185 0
412.480017185 0
412.480017185 0
412.480017185 0
412.730129242 2
412.730129242 3
412.730129242 1
412.730129242 2
412.730129242 1
412.730129242 1
412.730129242 1
412.730129242 1
412.730129242 2
412.730129242 0
412.730129242 0
412.730129242 1
412.730129242 0
412.730129242 0
412.730129242 1
412.730129242 0
412.730129242 0
412.730129242 0
412.730129242 0
412.730129242 0
412.730129242 2
412.730129242 1
412.730129242 0
412.730129242 0
412.730129242 0
412.730129242 0
412.730129242 1
412.730129242 0
412.730129242 0
412.730129242 0
412.830103636 0
412.830103636 0
412.830103636 0
412.830103636 0
412.830103636 1
412.830103636 0
412.830103636 0
412.830103636 1
412.830103636 0
412.830103636 0
412.830103636 0
412.830103636 0
412.830103636 0
412.830103636 0
412.830103636 0
412.830103636 0
412.830103636 0
412.830103636 0
412.830103636 0
412.830103636 0
412.830103636 0
412.830103636 0
412.830103636 0
412.830103636 0
412.830103636 0
412.830103636 0
412.830103636 0
412.830103636 0
412.830103636 0
412.930118561 0
412.930118561 0
412.930118561 1
412.930118561 1
412.930118561 2
412.930118561 2
412.930118561 3
412.930118561 2
412.930118561 2
412.930118561 3
412.930118561 0
412.930118561 1
412.930118561 0
412.930118561 0
412.930118561 0
412.930118561 0
412.930118561 0
412.930118561 0
412.930118561 1
412.930118561 0
412.930118561 0
412.930118561 0
412.930118561 0
412.930118561 1
412.930118561 0
412.930118561 0
412.930118561 0
412.930118561 0
412.930118561 0
413.030110121 0
413.030110121 0
413.030110121 1
413.030110121 1
413.030110121 0
413.030110121 2
413.030110121 2
413.030110121 2
413.030110121 2
413.030110121 1
413.030110121 0
413.030110121 0
413.030110121 0
413.030110121 0
413.030110121 1
413.030110121 0
413.030110121 0
413.030110121 0
413.030110121 0
413.030110121 0
413.030110121 0
413.030110121 0
413.030110121 0
413.030110121 0
413.030110121 1
413.030110121 0
413.030110121 0
413.030110121 0
413.030110121 0
413.130063534 0
413.130063534 0
413.130063534 0
413.130063534 1
413.130063534 2
413.130063534 3
413.130063534 1
413.130063534 2
413.130063534 1
413.130063534 2
413.130063534 1
413.130063534 0
413.130063534 0
413.130063534 0
413.130063534 0
413.130063534 1
413.130063534 0
413.130063534 0
413.130063534 0
413.130063534 0
413.130063534 0
413.130063534 1
413.130063534 0
413.130063534 0
413.130063534 0
413.130063534 0
413.130063534 0
413.130063534 0
413.130063534 0
413.280215502 1
413.280215502 1
413.280215502 1
413.280215502 1
413.280215502 2
413.280215502 1
413.280215502 2
413.280215502 1
413.280215502 2
413.280215502 4
413.280215502 3
413.280215502 1
413.280215502 0
413.280215502 0
413.280215502 0
413.280215502 0
413.280215502 1
413.280215502 0
413.280215502 0
413.280215502 0
413.280215502 1
413.280215502 0
413.280215502 3
413.280215502 0
413.280215502 0
413.280215502 1
413.280215502 1
413.280215502 0
413.280215502 0
413.280215502 0
413.380316019 2
413.380316019 0
413.380316019 1
413.380316019 1
413.380316019 0
413.380316019 6
413.380316019 0
413.380316019 2
413.380316019 2
413.380316019 3
413.380316019 1
413.380316019 2
413.380316019 0
413.380316019 0
413.380316019 0
413.380316019 1
413.380316019 0
413.380316019 0
413.380316019 0
413.380316019 1
413.380316019 0
413.380316019 0
413.380316019 1
413.380316019 0
413.380316019 0
413.380316019 0
413.380316019 0
413.380316019 0
413.380316019 0
413.480022669 0
413.480022669 0
413.480022669 0
413.480022669 0
413.480022669 0
413.480022669 0
413.480022669 2
413.480022669 0
413.480022669 0
413.480022669 1
413.480022669 0
413.480022669 0
413.480022669 0
413.480022669 0
413.480022669 0
413.480022669 0
413.480022669 0
413.480022669 0
413.480022669 0
413.480022669 0
413.480022669 0
413.480022669 0
413.480022669 0
413.480022669 0
413.480022669 0
413.480022669 0
413.480022669 0
413.480022669 0
413.480022669 0
413.580687523 1
413.580687523 0
413.580687523 0
413.580687523 1
413.580687523 0
413.580687523 2
413.580687523 0
413.580687523 0
413.580687523 0
413.580687523 0
413.580687523 0
413.580687523 0
413.580687523 1
413.580687523 0
413.580687523 0
413.580687523 0
413.580687523 0
413.580687523 0
413.580687523 0
413.580687523 0
413.580687523 0
413.580687523 1
413.580687523 0
413.580687523 0
413.580687523 0
413.580687523 0
413.580687523 0
413.580687523 0
413.580687523 0
413.730107307 6
413.730107307 11
413.730107307 0
413.730107307 0
413.730107307 0
413.730107307 0
413.730107307 0
413.730107307 1
413.730107307 2
413.730107307 1
413.730107307 2
413.730107307 0
413.730107307 1
413.730107307 1
413.730107307 0
413.730107307 0
413.730107307 0
413.730107307 0
413.730107307 0
413.730107307 0
413.730107307 0
413.730107307 0
413.730107307 0
413.730107307 0
413.730107307 0
413.730107307 0
413.730107307 0
413.730107307 0
413.730107307 0
413.730107307 0
413.830132723 2
413.830132723 6
413.830132723 0
413.830132723 0
413.830132723 1
413.830132723 1
413.830132723 0
413.830132723 0
413.830132723 0
413.830132723 0
413.830132723 0
413.830132723 0
413.830132723 0
413.830132723 0
413.830132723 0
413.830132723 0
413.830132723 0
413.830132723 1
413.830132723 0
413.830132723 0
413.830132723 0
413.830132723 0
413.830132723 0
413.830132723 0
413.830132723 0
413.830132723 0
413.830132723 0
413.830132723 0
413.830132723 0
413.930117130 5
413.930117130 1
413.930117130 4
413.930117130 0
413.930117130 0
413.930117130 2
413.930117130 0
413.930117130 2
413.930117130 0
413.930117130 0
413.930117130 0
413.930117130 0
413.930117130 1
413.930117130 0
413.930117130 0
413.930117130 0
413.930117130 0
413.930117130 0
413.930117130 0
413.930117130 0
413.930117130 0
413.930117130 0
413.930117130 0
413.930117130 0
413.930117130 0
413.930117130 0
413.930117130 0
413.930117130 0
413.930117130 0
414.030132294 5
414.030132294 4
414.030132294 4
414.030132294 4
414.030132294 0
414.030132294 1
414.030132294 1
414.030132294 1
414.030132294 0
414.030132294 1
414.030132294 1
414.030132294 0
414.030132294 0
414.030132294 0
414.030132294 1
414.030132294 0
414.030132294 0
414.030132294 0
414.030132294 0
414.030132294 0
414.030132294 0
414.030132294 0
414.030132294 0
414.030132294 0
414.030132294 0
414.030132294 1
414.030132294 0
414.030132294 0
414.030132294 0
414.130135059 1
414.130135059 6
414.130135059 1
414.130135059 1
414.130135059 0
414.130135059 0
414.130135059 0
414.130135059 1
414.130135059 0
414.130135059 0
414.130135059 0
414.130135059 0
414.130135059 0
414.130135059 0
414.130135059 0
414.130135059 1
414.130135059 0
414.130135059 0
414.130135059 0
414.130135059 0
414.130135059 0
414.130135059 0
414.130135059 0
414.130135059 0
414.130135059 0
414.130135059 0
414.130135059 0
414.130135059 0
414.130135059 0
414.230136395 3
414.230136395 0
414.230136395 2
414.230136395 0
414.230136395 0
414.230136395 1
414.230136395 0
414.230136395 2
414.230136395 0
414.230136395 0
414.230136395 0
414.230136395 0
414.230136395 1
414.230136395 0
414.230136395 0
414.230136395 0
414.230136395 0
414.230136395 0
414.230136395 0
414.230136395 0
414.230136395 0
414.230136395 0
414.230136395 0
414.230136395 0
414.230136395 0
414.230136395 0
414.230136395 0
414.230136395 0
414.230136395 0
414.330084324 3
414.330084324 5
414.330084324 2
414.330084324 4
414.330084324 0
414.330084324 0
414.330084324 0
414.330084324 0
414.330084324 0
414.330084324 0
414.330084324 0
414.330084324 0
414.330084324 0
414.330084324 0
414.330084324 0
414.330084324 0
414.330084324 0
414.330084324 0
414.330084324 0
414.330084324 0
414.330084324 0
414.330084324 0
414.330084324 0
414.330084324 0
414.330084324 0
414.330084324 0
414.330084324 0
414.330084324 0
414.330084324 0
414.430129051 2
414.430129051 7
414.430129051 3
414.430129051 4
414.430129051 3
414.430129051 2
414.430129051 0
414.430129051 1
414.430129051 1
414.430129051 0
414.430129051 0
414.430129051 0
414.430129051 0
414.430129051 1
414.430129051 0
414.430129051 1
414.430129051 0
414.430129051 0
414.430129051 0
414.430129051 0
414.430129051 0
414.430129051 0
414.430129051 0
414.430129051 0
414.430129051 0
414.430129051 0
414.430129051 0
414.430129051 0
414.430129051 2
414.579977512 2
414.579977512 2
414.579977512 10
414.579977512 0
414.579977512 5
414.579977512 3
414.579977512 3
414.579977512 1
414.579977512 0
414.579977512 0
414.579977512 0
414.579977512 0
414.579977512 0
414.579977512 0
414.579977512 0
414.579977512 0
414.579977512 0
414.579977512 0
414.579977512 0
414.579977512 0
414.579977512 0
414.579977512 1
414.579977512 0
414.579977512 0
414.579977512 0
414.579977512 0
414.579977512 0
414.579977512 1
414.579977512 0
414.579977512 0
414.730114698 1
414.730114698 1
414.730114698 5
414.730114698 2
414.730114698 4
414.730114698 1
414.730114698 2
414.730114698 2
414.730114698 2
414.730114698 0
414.730114698 0
414.730114698 0
414.730114698 0
414.730114698 0
414.730114698 0
414.730114698 0
414.730114698 0
414.730114698 0
414.730114698 0
414.730114698 2
414.730114698 0
414.730114698 0
414.730114698 0
414.730114698 0
414.730114698 0
414.730114698 0
414.730114698 0
414.730114698 0
414.730114698 0
414.730114698 0
414.880056620 0
414.880056620 3
414.880056620 5
414.880056620 4
414.880056620 0
414.880056620 1
414.880056620 1
414.880056620 2
414.880056620 3
414.880056620 0
414.880056620 0
414.880056620 1
414.880056620 0
414.880056620 0
414.880056620 0
414.880056620 0
414.880056620 0
414.880056620 0
414.880056620 1
414.880056620 0
414.880056620 0
414.880056620 0
414.880056620 0
414.880056620 0
414.880056620 0
414.880056620 0
414.880056620 0
414.880056620 0
414.880056620 0
414.880056620 0
415.030115604 4
415.030115604 5
415.030115604 7
415.030115604 13
415.030115604 3
415.030115604 10
415.030115604 4
415.030115604 1
415.030115604 1
415.030115604 0
415.030115604 2
415.030115604 0
415.030115604 0
415.030115604 0
415.030115604 0
415.030115604 0
415.030115604 0
415.030115604 1
415.030115604 0
415.030115604 0
415.030115604 1
415.030115604 0
415.030115604 0
415.030115604 0
415.030115604 0
415.030115604 1
415.030115604 0
415.030115604 0
415.030115604 0
415.030115604 0
415.130135536 5
415.130135536 6
415.130135536 4
415.130135536 1
415.130135536 5
415.130135536 1
415.130135536 2
415.130135536 1
415.130135536 2
415.130135536 0
415.130135536 0
415.130135536 0
415.130135536 0
415.130135536 0
415.130135536 0
415.130135536 0
415.130135536 0
415.130135536 0
415.130135536 0
415.130135536 0
415.130135536 0
415.130135536 0
415.130135536 0
415.130135536 1
415.130135536 0
415.130135536 0
415.130135536 0
415.130135536 0
415.130135536 0
415.230149984 0
415.230149984 1
415.230149984 4
415.230149984 3
415.230149984 1
415.230149984 2
415.230149984 1
415.230149984 1
415.230149984 1
415.230149984 0
415.230149984 1
415.230149984 0
415.230149984 0
415.230149984 0
415.230149984 0
415.230149984 0
415.230149984 0
415.230149984 0
415.230149984 0
415.230149984 0
415.230149984 0
415.230149984 0
415.230149984 0
415.230149984 0
415.230149984 0
415.230149984 0
415.230149984 0
415.230149984 1
415.230149984 0
415.330108881 1
415.330108881 5
415.330108881 1
415.330108881 4
415.330108881 2
415.330108881 0
415.330108881 3
415.330108881 1
415.330108881 1
415.330108881 0
415.330108881 0
415.330108881 0
415.330108881 0
415.330108881 0
415.330108881 0
415.330108881 0
415.330108881 0
415.330108881 1
415.330108881 0
415.330108881 0
415.330108881 0
415.330108881 0
415.330108881 1
415.330108881 0
415.330108881 0
415.330108881 0
415.330108881 0
415.330108881 0
415.330108881 0
415.480485201 1
415.480485201 3
415.480485201 5
415.480485201 8
415.480485201 0
415.480485201 4
415.480485201 3
415.480485201 4
415.480485201 2
415.480485201 1
415.480485201 0
415.480485201 0
415.480485201 0
415.480485201 0
415.480485201 0
415.480485201 0
415.480485201 0
415.480485201 0
415.480485201 0
415.480485201 0
415.480485201 0
415.480485201 0
415.480485201 0
415.480485201 0
415.480485201 0
415.480485201 0
415.480485201 0
415.480485201 0
415.480485201 0
415.480485201 0
415.630131721 3
415.630131721 4
415.630131721 0
415.630131721 4
415.630131721 2
415.630131721 2
415.630131721 2
415.630131721 0
415.630131721 1
415.630131721 3
415.630131721 0
415.630131721 0
415.630131721 1
415.630131721 0
415.630131721 0
415.630131721 0
415.630131721 0
415.630131721 0
415.630131721 1
415.630131721 1
415.630131721 0
415.630131721 1
415.630131721 0
415.630131721 1
415.630131721 0
415.630131721 0
415.630131721 0
415.630131721 0
415.630131721 0
415.630131721 0
415.780044794 1
415.780044794 2
415.780044794 2
415.780044794 3
415.780044794 3
415.780044794 5
415.780044794 2
415.780044794 4
415.780044794 3
415.780044794 4
415.780044794 0
415.780044794 1
415.780044794 0
415.780044794 0
415.780044794 1
415.780044794 0
415.780044794 0
415.780044794 0
415.780044794 0
415.780044794 1
415.780044794 1
415.780044794 0
415.780044794 1
415.780044794 0
415.780044794 0
415.780044794 0
415.780044794 0
415.780044794 0
415.780044794 1
415.780044794 0
415.879999399 1
415.879999399 4
415.879999399 4
415.879999399 1
415.879999399 1
415.879999399 3
415.879999399 1
415.879999399 3
415.879999399 3
415.879999399 3
415.879999399 1
415.879999399 0
415.879999399 1
415.879999399 1
415.879999399 0
415.879999399 0
415.879999399 0
415.879999399 0
415.879999399 0
415.879999399 0
415.879999399 0
415.879999399 0
415.879999399 0
415.879999399 0
415.879999399 0
415.879999399 0
415.879999399 0
415.879999399 0
415.879999399 0
415.980254412 2
415.980254412 3
415.980254412 2
415.980254412 0
415.980254412 0
415.980254412 3
415.980254412 3
415.980254412 2
415.980254412 2
415.980254412 4
415.980254412 0
415.980254412 3
415.980254412 0
415.980254412 0
415.980254412 1
415.980254412 0
415.980254412 1
415.980254412 0
415.980254412 0
415.980254412 1
415.980254412 0
415.980254412 1
415.980254412 0
415.980254412 0
415.980254412 1
415.980254412 0
415.980254412 0
415.980254412 0
415.980254412 0
416.079970121 1
416.079970121 4
416.079970121 2
416.079970121 4
416.079970121 4
416.079970121 6
416.079970121 5
416.079970121 0
416.079970121 1
416.079970121 1
416.079970121 1
416.079970121 0
416.079970121 1
416.079970121 0
416.079970121 0
416.079970121 0
416.079970121 0
416.079970121 0
416.079970121 0
416.079970121 0
416.079970121 1
416.079970121 1
416.079970121 0
416.079970121 0
416.079970121 1
416.079970121 0
416.079970121 1
416.079970121 0
416.079970121 0
416.230128527 0
416.230128527 2
416.230128527 3
416.230128527 3
416.230128527 1
416.230128527 1
416.230128527 3
416.230128527 4
416.230128527 3
416.230128527 0
416.230128527 3
416.230128527 2
416.230128527 0
416.230128527 0
416.230128527 0
416.230128527 0
416.230128527 0
416.230128527 0
416.230128527 0
416.230128527 0
416.230128527 0
416.230128527 0
416.230128527 2
416.230128527 1
416.230128527 0
416.230128527 0
416.230128527 0
416.230128527 1
416.230128527 0
416.430200100 4
416.430200100 2
416.430200100 3
416.430200100 4
416.430200100 6
416.430200100 3
416.430200100 2
416.430200100 1
416.430200100 4
416.430200100 3
416.430200100 2
416.430200100 0
416.430200100 0
416.430200100 2
416.430200100 2
416.430200100 0
416.430200100 0
416.430200100 0
416.430200100 0
416.430200100 0
416.430200100 0
416.430200100 0
416.430200100 0
416.430200100 2
416.430200100 0
416.430200100 1
416.430200100 0
416.430200100 1
416.430200100 0
416.430200100 0
416.680037022 1
416.680037022 2
416.680037022 3
416.680037022 1
416.680037022 2
416.680037022 3
416.680037022 4
416.680037022 1
416.680037022 2
416.680037022 3
416.680037022 1
416.680037022 2
416.680037022 1
416.680037022 1
416.680037022 2
416.680037022 0
416.680037022 0
416.680037022 0
416.680037022 0
416.680037022 0
416.680037022 0
416.680037022 0
416.680037022 0
416.680037022 0
416.680037022 0
416.680037022 0
416.680037022 1
416.680037022 0
416.680037022 1
416.680037022 0
416.830161572 1
416.830161572 1
416.830161572 2
416.830161572 0
416.830161572 7
416.830161572 0
416.830161572 1
416.830161572 3
416.830161572 2
416.830161572 4
416.830161572 1
416.830161572 3
416.830161572 0
416.830161572 0
416.830161572 1
416.830161572 0
416.830161572 0
416.830161572 0
416.830161572 0
416.830161572 0
416.830161572 0
416.830161572 0
416.830161572 0
416.830161572 0
416.830161572 0
416.830161572 0
416.830161572 0
416.830161572 0
416.830161572 0
416.979994774 4
416.979994774 4
416.979994774 5
416.979994774 5
416.979994774 4
416.979994774 6
416.979994774 2
416.979994774 5
416.979994774 3
416.979994774 4
416.979994774 3
416.979994774 2
416.979994774 1
416.979994774 3
416.979994774 1
416.979994774 0
416.979994774 0
416.979994774 1
416.979994774 0
416.979994774 0
416.979994774 0
416.979994774 0
416.979994774 1
416.979994774 0
416.979994774 1
416.979994774 1
416.979994774 0
416.979994774 0
416.979994774 0
417.130126476 3
417.130126476 4
417.130126476 3
417.130126476 3
417.130126476 1
417.130126476 3
417.130126476 6
417.130126476 1
417.130126476 3
417.130126476 1
417.130126476 4
417.130126476 1
417.130126476 3
417.130126476 4
417.130126476 2
417.130126476 1
417.130126476 1
417.130126476 0
417.130126476 1
417.130126476 0
417.130126476 0
417.130126476 0
417.130126476 0
417.130126476 0
417.130126476 0
417.130126476 0
417.130126476 0
417.130126476 0
417.130126476 0
417.279950380 2
417.279950380 1
417.279950380 1
417.279950380 2
417.279950380 2
417.279950380 2
417.279950380 5
417.279950380 5
417.279950380 1
417.279950380 2
417.279950380 1
417.279950380 3
417.279950380 0
417.279950380 0
417.279950380 0
417.279950380 0
417.279950380 0
417.279950380 0
417.279950380 1
417.279950380 0
417.279950380 1
417.279950380 1
417.279950380 0
417.279950380 0
417.279950380 0
417.279950380 0
417.279950380 0
417.279950380 1
417.279950380 0
417.481459379 0
417.481459379 3
417.481459379 3
417.481459379 2
417.481459379 3
417.481459379 2
417.481459379 2
417.481459379 2
417.481459379 3
417.481459379 2
417.481459379 0
417.481459379 2
417.481459379 2
417.481459379 3
417.481459379 1
417.481459379 2
417.481459379 0
417.481459379 0
417.481459379 0
417.481459379 0
417.481459379 0
417.481459379 1
417.481459379 0
417.481459379 0
417.481459379 0
417.481459379 0
417.481459379 0
417.481459379 2
417.481459379 0
417.630133867 1
417.630133867 2
417.630133867 4
417.630133867 3
417.630133867 4
417.630133867 2
417.630133867 3
417.630133867 4
417.630133867 3
417.630133867 3
417.630133867 3
417.630133867 2
417.630133867 2
417.630133867 2
417.630133867 1
417.630133867 2
417.630133867 1
417.630133867 0
417.630133867 0
417.630133867 0
417.630133867 0
417.630133867 0
417.630133867 0
417.630133867 0
417.630133867 1
417.630133867 0
417.630133867 1
417.630133867 0
417.630133867 0
417.781281471 2
417.781281471 4
417.781281471 3
417.781281471 1
417.781281471 3
417.781281471 3
417.781281471 0
417.781281471 2
417.781281471 1
417.781281471 2
417.781281471 2
417.781281471 3
417.781281471 3
417.781281471 4
417.781281471 1
417.781281471 2
417.781281471 1
417.781281471 1
417.781281471 2
417.781281471 0
417.781281471 1
417.781281471 0
417.781281471 0
417.781281471 1
417.781281471 0
417.781281471 0
417.781281471 0
417.781281471 0
417.781281471 0
417.930165768 1
417.930165768 3
417.930165768 1
417.930165768 3
417.930165768 4
417.930165768 3
417.930165768 3
417.930165768 2
417.930165768 3
417.930165768 2
417.930165768 2
417.930165768 3
417.930165768 1
417.930165768 1
417.930165768 2
417.930165768 0
417.930165768 0
417.930165768 1
417.930165768 1
417.930165768 0
417.930165768 1
417.930165768 0
417.930165768 0
417.930165768 0
417.930165768 1
417.930165768 0
417.930165768 0
417.930165768 0
417.930165768 0
418.080041409 5
418.080041409 2
418.080041409 2
418.080041409 0
418.080041409 1
418.080041409 1
418.080041409 1
418.080041409 2
418.080041409 3
418.080041409 2
418.080041409 1
418.080041409 1
418.080041409 1
418.080041409 2
418.080041409 1
418.080041409 0
418.080041409 0
418.080041409 0
418.080041409 0
418.080041409 0
418.080041409 1
418.080041409 0
418.080041409 0
418.080041409 0
418.080041409 0
418.080041409 0
418.080041409 0
418.080041409 0
418.080041409 0
418.230138063 2
418.230138063 1
418.230138063 2
418.230138063 0
418.230138063 4
418.230138063 1
418.230138063 1
418.230138063 0
418.230138063 1
418.230138063 0
418.230138063 1
418.230138063 1
418.230138063 0
418.230138063 0
418.230138063 0
418.230138063 0
418.230138063 0
418.230138063 0
418.230138063 0
418.230138063 0
418.230138063 1
418.230138063 0
418.230138063 1
418.230138063 0
418.230138063 0
418.230138063 0
418.230138063 0
418.230138063 0
418.230138063 0
418.430154324 2
418.430154324 0
418.430154324 1
418.430154324 1
418.430154324 2
418.430154324 3
418.430154324 0
418.430154324 2
418.430154324 1
418.430154324 0
418.430154324 0
418.430154324 1
418.430154324 0
418.430154324 0
418.430154324 0
418.430154324 0
418.430154324 0
418.430154324 0
418.430154324 1
418.430154324 0
418.430154324 1
418.430154324 0
418.430154324 0
418.430154324 1
418.430154324 0
418.430154324 0
418.430154324 0
418.430154324 0
418.430154324 0
418.630137920 0
418.630137920 1
418.630137920 2
418.630137920 1
418.630137920 0
418.630137920 1
418.630137920 4
418.630137920 5
418.630137920 2
418.630137920 3
418.630137920 3
418.630137920 2
418.630137920 2
418.630137920 2
418.630137920 4
418.630137920 2
418.630137920 2
418.630137920 0
418.630137920 1
418.630137920 1
418.630137920 0
418.630137920 1
418.630137920 0
418.630137920 1
418.630137920 0
418.630137920 0
418.630137920 1
418.630137920 1
418.630137920 0
418.630137920 0
418.830131769 1
418.830131769 1
418.830131769 2
418.830131769 1
418.830131769 0
418.830131769 1
418.830131769 2
418.830131769 1
418.830131769 1
418.830131769 1
418.830131769 2
418.830131769 1
418.830131769 0
418.830131769 0
418.830131769 0
418.830131769 0
418.830131769 0
418.830131769 0
418.830131769 1
418.830131769 1
418.830131769 1
418.830131769 1
418.830131769 0
418.830131769 0
418.830131769 0
418.830131769 0
418.830131769 0
418.830131769 0
418.830131769 0
418.830131769 0
419.030142307 6
419.030142307 2
419.030142307 3
419.030142307 1
419.030142307 1
419.030142307 3
419.030142307 2
419.030142307 3
419.030142307 3
419.030142307 4
419.030142307 2
419.030142307 4
419.030142307 2
419.030142307 1
419.030142307 1
419.030142307 1
419.030142307 2
419.030142307 2
419.030142307 2
419.030142307 1
419.030142307 0
419.030142307 1
419.030142307 1
419.030142307 0
419.030142307 0
419.030142307 0
419.030142307 0
419.030142307 0
419.030142307 1
419.181082010 1
419.181082010 4
419.181082010 1
419.181082010 2
419.181082010 4
419.181082010 3
419.181082010 1
419.181082010 1
419.181082010 0
419.181082010 2
419.181082010 1
419.181082010 1
419.181082010 2
419.181082010 1
419.181082010 1
419.181082010 0
419.181082010 1
419.181082010 0
419.181082010 1
419.181082010 0
419.181082010 0
419.181082010 0
419.181082010 0
419.181082010 0
419.181082010 0
419.181082010 0
419.181082010 0
419.181082010 0
419.181082010 0
419.380089283 2
419.380089283 1
419.380089283 2
419.380089283 1
419.380089283 2
419.380089283 1
419.380089283 3
419.380089283 1
419.380089283 1
419.380089283 3
419.380089283 3
419.380089283 1
419.380089283 2
419.380089283 0
419.380089283 0
419.380089283 1
419.380089283 0
419.380089283 1
419.380089283 0
419.380089283 0
419.380089283 1
419.380089283 1
419.380089283 0
419.380089283 0
419.380089283 0
419.380089283 0
419.380089283 0
419.380089283 0
419.380089283 0
419.530175924 2
419.530175924 1
419.530175924 2
419.530175924 3
419.530175924 0
419.530175924 1
419.530175924 2
419.530175924 3
419.530175924 2
419.530175924 2
419.530175924 1
419.530175924 1
419.530175924 3
419.530175924 2
419.530175924 1
419.530175924 2
419.530175924 1
419.530175924 2
419.530175924 1
419.530175924 1
419.530175924 2
419.530175924 1
419.530175924 0
419.530175924 0
419.530175924 0
419.530175924 0
419.530175924 0
419.530175924 1
419.530175924 0
419.680017471 3
419.680017471 3
419.680017471 1
419.680017471 0
419.680017471 1
419.680017471 0
419.680017471 1
419.680017471 0
419.680017471 6
419.680017471 1
419.680017471 1
419.680017471 1
419.680017471 1
419.680017471 1
419.680017471 2
419.680017471 1
419.680017471 1
419.680017471 1
419.680017471 3
419.680017471 1
419.680017471 2
419.680017471 1
419.680017471 0
419.680017471 0
419.680017471 0
419.680017471 0
419.680017471 0
419.680017471 0
419.680017471 0
419.830208778 2
419.830208778 0
419.830208778 2
419.830208778 3
419.830208778 2
419.830208778 3
419.830208778 2
419.830208778 2
419.830208778 2
419.830208778 1
419.830208778 2
419.830208778 3
419.830208778 1
419.830208778 1
419.830208778 1
419.830208778 2
419.830208778 1
419.830208778 1
419.830208778 1
419.830208778 1
419.830208778 2
419.830208778 1
419.830208778 1
419.830208778 0
419.830208778 0
419.830208778 0
419.830208778 0
419.830208778 0
419.830208778 0
420.030139446 1
420.030139446 0
420.030139446 0
420.030139446 1
420.030139446 0
420.030139446 0
420.030139446 0
420.030139446 1
420.030139446 0
420.030139446 1
420.030139446 0
420.030139446 0
420.030139446 0
420.030139446 1
420.030139446 1
420.030139446 2
420.030139446 2
420.030139446 0
420.030139446 0
420.030139446 0
420.030139446 1
420.030139446 0
420.030139446 0
420.030139446 0
420.030139446 0
420.030139446 0
420.030139446 0
420.030139446 0
420.030139446 0
420.230148315 1
420.230148315 0
420.230148315 3
420.230148315 1
420.230148315 1
420.230148315 3
420.230148315 1
420.230148315 1
420.230148315 0
420.230148315 1
420.230148315 1
420.230148315 0
420.230148315 4
420.230148315 1
420.230148315 0
420.230148315 2
420.230148315 1
420.230148315 1
420.230148315 0
420.230148315 0
420.230148315 0
420.230148315 0
420.230148315 0
420.230148315 0
420.230148315 0
420.230148315 0
420.230148315 0
420.230148315 0
420.230148315 0
420.430124283 0
420.430124283 1
420.430124283 3
420.430124283 1
420.430124283 1
420.430124283 3
420.430124283 0
420.430124283 1
420.430124283 3
420.430124283 2
420.430124283 1
420.430124283 0
420.430124283 2
420.430124283 2
420.430124283 2
420.430124283 2
420.430124283 2
420.430124283 2
420.430124283 0
420.430124283 0
420.430124283 0
420.430124283 1
420.430124283 0
420.430124283 0
420.430124283 0
420.430124283 2
420.430124283 0
420.430124283 0
420.430124283 0
420.580044270 2
420.580044270 1
420.580044270 1
420.580044270 2
420.580044270 0
420.580044270 0
420.580044270 1
420.580044270 1
420.580044270 0
420.580044270 0
420.580044270 0
420.580044270 0
420.580044270 0
420.580044270 0
420.580044270 0
420.580044270 0
420.580044270 0
420.580044270 0
420.580044270 2
420.580044270 0
420.580044270 0
420.580044270 0
420.580044270 0
420.580044270 0
420.580044270 0
420.580044270 0
420.580044270 0
420.580044270 0
420.580044270 0
420.730134964 2
420.730134964 0
420.730134964 1
420.730134964 1
420.730134964 1
420.730134964 0
420.730134964 0
420.730134964 0
420.730134964 0
420.730134964 0
420.730134964 0
420.730134964 0
420.730134964 0
420.730134964 0
420.730134964 0
420.730134964 0
420.730134964 0
420.730134964 0
420.730134964 0
420.730134964 1
420.730134964 0
420.730134964 0
420.730134964 0
420.730134964 0
420.730134964 0
420.730134964 0
420.730134964 0
420.730134964 0
420.730134964 0
420.880525827 1
420.880525827 1
420.880525827 1
420.880525827 0
420.880525827 0
420.880525827 1
420.880525827 0
420.880525827 1
420.880525827 0
420.880525827 0
420.880525827 0
420.880525827 0
420.880525827 0
420.880525827 1
420.880525827 0
420.880525827 0
420.880525827 0
420.880525827 0
420.880525827 0
420.880525827 1
420.880525827 0
420.880525827 0
420.880525827 1
420.880525827 0
420.880525827 0
420.880525827 0
420.880525827 0
420.880525827 0
420.880525827 0
421.030226469 1
421.030226469 0
421.030226469 0
421.030226469 0
421.030226469 1
421.030226469 2
421.030226469 0
421.030226469 0
421.030226469 1
421.030226469 1
421.030226469 1
421.030226469 0
421.030226469 1
421.030226469 0
421.030226469 0
421.030226469 0
421.030226469 0
421.030226469 1
421.030226469 0
421.030226469 0
421.030226469 0
421.030226469 0
421.030226469 0
421.030226469 0
421.030226469 0
421.030226469 0
421.030226469 0
421.030226469 0
421.030226469 0
421.180830002 0
421.180830002 2
421.180830002 1
421.180830002 0
421.180830002 1
421.180830002 0
421.180830002 1
421.180830002 0
421.180830002 1
421.180830002 0
421.180830002 0
421.180830002 0
421.180830002 0
421.180830002 1
421.180830002 0
421.180830002 0
421.180830002 1
421.180830002 0
421.180830002 0
421.180830002 0
421.180830002 0
421.180830002 0
421.180830002 0
421.180830002 0
421.180830002 0
421.180830002 0
421.180830002 0
421.180830002 0
421.180830002 0
421.330163002 0
421.330163002 1
421.330163002 0
421.330163002 0
421.330163002 0
421.330163002 0
421.330163002 1
421.330163002 3
421.330163002 1
421.330163002 1
421.330163002 1
421.330163002 1
421.330163002 1
421.330163002 0
421.330163002 0
421.330163002 0
421.330163002 1
421.330163002 1
421.330163002 0
421.330163002 0
421.330163002 0
421.330163002 1
421.330163002 0
421.330163002 0
421.330163002 0
421.330163002 1
421.330163002 0
421.330163002 0
421.330163002 0
421.480068922 5
421.480068922 1
421.480068922 1
421.480068922 0
421.480068922 0
421.480068922 0
421.480068922 0
421.480068922 1
421.480068922 0
421.480068922 0
421.480068922 1
421.480068922 0
421.480068922 0
421.480068922 0
421.480068922 1
421.480068922 0
421.480068922 0
421.480068922 0
421.480068922 0
421.480068922 0
421.480068922 0
421.480068922 0
421.480068922 0
421.480068922 0
421.480068922 0
421.480068922 0
421.480068922 0
421.480068922 0
421.480068922 0
421.480068922 0
421.630142689 2
421.630142689 0
421.630142689 4
421.630142689 0
421.630142689 0
421.630142689 0
421.630142689 0
421.630142689 0
421.630142689 0
421.630142689 1
421.630142689 0
421.630142689 0
421.630142689 0
421.630142689 1
421.630142689 1
421.630142689 2
421.630142689 0
421.630142689 2
421.630142689 0
421.630142689 0
421.630142689 0
421.630142689 0
421.630142689 0
421.630142689 0
421.630142689 0
421.630142689 0
421.630142689 0
421.630142689 0
421.630142689 0
421.630142689 0
421.830171108 3
421.830171108 4
421.830171108 3
421.830171108 0
421.830171108 0
421.830171108 0
421.830171108 0
421.830171108 0
421.830171108 0
421.830171108 1
421.830171108 0
421.830171108 0
421.830171108 0
421.830171108 0
421.830171108 0
421.830171108 0
421.830171108 0
421.830171108 0
421.830171108 0
421.830171108 0
421.830171108 0
421.830171108 0
421.830171108 1
421.830171108 0
421.830171108 0
421.830171108 1
421.830171108 0
421.830171108 0
421.830171108 0
421.830171108 0
422.030140162 3
422.030140162 3
422.030140162 1
422.030140162 2
422.030140162 0
422.030140162 0
422.030140162 0
422.030140162 0
422.030140162 0
422.030140162 0
422.030140162 0
422.030140162 1
422.030140162 0
422.030140162 0
422.030140162 0
422.030140162 0
422.030140162 0
422.030140162 0
422.030140162 0
422.030140162 0
422.030140162 0
422.030140162 0
422.030140162 0
422.030140162 0
422.030140162 0
422.030140162 0
422.030140162 0
422.030140162 0
422.030140162 0
422.030140162 0
422.230139494 0
422.230139494 4
422.230139494 0
422.230139494 0
422.230139494 0
422.230139494 1
422.230139494 1
422.230139494 0
422.230139494 0
422.230139494 0
422.230139494 0
422.230139494 0
422.230139494 0
422.230139494 0
422.230139494 0
422.230139494 0
422.230139494 0
422.230139494 0
422.230139494 0
422.230139494 0
422.230139494 0
422.230139494 0
422.230139494 0
422.230139494 0
422.230139494 0
422.230139494 0
422.230139494 0
422.230139494 0
422.230139494 0
422.430196047 0
422.430196047 1
422.430196047 2
422.430196047 2
422.430196047 0
422.430196047 2
422.430196047 0
422.430196047 0
422.430196047 0
422.430196047 0
422.430196047 0
422.430196047 1
422.430196047 0
422.430196047 0
422.430196047 1
422.430196047 0
422.430196047 0
422.430196047 3
422.430196047 0
422.430196047 0
422.430196047 0
422.430196047 0
422.430196047 0
422.430196047 0
422.430196047 0
422.430196047 0
422.430196047 0
422.430196047 0
422.430196047 0
422.630148411 0
422.630148411 3
422.630148411 0
422.630148411 0
422.630148411 1
422.630148411 0
422.630148411 0
422.630148411 0
422.630148411 1
422.630148411 0
422.630148411 0
422.630148411 0
422.630148411 0
422.630148411 1
422.630148411 0
422.630148411 0
422.630148411 0
422.630148411 0
422.630148411 1
422.630148411 0
422.630148411 0
422.630148411 0
422.630148411 0
422.630148411 0
422.630148411 0
422.630148411 0
422.630148411 0
422.630148411 0
422.630148411 0
422.830195189 0
422.830195189 1
422.830195189 4
422.830195189 1
422.830195189 1
422.830195189 0
422.830195189 0
422.830195189 1
422.830195189 0
422.830195189 0
422.830195189 1
422.830195189 0
422.830195189 1
422.830195189 0
422.830195189 0
422.830195189 0
422.830195189 0
422.830195189 2
422.830195189 0
422.830195189 0
422.830195189 0
422.830195189 0
422.830195189 0
422.830195189 0
422.830195189 0
422.830195189 0
422.830195189 0
422.830195189 0
422.830195189 0
423.080071688 4
423.080071688 3
423.080071688 0
423.080071688 1
423.080071688 0
423.080071688 1
423.080071688 0
423.080071688 0
423.080071688 0
423.080071688 1
423.080071688 0
423.080071688 0
423.080071688 0
423.080071688 0
423.080071688 1
423.080071688 0
423.080071688 1
423.080071688 0
423.080071688 0
423.080071688 1
423.080071688 0
423.080071688 0
423.080071688 0
423.080071688 1
423.080071688 0
423.080071688 0
423.080071688 0
423.080071688 0
423.080071688 0
423.280059576 5
423.280059576 6
423.280059576 0
423.280059576 3
423.280059576 0
423.280059576 0
423.280059576 1
423.280059576 0
423.280059576 0
423.280059576 0
423.280059576 0
423.280059576 0
423.280059576 0
423.280059576 0
423.280059576 0
423.280059576 0
423.280059576 0
423.280059576 0
423.280059576 0
423.280059576 0
423.280059576 0
423.280059576 1
423.280059576 0
423.280059576 0
423.280059576 0
423.280059576 0
423.280059576 1
423.280059576 0
423.280059576 0
423.481027126 7
423.481027126 4
423.481027126 1
423.481027126 0
423.481027126 0
423.481027126 1
423.481027126 4
423.481027126 0
423.481027126 1
423.481027126 1
423.481027126 1
423.481027126 0
423.481027126 0
423.481027126 1
423.481027126 0
423.481027126 0
423.481027126 0
423.481027126 0
423.481027126 0
423.481027126 1
423.481027126 0
423.481027126 0
423.481027126 0
423.481027126 0
423.481027126 0
423.481027126 0
423.481027126 0
423.481027126 0
423.481027126 0
423.780065298 7
423.780065298 6
423.780065298 1
423.780065298 1
423.780065298 6
423.780065298 0
423.780065298 5
423.780065298 4
423.780065298 0
423.780065298 1
423.780065298 3
423.780065298 0
423.780065298 0
423.780065298 0
423.780065298 0
423.780065298 0
423.780065298 0
423.780065298 0
423.780065298 0
423.780065298 0
423.780065298 1
423.780065298 0
423.780065298 0
423.780065298 0
423.780065298 0
423.780065298 0
423.780065298 0
423.780065298 0
423.780065298 1
423.780065298 0
423.930173874 2
423.930173874 4
423.930173874 2
423.930173874 4
423.930173874 1
423.930173874 1
423.930173874 1
423.930173874 3
423.930173874 3
423.930173874 1
423.930173874 0
423.930173874 1
423.930173874 0
423.930173874 0
423.930173874 1
423.930173874 1
423.930173874 0
423.930173874 0
423.930173874 0
423.930173874 0
423.930173874 0
423.930173874 0
423.930173874 0
423.930173874 0
423.930173874 0
423.930173874 0
423.930173874 0
423.930173874 0
423.930173874 0
424.130170584 4
424.130170584 2
424.130170584 1
424.130170584 4
424.130170584 0
424.130170584 2
424.130170584 0
424.130170584 2
424.130170584 2
424.130170584 2
424.130170584 0
424.130170584 1
424.130170584 0
424.130170584 0
424.130170584 0
424.130170584 0
424.130170584 0
424.130170584 0
424.130170584 0
424.130170584 0
424.130170584 0
424.130170584 0
424.130170584 0
424.130170584 1
424.130170584 0
424.130170584 0
424.130170584 0
424.130170584 0
424.130170584 0
424.330167055 2
424.330167055 2
424.330167055 0
424.330167055 2
424.330167055 1
424.330167055 1
424.330167055 1
424.330167055 2
424.330167055 1
424.330167055 0
424.330167055 2
424.330167055 0
424.330167055 0
424.330167055 0
424.330167055 0
424.330167055 1
424.330167055 0
424.330167055 0
424.330167055 0
424.330167055 0
424.330167055 2
424.330167055 0
424.330167055 0
424.330167055 0
424.330167055 0
424.330167055 0
424.330167055 0
424.330167055 0
424.330167055 0
424.530176401 4
424.530176401 8
424.530176401 8
424.530176401 3
424.530176401 2
424.530176401 5
424.530176401 4
424.530176401 4
424.530176401 0
424.530176401 2
424.530176401 3
424.530176401 2
424.530176401 2
424.530176401 0
424.530176401 0
424.530176401 0
424.530176401 1
424.530176401 0
424.530176401 0
424.530176401 0
424.530176401 0
424.530176401 0
424.530176401 0
424.530176401 0
424.530176401 0
424.530176401 0
424.530176401 0
424.530176401 0
424.530176401 0
424.730163574 4
424.730163574 0
424.730163574 3
424.730163574 8
424.730163574 1
424.730163574 3
424.730163574 2
424.730163574 1
424.730163574 2
424.730163574 0
424.730163574 0
424.730163574 0
424.730163574 0
424.730163574 0
424.730163574 0
424.730163574 0
424.730163574 0
424.730163574 0
424.730163574 0
424.730163574 0
424.730163574 0
424.730163574 0
424.730163574 0
424.730163574 0
424.730163574 1
424.730163574 0
424.730163574 0
424.730163574 0
424.730163574 0
424.930198669 2
424.930198669 5
424.930198669 2
424.930198669 1
424.930198669 1
424.930198669 1
424.930198669 2
424.930198669 1
424.930198669 1
424.930198669 0
424.930198669 0
424.930198669 0
424.930198669 0
424.930198669 0
424.930198669 0
424.930198669 0
424.930198669 1
424.930198669 0
424.930198669 0
424.930198669 0
424.930198669 0
424.930198669 0
424.930198669 0
424.930198669 0
424.930198669 0
424.930198669 0
424.930198669 1
424.930198669 0
424.930198669 0
425.080111980 3
425.080111980 5
425.080111980 6
425.080111980 2
425.080111980 5
425.080111980 6
425.080111980 6
425.080111980 1
425.080111980 1
425.080111980 3
425.080111980 0
425.080111980 0
425.080111980 1
425.080111980 0
425.080111980 0
425.080111980 0
425.080111980 1
425.080111980 0
425.080111980 0
425.080111980 0
425.080111980 0
425.080111980 0
425.080111980 0
425.080111980 0
425.080111980 0
425.080111980 0
425.080111980 0
425.080111980 0
425.080111980 0
425.230196476 2
425.230196476 1
425.230196476 4
425.230196476 4
425.230196476 3
425.230196476 2
425.230196476 2
425.230196476 0
425.230196476 0
425.230196476 1
425.230196476 0
425.230196476 0
425.230196476 0
425.230196476 0
425.230196476 0
425.230196476 1
425.230196476 0
425.230196476 0
425.230196476 0
425.230196476 0
425.230196476 1
425.230196476 0
425.230196476 0
425.230196476 0
425.230196476 0
425.230196476 0
425.230196476 0
425.230196476 0
425.230196476 0
425.430170059 3
425.430170059 4
425.430170059 2
425.430170059 3
425.430170059 1
425.430170059 4
425.430170059 1
425.430170059 1
425.430170059 1
425.430170059 0
425.430170059 3
425.430170059 0
425.430170059 2
425.430170059 0
425.430170059 1
425.430170059 0
425.430170059 0
425.430170059 0
425.430170059 0
425.430170059 0
425.430170059 0
425.430170059 0
425.430170059 0
425.430170059 0
425.430170059 0
425.430170059 0
425.430170059 0
425.430170059 0
425.430170059 0
425.630217075 1
425.630217075 1
425.630217075 5
425.630217075 6
425.630217075 7
425.630217075 3
425.630217075 4
425.630217075 4
425.630217075 1
425.630217075 3
425.630217075 3
425.630217075 0
425.630217075 0
425.630217075 0
425.630217075 0
425.630217075 0
425.630217075 0
425.630217075 0
425.630217075 0
425.630217075 0
425.630217075 0
425.630217075 0
425.630217075 0
425.630217075 0
425.630217075 0
425.630217075 0
425.630217075 0
425.630217075 0
425.630217075 0
425.830253363 1
425.830253363 4
425.830253363 1
425.830253363 4
425.830253363 9
425.830253363 3
425.830253363 3
425.830253363 0
425.830253363 3
425.830253363 2
425.830253363 2
425.830253363 3
425.830253363 0
425.830253363 1
425.830253363 0
425.830253363 0
425.830253363 0
425.830253363 0
425.830253363 0
425.830253363 0
425.830253363 0
425.830253363 0
425.830253363 1
425.830253363 0
425.830253363 0
425.830253363 0
425.830253363 0
425.830253363 0
425.830253363 0
426.030206919 2
426.030206919 0
426.030206919 2
426.030206919 2
426.030206919 4
426.030206919 1
426.030206919 1
426.030206919 0
426.030206919 1
426.030206919 1
426.030206919 1
426.030206919 0
426.030206919 0
426.030206919 0
426.030206919 0
426.030206919 0
426.030206919 1
426.030206919 0
426.030206919 0
426.030206919 0
426.030206919 0
426.030206919 0
426.030206919 2
426.030206919 0
426.030206919 0
426.030206919 0
426.030206919 2
426.030206919 0
426.030206919 0
426.182500362 4
426.182500362 3
426.182500362 1
426.182500362 1
426.182500362 3
426.182500362 1
426.182500362 1
426.182500362 3
426.182500362 3
426.182500362 1
426.182500362 0
426.182500362 0
426.182500362 0
426.182500362 0
426.182500362 0
426.182500362 0
426.182500362 0
426.182500362 0
426.182500362 0
426.182500362 0
426.182500362 0
426.182500362 0
426.182500362 0
426.182500362 0
426.182500362 0
426.182500362 0
426.182500362 0
426.182500362 0
426.182500362 0
426.330171824 2
426.330171824 3
426.330171824 1
426.330171824 2
426.330171824 1
426.330171824 3
426.330171824 5
426.330171824 1
426.330171824 0
426.330171824 1
426.330171824 3
426.330171824 2
426.330171824 1
426.330171824 1
426.330171824 0
426.330171824 2
426.330171824 0
426.330171824 0
426.330171824 1
426.330171824 0
426.330171824 0
426.330171824 0
426.330171824 0
426.330171824 0
426.330171824 0
426.330171824 0
426.330171824 0
426.330171824 0
426.330171824 0
426.480074644 1
426.480074644 4
426.480074644 3
426.480074644 0
426.480074644 2
426.480074644 0
426.480074644 0
426.480074644 2
426.480074644 0
426.480074644 0
426.480074644 0
426.480074644 0
426.480074644 0
426.480074644 0
426.480074644 0
426.480074644 0
426.480074644 0
426.480074644 0
426.480074644 0
426.480074644 1
426.480074644 0
426.480074644 0
426.480074644 0
426.480074644 0
426.480074644 0
426.480074644 0
426.480074644 0
426.480074644 0
426.480074644 0
426.630178928 5
426.630178928 1
426.630178928 1
426.630178928 1
426.630178928 0
426.630178928 0
426.630178928 1
426.630178928 1
426.630178928 1
426.630178928 0
426.630178928 2
426.630178928 0
426.630178928 0
426.630178928 0
426.630178928 0
426.630178928 0
426.630178928 0
426.630178928 0
426.630178928 0
426.630178928 0
426.630178928 1
426.630178928 0
426.630178928 0
426.630178928 0
426.630178928 0
426.630178928 0
426.630178928 0
426.630178928 0
426.630178928 0
426.780040503 4
426.780040503 4
426.780040503 2
426.780040503 3
426.780040503 3
426.780040503 1
426.780040503 1
426.780040503 3
426.780040503 1
426.780040503 2
426.780040503 1
426.780040503 2
426.780040503 0
426.780040503 0
426.780040503 0
426.780040503 0
426.780040503 0
426.780040503 0
426.780040503 0
426.780040503 0
426.780040503 0
426.780040503 0
426.780040503 0
426.780040503 0
426.780040503 0
426.780040503 0
426.780040503 0
426.780040503 0
426.780040503 0
426.930171251 4
426.930171251 3
426.930171251 8
426.930171251 4
426.930171251 1
426.930171251 4
426.930171251 2
426.930171251 0
426.930171251 1
426.930171251 2
426.930171251 1
426.930171251 3
426.930171251 3
426.930171251 0
426.930171251 1
426.930171251 0
426.930171251 0
426.930171251 0
426.930171251 0
426.930171251 1
426.930171251 0
426.930171251 0
426.930171251 0
426.930171251 0
426.930171251 0
426.930171251 0
426.930171251 1
426.930171251 0
426.930171251 0
427.130198479 4
427.130198479 6
427.130198479 4
427.130198479 4
427.130198479 7
427.130198479 0
427.130198479 3
427.130198479 1
427.130198479 0
427.130198479 0
427.130198479 0
427.130198479 2
427.130198479 1
427.130198479 0
427.130198479 0
427.130198479 0
427.130198479 0
427.130198479 0
427.130198479 0
427.130198479 0
427.130198479 0
427.130198479 0
427.130198479 0
427.130198479 0
427.130198479 0
427.130198479 0
427.130198479 1
427.130198479 0
427.130198479 0
427.330217361 4
427.330217361 3
427.330217361 2
427.330217361 3
427.330217361 1
427.330217361 0
427.330217361 5
427.330217361 0
427.330217361 0
427.330217361 1
427.330217361 0
427.330217361 0
427.330217361 0
427.330217361 2
427.330217361 0
427.330217361 1
427.330217361 0
427.330217361 0
427.330217361 2
427.330217361 0
427.330217361 1
427.330217361 0
427.330217361 0
427.330217361 0
427.330217361 0
427.330217361 0
427.330217361 0
427.330217361 1
427.330217361 1
427.480073214 1
427.480073214 5
427.480073214 0
427.480073214 5
427.480073214 2
427.480073214 2
427.480073214 1
427.480073214 1
427.480073214 0
427.480073214 0
427.480073214 0
427.480073214 2
427.480073214 1
427.480073214 0
427.480073214 1
427.480073214 0
427.480073214 0
427.480073214 0
427.480073214 0
427.480073214 0
427.480073214 0
427.480073214 0
427.480073214 0
427.480073214 0
427.480073214 0
427.480073214 0
427.480073214 0
427.480073214 0
427.480073214 0
427.630176544 4
427.630176544 0
427.630176544 4
427.630176544 1
427.630176544 5
427.630176544 3
427.630176544 3
427.630176544 3
427.630176544 0
427.630176544 0
427.630176544 0
427.630176544 0
427.630176544 0
427.630176544 1
427.630176544 0
427.630176544 0
427.630176544 0
427.630176544 0
427.630176544 0
427.630176544 0
427.630176544 0
427.630176544 1
427.630176544 0
427.630176544 0
427.630176544 0
427.630176544 0
427.630176544 0
427.630176544 0
427.630176544 0
427.780734777 3
427.780734777 7
427.780734777 4
427.780734777 4
427.780734777 1
427.780734777 1
427.780734777 2
427.780734777 2
427.780734777 1
427.780734777 0
427.780734777 1
427.780734777 0
427.780734777 0
427.780734777 2
427.780734777 0
427.780734777 0
427.780734777 0
427.780734777 0
427.780734777 0
427.780734777 0
427.780734777 0
427.780734777 0
427.780734777 0
427.780734777 0
427.780734777 1
427.780734777 0
427.780734777 1
427.780734777 0
427.780734777 1
427.980085850 2
427.980085850 6
427.980085850 0
427.980085850 0
427.980085850 1
427.980085850 1
427.980085850 0
427.980085850 2
427.980085850 1
427.980085850 1
427.980085850 0
427.980085850 0
427.980085850 0
427.980085850 0
427.980085850 0
427.980085850 0
427.980085850 0
427.980085850 0
427.980085850 0
427.980085850 0
427.980085850 0
427.980085850 0
427.980085850 0
427.980085850 0
427.980085850 1
427.980085850 0
427.980085850 0
427.980085850 1
427.980085850 0
428.130233765 4
428.130233765 3
428.130233765 3
428.130233765 1
428.130233765 3
428.130233765 1
428.130233765 1
428.130233765 2
428.130233765 3
428.130233765 3
428.130233765 0
428.130233765 0
428.130233765 0
428.130233765 0
428.130233765 0
428.130233765 0
428.130233765 0
428.130233765 0
428.130233765 0
428.130233765 0
428.130233765 0
428.130233765 0
428.130233765 0
428.130233765 0
428.130233765 0
428.130233765 0
428.130233765 0
428.130233765 0
428.130233765 0
428.280052185 4
428.280052185 7
428.280052185 2
428.280052185 0
428.280052185 0
428.280052185 3
428.280052185 2
428.280052185 3
428.280052185 2
428.280052185 2
428.280052185 2
428.280052185 2
428.280052185 1
428.280052185 0
428.280052185 0
428.280052185 1
428.280052185 0
428.280052185 1
428.280052185 0
428.280052185 0
428.280052185 0
428.280052185 0
428.280052185 0
428.280052185 0
428.280052185 1
428.280052185 0
428.280052185 0
428.280052185 1
428.280052185 0
428.430156946 0
428.430156946 0
428.430156946 6
428.430156946 0
428.430156946 0
428.430156946 0
428.430156946 0
428.430156946 0
428.430156946 0
428.430156946 0
428.430156946 0
428.430156946 0
428.430156946 1
428.430156946 1
428.430156946 0
428.430156946 0
428.430156946 0
428.430156946 0
428.430156946 0
428.430156946 0
428.430156946 0
428.430156946 0
428.430156946 0
428.430156946 0
428.430156946 0
428.430156946 0
428.430156946 0
428.430156946 1
428.430156946 0
428.630120277 1
428.630120277 0
428.630120277 3
428.630120277 1
428.630120277 2
428.630120277 3
428.630120277 3
428.630120277 2
428.630120277 1
428.630120277 2
428.630120277 0
428.630120277 2
428.630120277 3
428.630120277 0
428.630120277 0
428.630120277 0
428.630120277 0
428.630120277 1
428.630120277 0
428.630120277 0
428.630120277 0
428.630120277 0
428.630120277 0
428.630120277 0
428.630120277 0
428.630120277 0
428.630120277 0
428.630120277 0
428.630120277 0
428.780191422 1
428.780191422 2
428.780191422 4
428.780191422 1
428.780191422 0
428.780191422 0
428.780191422 1
428.780191422 0
428.780191422 1
428.780191422 2
428.780191422 0
428.780191422 0
428.780191422 0
428.780191422 0
428.780191422 0
428.780191422 0
428.780191422 0
428.780191422 0
428.780191422 0
428.780191422 0
428.780191422 0
428.780191422 0
428.780191422 0
428.780191422 0
428.780191422 0
428.780191422 0
428.780191422 0
428.780191422 0
428.780191422 0
428.930256128 0
428.930256128 2
428.930256128 3
428.930256128 5
428.930256128 0
428.930256128 2
428.930256128 1
428.930256128 0
428.930256128 0
428.930256128 1
428.930256128 3
428.930256128 1
428.930256128 1
428.930256128 1
428.930256128 1
428.930256128 0
428.930256128 1
428.930256128 0
428.930256128 0
428.930256128 1
428.930256128 0
428.930256128 0
428.930256128 0
428.930256128 0
428.930256128 0
428.930256128 0
428.930256128 0
428.930256128 0
428.930256128 0
429.130110979 5
429.130110979 9
429.130110979 1
429.130110979 1
429.130110979 3
429.130110979 2
429.130110979 0
429.130110979 0
429.130110979 0
429.130110979 1
429.130110979 1
429.130110979 0
429.130110979 1
429.130110979 2
429.130110979 1
429.130110979 0
429.130110979 0
429.130110979 0
429.130110979 0
429.130110979 0
429.130110979 3
429.130110979 0
429.130110979 0
429.130110979 0
429.130110979 0
429.130110979 0
429.130110979 0
429.130110979 0
429.130110979 0
429.280210257 8
429.280210257 1
429.280210257 5
429.280210257 1
429.280210257 3
429.280210257 2
429.280210257 3
429.280210257 0
429.280210257 1
429.280210257 2
429.280210257 2
429.280210257 0
429.280210257 0
429.280210257 0
429.280210257 0
429.280210257 1
429.280210257 0
429.280210257 0
429.280210257 0
429.280210257 0
429.280210257 0
429.280210257 0
429.280210257 0
429.280210257 0
429.280210257 0
429.280210257 0
429.280210257 0
429.280210257 0
429.280210257 0
429.380254745 5
429.380254745 2
429.380254745 0
429.380254745 2
429.380254745 0
429.380254745 2
429.380254745 1
429.380254745 1
429.380254745 2
429.380254745 0
429.380254745 1
429.380254745 1
429.380254745 1
429.380254745 2
429.380254745 1
429.380254745 0
429.380254745 0
429.380254745 0
429.380254745 0
429.380254745 1
429.380254745 0
429.380254745 1
429.380254745 0
429.380254745 0
429.380254745 0
429.380254745 0
429.380254745 0
429.380254745 1
429.530118704 7
429.530118704 12
429.530118704 2
429.530118704 7
429.530118704 0
429.530118704 1
429.530118704 1
429.530118704 1
429.530118704 1
429.530118704 4
429.530118704 0
429.530118704 0
429.530118704 1
429.530118704 0
429.530118704 2
429.530118704 2
429.530118704 2
429.530118704 0
429.530118704 0
429.530118704 1
429.530118704 1
429.530118704 1
429.530118704 1
429.530118704 0
429.530118704 0
429.530118704 0
429.530118704 0
429.530118704 0
429.680262804 8
429.680262804 6
429.680262804 0
429.680262804 5
429.680262804 6
429.680262804 6
429.680262804 1
429.680262804 2
429.680262804 3
429.680262804 2
429.680262804 1
429.680262804 1
429.680262804 2
429.680262804 2
429.680262804 0
429.680262804 2
429.680262804 1
429.680262804 1
429.680262804 1
429.680262804 0
429.680262804 2
429.680262804 2
429.680262804 0
429.680262804 0
429.680262804 0
429.680262804 0
429.680262804 0
429.680262804 0
429.680262804 0
429.830164194 8
429.830164194 4
429.830164194 11
429.830164194 7
429.830164194 4
429.830164194 2
429.830164194 11
429.830164194 0
429.830164194 0
429.830164194 0
429.830164194 1
429.830164194 0
429.830164194 2
429.830164194 2
429.830164194 1
429.830164194 2
429.830164194 2
429.830164194 1
429.830164194 0
429.830164194 0
429.830164194 1
429.830164194 0
429.830164194 0
429.830164194 0
429.830164194 0
429.830164194 0
429.830164194 0
429.830164194 0
429.830164194 0
429.980222225 0
429.980222225 6
429.980222225 8
429.980222225 7
429.980222225 6
429.980222225 0
429.980222225 0
429.980222225 4
429.980222225 0
429.980222225 1
429.980222225 0
429.980222225 0
429.980222225 0
429.980222225 0
429.980222225 2
429.980222225 1
429.980222225 0
429.980222225 1
429.980222225 1
429.980222225 1
429.980222225 1
429.980222225 1
429.980222225 0
429.980222225 1
429.980222225 2
429.980222225 0
429.980222225 0
429.980222225 0
429.980222225 0
430.130151272 5
430.130151272 5
430.130151272 6
430.130151272 9
430.130151272 1
430.130151272 4
430.130151272 4
430.130151272 4
430.130151272 3
430.130151272 1
430.130151272 1
430.130151272 0
430.130151272 0
430.130151272 0
430.130151272 3
430.130151272 0
430.130151272 1
430.130151272 0
430.130151272 0
430.130151272 0
430.130151272 0
430.130151272 0
430.130151272 1
430.130151272 0
430.130151272 0
430.130151272 0
430.130151272 0
430.130151272 0
430.130151272 0
430.280236483 6
430.280236483 9
430.280236483 6
430.280236483 7
430.280236483 6
430.280236483 3
430.280236483 5
430.280236483 8
430.280236483 0
430.280236483 2
430.280236483 1
430.280236483 1
430.280236483 0
430.280236483 1
430.280236483 1
430.280236483 1
430.280236483 0
430.280236483 0
430.280236483 0
430.280236483 0
430.280236483 0
430.280236483 0
430.280236483 0
430.280236483 0
430.280236483 0
430.280236483 0
430.280236483 0
430.280236483 0
430.280236483 0
430.430140734 2
430.430140734 7
430.430140734 8
430.430140734 6
430.430140734 10
430.430140734 4
430.430140734 8
430.430140734 5
430.430140734 7
430.430140734 0
430.430140734 0
430.430140734 1
430.430140734 0
430.430140734 1
430.430140734 1
430.430140734 0
430.430140734 0
430.430140734 0
430.430140734 1
430.430140734 0
430.430140734 0
430.430140734 0
430.430140734 0
430.430140734 0
430.430140734 1
430.430140734 0
430.430140734 0
430.430140734 0
430.430140734 0
430.580233574 4
430.580233574 4
430.580233574 6
430.580233574 7
430.580233574 5
430.580233574 5
430.580233574 7
430.580233574 7
430.580233574 6
430.580233574 2
430.580233574 2
430.580233574 1
430.580233574 0
430.580233574 1
430.580233574 1
430.580233574 0
430.580233574 0
430.580233574 0
430.580233574 2
430.580233574 0
430.580233574 1
430.580233574 0
430.580233574 0
430.580233574 0
430.580233574 0
430.580233574 0
430.580233574 0
430.580233574 0
430.580233574 0
430.734093666 8
430.734093666 8
430.734093666 6
430.734093666 5
430.734093666 4
430.734093666 5
430.734093666 7
430.734093666 6
430.734093666 4
430.734093666 2
430.734093666 6
430.734093666 4
430.734093666 1
430.734093666 2
430.734093666 2
430.734093666 1
430.734093666 1
430.734093666 1
430.734093666 1
430.734093666 1
430.734093666 0
430.734093666 0
430.734093666 0
430.734093666 0
430.734093666 0
430.734093666 0
430.734093666 0
430.734093666 0
430.734093666 0
430.894828558 10
430.894828558 6
430.894828558 4
430.894828558 4
430.894828558 6
430.894828558 2
430.894828558 8
430.894828558 4
430.894828558 3
430.894828558 4
430.894828558 4
430.894828558 2
430.894828558 4
430.894828558 2
430.894828558 2
430.894828558 2
430.894828558 2
430.894828558 2
430.894828558 2
430.894828558 0
430.894828558 1
430.894828558 2
430.894828558 1
430.894828558 0
430.894828558 0
430.894828558 0
430.894828558 0
430.894828558 0
430.894828558 0
