1769553026.523773670 0
1769553026.573877096 0
1769553026.623833656 0
1769553026.673852682 0
1769553026.724169254 0
1769553026.773870945 0
1769553026.824172735 0
1769553026.873850584 0
1769553026.924375057 0
1769553026.973840714 0
1769553027.025285482 0
1769553027.073851347 0
1769553027.125791073 0
1769553027.173814297 0
1769553027.223731279 0
1769553027.273817778 0
1769553027.323920965 0
1769553027.373830557 0
1769553027.424039125 0
1769553027.473788023 0
1769553027.523711443 0
1769553027.573827744 0
1769553027.624086380 0
1769553027.673785448 0
1769553027.723706484 0
1769553027.773663282 0
1769553027.823688030 0
1769553027.873554707 0
1769553027.923551083 0
1769553027.973685980 0
1769553028.023801565 0
1769553028.085859537 0
1769553028.123678207 0
1769553028.173755884 0
1769553028.223656178 0
1769553028.273757696 0
1769553028.323751926 0
1769553028.373765230 0
1769553028.423636436 0
1769553028.473806620 0
1769553028.524170637 0
1769553028.575154066 0
1769553028.626265764 0
1769553028.673682451 0
1769553028.723603249 0
1769553028.773728609 0
1769553028.823563337 0
1769553028.873703718 0
1769553028.923914194 0
1769553028.973722935 0
1769553029.023574114 0
1769553029.073688745 0
1769553029.125062704 0
1769553029.173694134 0
1769553029.223582983 0
1769553029.273754120 0
1769553029.332852840 0
1769553029.373678923 0
1769553029.423664093 0
1769553029.473602057 0
1769553029.523651361 0
1769553029.573580265 0
1769553029.623650551 0
1769553029.675266504 0
1769553029.723629236 0
1769553029.773481846 0
1769553029.823696852 0
1769553029.873568773 0
1769553029.923641682 0
1769553029.974550486 0
1769553030.023625374 0
1769553030.073518038 0
1769553030.123650551 0
1769553030.173636198 0
1769553030.244052887 0
1769553030.273517132 0
1769553030.331764221 0
1769553030.373534918 0
1769553030.423591375 0
1769553030.473547459 0
1769553030.523649693 0
1769553030.573861837 0
1769553030.623635054 0
1769553030.673578024 0
1769553030.723638296 0
1769553030.774570942 0
1769553030.823632956 0
1769553030.873490334 0
1769553030.923589468 0
1769553030.973453522 0
1769553031.023548365 0
1769553031.073533297 0
1769553031.123625040 0
1769553031.175270081 0
1769553031.223615646 0
1769553031.273360491 0
1769553031.323564529 0
1769553031.410982847 0
1769553031.439821482 0
1769553031.473460674 0
1769553031.523561954 0
1769553031.599529028 0
1769553031.628368855 0
1769553031.673497200 0
1769553031.723502874 0
1769553031.773632288 0
1769553031.823510885 0
1769553031.873489141 0
1769553031.923497438 0
1769553031.973454952 0
1769553032.023496389 0
1769553032.073364019 0
1769553032.123494864 0
1769553032.207274437 0
1769553032.237404585 0
1769553032.273423195 0
1769553032.323508501 0
1769553032.373661041 0
1769553032.423516989 0
1769553032.473322153 0
1769553032.523492575 0
1769553032.573972225 0
1769553032.623487473 0
1769553032.673378468 0
1769553032.723256588 0
1769553032.773470163 0
1769553032.823381186 0
1769553032.873461485 0
1769553032.924684286 0
1769553032.973443508 0
1769553033.023370266 0
1769553033.073482037 0
1769553033.128749132 0
1769553033.173436403 0
1769553033.223407507 0
1769553033.273462772 0
1769553033.323325157 0
1769553033.373431921 0
1769553033.424530983 0
1769553033.473433256 0
1769553033.523299694 0
1769553033.573441029 0
1769553033.623355865 0
1769553033.673433065 0
1769553033.723464489 0
1769553033.773424625 0
1769553033.827200651 0
1769553033.873399734 0
1769553033.923314095 0
1769553033.973387241 0
1769553034.023270607 0
1769553034.073439598 0
1769553034.125369072 0
1769553034.173288345 0
1769553034.254166603 0
1769553034.283303022 0
1769553034.323285103 0
1769553034.373368502 0
1769553034.423266649 0
1769553034.473390818 0
1769553034.525668144 0
1769553034.573313951 0
1769553034.623235703 0
1769553034.673331022 0
1769553034.724549294 0
1769553034.773377419 0
1769553034.823252916 0
1769553034.873319387 0
1769553034.923175573 0
1769553034.973310232 0
1769553035.024530888 0
1769553035.073318720 0
1769553035.123144865 0
1769553035.173331261 0
1769553035.223211050 0
1769553035.273293972 0
1769553035.324801445 0
1769553035.373294115 0
1769553035.423257828 0
1769553035.473165035 0
1769553035.523127317 0
1769553035.573274136 0
1769553035.623221159 0
1769553035.673180819 0
1769553035.731807709 0
1769553035.773104668 0
1769553035.823248148 0
1769553035.873258591 0
1769553035.923184872 0
1769553035.973267317 0
1769553036.023200989 0
1769553036.073229551 0
1769553036.123173237 0
1769553036.173248768 0
1769553036.223153591 0
1769553036.273241520 0
1769553036.323341846 0
1769553036.373206377 0
1769553036.423131466 0
1769553036.473225117 0
1769553036.523689270 0
1769553036.573213100 0
1769553036.623106718 0
1769553036.673256159 0
1769553036.723122597 0
1769553036.773216724 0
1769553036.824215412 0
1769553036.873200655 0
1769553036.926032305 0
1769553036.973186255 0
1769553037.023115158 0
1769553037.108531475 0
1769553037.145297289 0
1769553037.173111200 0
1769553037.223189592 0
1769553037.273117781 0
1769553037.323220968 0
1769553037.376955748 0
1769553037.423190355 0
1769553037.473151207 0
1769553037.523226261 0
1769553037.576951027 0
1769553037.623204470 0
1769553037.673139572 0
1769553037.723201990 0
1769553037.773403645 0
1769553037.823217630 0
1769553037.873335123 0
1769553037.923206329 0
1769553037.975787878 0
1769553038.023184538 0
1769553038.073112011 0
1769553038.123228073 0
1769553038.178524971 0
1769553038.223192215 0
1769553038.273131371 0
1769553038.323155165 0
1769553038.373077154 0
1769553038.423142910 0
1769553038.473065138 0
1769553038.523150682 0
1769553038.573601007 0
1769553038.623155117 0
1769553038.673317909 0
1769553038.723181486 0
1769553038.773037672 0
1769553038.823141575 0
1769553038.873052359 0
1769553038.923133135 0
1769553038.973072052 0
1769553039.023073673 0
1769553039.073014975 0
1769553039.122983217 0
1769553039.172930956 0
1769553039.223024368 0
1769553039.273919344 0
1769553039.323015451 0
1769553039.372856140 0
1769553039.423011780 0
1769553039.472902775 0
1769553039.522997856 0
1769553039.572851658 0
1769553039.622991562 0
1769553039.672914982 0
1769553039.722918749 0
1769553039.772882700 0
1769553039.822991610 0
1769553039.875752211 0
1769553039.922959089 0
1769553039.972886086 0
1769553040.023003578 0
1769553040.072876215 0
1769553040.122905493 0
1769553040.172861338 0
1769553040.222954512 0
1769553040.272866488 308
1769553040.322889328 284
1769553040.372853994 268
1769553040.422939301 304
1769553040.472852230 302
1769553040.522845745 328
1769553040.572900295 305
1769553040.622791529 292
1769553040.672860622 285
1769553040.722864628 317
1769553040.773013830 291
1769553040.822762966 321
1769553040.873312235 279
1769553040.926246166 309
1769553040.972865105 278
1769553041.024050951 308
1769553041.072916031 327
1769553041.122856379 315
1769553041.172921419 318
1769553041.222826719 333
1769553041.272925615 324
1769553041.322788000 338
1769553041.372919798 291
1769553041.423264265 314
1769553041.472900867 295
1769553041.522813082 309
1769553041.572906017 273
1769553041.622794867 284
1769553041.672896624 249
1769553041.722793579 260
1769553041.772906542 307
1769553041.823508978 329
1769553041.872873783 307
1769553041.922761202 289
1769553041.972888231 287
1769553042.022770405 278
1769553042.072883368 303
1769553042.122955799 297
1769553042.172871113 299
1769553042.222769260 302
1769553042.272871256 314
1769553042.322727203 295
1769553042.372839212 315
1769553042.422703981 298
1769553042.472837448 294
1769553042.522744894 309
1769553042.572865963 298
1769553042.622992039 328
1769553042.672837973 308
1769553042.722697020 329
1769553042.772826910 304
1769553042.825842142 288
1769553042.872797012 342
1769553042.922750711 291
1769553042.972816229 276
1769553043.024070978 294
1769553043.072790384 308
1769553043.122676849 357
1769553043.172813416 293
1769553043.222740412 334
1769553043.272788286 312
1769553043.322699547 315
1769553043.372784138 310
1769553043.422691584 297
1769553043.472783327 318
1769553043.523662567 348
1769553043.572775841 297
1769553043.623887539 321
1769553043.672759533 287
1769553043.722671032 340
1769553043.772760391 329
1769553043.823043346 338
1769553043.872737169 320
1769553043.922654629 327
1769553043.972742319 305
1769553044.022647142 331
1769553044.072740555 290
1769553044.122725725 300
1769553044.172746420 291
1769553044.223819733 324
1769553044.272726059 302
1769553044.325528383 292
1769553044.372684240 297
1769553044.422648907 306
1769553044.472722530 285
1769553044.522647858 301
1769553044.572719097 299
1769553044.622617960 289
1769553044.672711372 301
1769553044.722620487 302
1769553044.772800684 321
1769553044.822747707 302
1769553044.872702360 285
1769553044.922578573 308
1769553044.972691536 300
1769553045.022808790 275
1769553045.072603941 303
1769553045.122637987 265
1769553045.172609806 284
1769553045.222655058 281
1769553045.272590876 325
1769553045.322679520 310
1769553045.373061657 302
1769553045.422665119 309
1769553045.472526550 313
1769553045.522673368 281
1769553045.572729349 329
1769553045.622670889 320
1769553045.672502279 298
1769553045.722643614 288
1769553045.773946285 303
1769553045.822551727 313
1769553045.872670412 326
1769553045.922800541 310
1769553045.972658873 310
1769553046.022612572 269
1769553046.072661877 327
1769553046.122629642 340
1769553046.172644615 289
1769553046.222527981 317
1769553046.272619963 319
1769553046.323540688 318
1769553046.372602940 371
1769553046.422518015 337
1769553046.472639322 340
1769553046.522389412 349
1769553046.572571278 314
1769553046.622588158 337
1769553046.672601461 322
1769553046.722501993 328
1769553046.772620440 354
1769553046.822503090 343
1769553046.872597456 340
1769553046.922409296 321
1769553046.972565174 325
1769553047.022446632 337
1769553047.072594881 357
1769553047.123098612 327
1769553047.172563553 344
1769553047.222426891 355
1769553047.272596121 350
1769553047.324167967 317
1769553047.372738838 332
1769553047.422436953 326
1769553047.472543955 333
1769553047.524492979 363
1769553047.572549105 341
1769553047.623461008 284
1769553047.672497988 311
1769553047.722451448 324
1769553047.772496223 339
1769553047.822437525 344
1769553047.872512579 318
1769553047.922441721 335
1769553047.972448587 333
1769553048.022507668 352
1769553048.072435141 314
1769553048.122491598 326
1769553048.172405958 323
1769553048.222470760 320
1769553048.272391319 319
1769553048.322484016 313
1769553048.376314163 290
1769553048.422468424 321
1769553048.472360849 322
1769553048.522490740 296
1769553048.573126554 326
1769553048.622476339 320
1769553048.672370195 312
1769553048.722471476 325
1769553048.772327900 323
1769553048.822476625 321
1769553048.873130798 326
1769553048.922464371 319
1769553048.972321033 317
1769553049.022470713 318
1769553049.072496653 302
1769553049.122463226 323
1769553049.173176050 321
1769553049.222415447 337
1769553049.272241354 338
1769553049.322398663 339
1769553049.372327566 307
1769553049.422404289 321
1769553049.472282171 287
1769553049.522470236 312
1769553049.573235512 327
1769553049.622397900 310
1769553049.672273636 317
1769553049.722443581 281
1769553049.772288322 305
1769553049.822435617 298
1769553049.874473333 301
1769553049.922417641 299
1769553049.972288609 292
1769553050.022375584 329
1769553050.072264671 339
1769553050.122395754 329
1769553050.173126698 311
1769553050.222398520 314
1769553050.273302555 325
1769553050.322321892 335
1769553050.372407436 308
1769553050.422297239 299
1769553050.472220182 321
1769553050.522223711 324
1769553050.582572460 322
1769553050.622229099 290
1769553050.672308445 331
1769553050.724013329 313
1769553050.772323132 285
1769553050.822210312 300
1769553050.872319698 324
1769553050.923183203 333
1769553050.972312927 348
1769553051.024672747 332
1769553051.072314024 342
1769553051.122304440 311
1769553051.172323942 354
1769553051.222234726 306
1769553051.272291422 326
1769553051.322169065 350
1769553051.372253895 324
1769553051.422433138 354
1769553051.472282171 336
1769553051.525524378 333
1769553051.572263002 329
1769553051.622355223 329
1769553051.672244549 325
1769553051.722848654 315
1769553051.772239685 315
1769553051.822096109 338
1769553051.872265100 320
1769553051.925620794 350
1769553051.972221851 290
1769553052.022134066 324
1769553052.072237015 325
1769553052.123242378 314
1769553052.172211885 306
1769553052.224234819 341
1769553052.272202015 335
1769553052.322126627 364
1769553052.372202635 354
1769553052.423360586 353
1769553052.472203970 322
1769553052.522109509 339
1769553052.572192907 329
1769553052.623678207 339
1769553052.672176600 305
1769553052.722098112 341
1769553052.772179604 334
1769553052.822833300 351
1769553052.872171879 322
1769553052.922099829 313
1769553052.972110987 353
1769553053.022095442 370
1769553053.072149754 340
1769553053.122279406 319
1769553053.172152519 300
1769553053.223453760 318
1769553053.272147655 366
1769553053.322081089 316
1769553053.372172356 330
1769553053.422211647 355
1769553053.472149849 322
1769553053.522985220 319
1769553053.572125435 322
1769553053.622091532 309
1769553053.672119141 339
1769553053.722656012 325
1769553053.772097111 333
1769553053.822824717 316
1769553053.872117758 352
1769553053.922036886 328
1769553053.972121954 301
1769553054.022017241 317
1769553054.072150707 316
1769553054.121997595 287
1769553054.172097206 325
1769553054.221992493 318
1769553054.272095203 314
1769553054.325359821 311
1769553054.372098923 353
1769553054.421994925 334
1769553054.472064734 299
1769553054.556670666 355
1769553054.584923983 320
1769553054.621982098 356
1769553054.672050714 345
1769553054.723180056 328
1769553054.771942377 308
1769553054.821989298 316
1769553054.872105837 329
1769553054.921931028 347
1769553054.972030640 300
1769553055.021963120 330
1769553055.072085857 320
1769553055.122884274 326
1769553055.172036171 302
1769553055.221899271 322
1769553055.272046804 299
1769553055.322809696 327
1769553055.372019053 329
1769553055.421921015 305
1769553055.472020149 314
1769553055.521924496 316
1769553055.571982384 324
1769553055.621777773 310
1769553055.672009468 312
1769553055.721918821 300
1769553055.771937609 303
1769553055.821952343 280
1769553055.872940540 330
1769553055.921999693 326
1769553055.971875906 330
1769553056.021980524 293
1769553056.072458029 288
1769553056.121994495 345
1769553056.173287153 326
1769553056.221988440 330
1769553056.272992849 327
1769553056.321944714 333
1769553056.371879101 291
1769553056.421943188 324
1769553056.471870184 319
1769553056.521857500 351
1769553056.571914911 316
1769553056.621921301 328
1769553056.671938419 312
1769553056.721928596 313
1769553056.771957159 312
1769553056.821847916 300
1769553056.871902227 323
1769553056.921844959 297
1769553056.971942425 339
1769553057.023610830 333
1769553057.071919203 311
1769553057.121818781 333
1769553057.171914816 314
1769553057.226537466 349
1769553057.271910667 339
1769553057.321824074 318
1769553057.371891022 321
1769553057.421827316 329
1769553057.471728325 322
1769553057.538446903 306
1769553057.571786165 312
1769553057.621893406 316
1769553057.675176144 307
1769553057.721885920 328
1769553057.771807194 320
1769553057.821889639 299
1769553057.871781349 298
1769553057.921936274 297
1769553057.971787453 330
1769553058.021868944 323
1769553058.071784973 284
1769553058.121875525 276
1769553058.172300577 280
1769553058.221846104 285
1769553058.271695614 270
1769553058.321853161 276
1769553058.371763468 298
1769553058.421868801 313
1769553058.471737385 300
1769553058.521873951 297
1769553058.571713448 298
1769553058.621819735 294
1769553058.672070026 315
1769553058.721771002 293
1769553058.771848679 285
1769553058.821724415 326
1769553058.871774197 320
1769553058.924440384 317
1769553058.971780300 313
1769553059.021726370 301
1769553059.071786642 293
1769553059.123200417 290
1769553059.171806574 290
1769553059.221672773 321
1769553059.271762133 309
1769553059.322523355 288
1769553059.371753931 316
1769553059.421647072 285
1769553059.471763849 275
1769553059.521840334 277
1769553059.571712255 267
1769553059.621747494 288
1769553059.671659708 270
1769553059.721726656 254
1769553059.771642447 289
1769553059.821727037 316
1769553059.872548342 292
1769553059.921716928 304
1769553059.971624374 287
1769553060.021707535 300
1769553060.071637154 271
1769553060.121709347 302
1769553060.171796083 305
1769553060.221696615 281
1769553060.272142887 290
1769553060.321688175 314
1769553060.371549368 280
1769553060.421688557 335
1769553060.471489906 295
1769553060.521689415 289
1769553060.582671165 314
1769553060.621609688 264
1769553060.671676874 290
1769553060.721600771 314
1769553060.771668911 271
1769553060.823002100 315
1769553060.871600151 286
1769553060.921650171 319
1769553060.971599102 293
1769553061.021640778 317
1769553061.071567774 310
1769553061.121684790 284
1769553061.172641754 287
1769553061.221657038 329
1769553061.271602869 290
1769553061.321640253 307
1769553061.371597528 299
1769553061.421622276 338
1769553061.471542835 286
1769553061.521648169 319
1769553061.572615862 282
1769553061.621598244 309
1769553061.671404600 326
1769553061.721620083 323
1769553061.774365425 284
1769553061.821600676 336
1769553061.871521950 319
1769553061.921791077 334
1769553061.971712589 346
1769553062.021577835 345
1769553062.071478367 323
1769553062.121495724 324
1769553062.173432112 324
1769553062.221468449 345
1769553062.271483660 343
1769553062.321469784 286
1769553062.371462345 326
1769553062.421570063 313
1769553062.471448421 333
1769553062.521490335 335
1769553062.572065353 325
1769553062.621560097 357
1769553062.671431065 334
1769553062.721544027 315
1769553062.771422625 327
1769553062.821519613 321
1769553062.871423483 302
1769553062.921470881 299
1769553062.973907232 332
1769553063.021517754 324
1769553063.071430922 287
1769553063.121516228 317
1769553063.172040701 312
1769553063.221518040 325
1769553063.271421194 299
1769553063.321486235 265
1769553063.371413469 297
1769553063.421577692 308
1769553063.472054482 336
1769553063.521490574 313
1769553063.571407557 299
1769553063.621498346 338
1769553063.671500444 333
1769553063.721474648 321
1769553063.771625757 316
1769553063.821486235 305
1769553063.874281406 312
1769553063.921514750 318
1769553063.971397877 327
1769553064.021519423 308
1769553064.071367502 306
1769553064.121510744 303
1769553064.171381235 297
1769553064.221539497 311
1769553064.273235559 285
1769553064.321475029 325
1769553064.371361017 318
1769553064.421476603 335
1769553064.471426487 346
1769553064.521502972 294
1769553064.576239347 349
1769553064.621439695 299
1769553064.671369076 330
1769553064.721461058 308
1769553064.771361589 335
1769553064.821462154 317
1769553064.871755600 316
1769553064.921442509 319
1769553064.971312284 319
1769553065.021333218 322
1769553065.071301937 312
1769553065.121459484 344
1769553065.171249390 330
1769553065.221467018 313
1769553065.271859646 316
1769553065.321412086 316
1769553065.371370792 332
1769553065.421426535 309
1769553065.471301556 315
1769553065.521427870 307
1769553065.571283102 319
1769553065.621410131 304
1769553065.671338081 333
1769553065.721327305 310
1769553065.771332979 330
1769553065.821360826 329
1769553065.871306896 345
1769553065.921386957 318
1769553065.971282721 338
1769553066.021373987 276
1769553066.071263075 314
1769553066.121387482 323
1769553066.171261549 302
1769553066.221341848 309
1769553066.271233082 307
1769553066.321376085 341
1769553066.373215437 330
1769553066.421369791 328
1769553066.471228361 305
1769553066.521300077 324
1769553066.571251392 344
1769553066.621308565 306
1769553066.671213627 359
1769553066.721266031 330
1769553066.771182299 328
1769553066.821385145 318
1769553066.872406721 336
1769553066.921288967 337
1769553066.971188545 315
1769553067.021287203 328
1769553067.072703600 337
1769553067.121255159 329
1769553067.171190739 340
1769553067.221294165 328
1769553067.271758795 338
1769553067.321233511 326
1769553067.371193647 312
1769553067.421184778 341
1769553067.471217394 358
1769553067.521226168 322
1769553067.571199417 350
1769553067.621251822 333
1769553067.671207428 352
1769553067.721232414 346
1769553067.771183252 308
1769553067.821225405 328
1769553067.871168375 296
1769553067.921264172 358
1769553067.971155405 331
1769553068.021236658 318
1769553068.074661016 304
1769553068.121229172 345
1769553068.171142817 353
1769553068.221214056 320
1769553068.271111727 344
1769553068.321232080 330
1769553068.371736050 341
1769553068.421203852 346
1769553068.471104860 338
1769553068.521205902 377
1769553068.571377754 326
1769553068.621198654 311
1769553068.670956850 300
1769553068.721173525 322
1769553068.771091700 349
1769553068.821204901 336
1769553068.871239662 344
1769553068.921183586 350
1769553068.971626520 337
1769553069.021098614 351
1769553069.071118355 342
1769553069.121145248 344
1769553069.171115160 327
1769553069.221158504 340
1769553069.270984888 355
1769553069.321143627 354
1769553069.371053457 321
1769553069.421101809 301
1769553069.470941544 311
1769553069.521110535 352
1769553069.570944548 333
1769553069.621103287 334
1769553069.671706676 349
1769553069.721070051 357
1769553069.770984411 311
1769553069.821146965 289
1769553069.871419430 335
1769553069.921101093 330
1769553069.970973730 335
1769553070.021099806 356
1769553070.089836359 327
1769553070.122288227 368
1769553070.171062469 354
1769553070.221017838 339
1769553070.271078825 333
1769553070.320956230 333
1769553070.371066093 346
1769553070.444120407 348
1769553070.474765062 346
1769553070.520863056 360
1769553070.570893526 361
1769553070.620890141 361
1769553070.670882702 362
1769553070.720828056 348
1769553070.771088600 342
1769553070.859067917 350
1769553070.886755943 340
1769553070.920917511 356
1769553070.970850468 360
1769553071.029175997 351
1769553071.070817709 342
1769553071.121029615 353
1769553071.170879126 328
1769553071.221024990 336
1769553071.271193266 347
1769553071.321063519 347
1769553071.370927334 334
1769553071.421004295 329
1769553071.470841885 322
1769553071.520996809 334
1769553071.570871830 330
1769553071.621043682 334
1769553071.672203779 334
1769553071.720982075 337
1769553071.772984266 331
1769553071.820965052 350
1769553071.870893717 355
1769553071.920933008 347
1769553071.970808744 320
1769553072.020917416 329
1769553072.070838928 323
1769553072.120913744 339
1769553072.170770884 321
1769553072.220863342 347
1769553072.270824432 328
1769553072.320890665 318
1769553072.370798588 319
1769553072.420922518 330
1769553072.470840693 318
1769553072.520817995 330
1769553072.570883036 358
1769553072.620894670 312
1769553072.670832634 343
1769553072.720882177 350
1769553072.770811081 330
1769553072.820919752 333
1769553072.871388912 353
1769553072.920802832 323
1769553072.970778465 329
1769553073.020896912 344
1769553073.070714951 366
1769553073.120873928 343
1769553073.170713663 308
1769553073.220860481 318
1769553073.270685434 356
1769553073.320859671 339
1769553073.371129274 345
1769553073.420830488 342
1769553073.470738649 314
1769553073.520853281 328
1769553073.571753740 322
1769553073.620850325 343
1769553073.670734406 288
1769553073.720855236 328
1769553073.770665884 338
1769553073.820827723 351
1769553073.870779753 337
1769553073.920707703 315
1769553073.970766783 321
1769553074.020766735 348
1769553074.070697069 313
1769553074.120796919 322
1769553074.170717478 332
1769553074.220765591 330
1769553074.270603180 326
1769553074.320793629 350
1769553074.371555805 288
1769553074.420754433 334
1769553074.470648527 342
1769553074.520764112 367
1769553074.570619822 330
1769553074.620740414 306
1769553074.670632601 308
1769553074.720720291 334
1769553074.770666599 321
1769553074.820756674 326
1769553074.870600700 326
1769553074.920734167 306
1769553074.973509789 312
1769553075.020748377 287
1769553075.070612907 345
1769553075.120721340 336
1769553075.170547724 329
1769553075.238698244 324
1769553075.271395445 306
1769553075.332161903 350
1769553075.380980730 329
1769553075.420711994 339
1769553075.470726728 357
1769553075.520662069 374
1769553075.570787907 318
1769553075.620624542 342
1769553075.670734882 382
1769553075.720879793 353
1769553075.770750046 345
1769553075.820655107 333
1769553075.870730400 336
1769553075.920630217 336
1769553075.970729113 340
1769553076.020579100 311
1769553076.070706367 334
1769553076.120488882 318
1769553076.170685768 327
1769553076.221313000 330
1769553076.270734787 348
1769553076.320638895 342
1769553076.370647669 363
1769553076.420603991 351
1769553076.470661640 341
1769553076.520590305 351
1769553076.570676804 347
1769553076.620606899 330
1769553076.670697689 339
1769553076.720561743 338
1769553076.770653725 337
1769553076.821841955 333
1769553076.870646954 357
1769553076.920555830 312
1769553076.970636606 334
1769553077.023498058 322
1769553077.070622683 312
1769553077.120573997 361
1769553077.170655012 351
1769553077.220927477 328
1769553077.270458698 337
1769553077.320618391 343
1769553077.370575190 358
1769553077.420610905 321
1769553077.470515013 358
1769553077.520606279 335
1769553077.572664738 334
1769553077.620463848 331
1769553077.701371193 322
1769553077.734411478 328
1769553077.770509243 353
1769553077.820583582 307
1769553077.871599913 334
1769553077.920508385 340
1769553077.970573664 365
1769553078.020511150 342
1769553078.070671558 353
1769553078.122288942 311
1769553078.170604467 376
1769553078.221624851 343
1769553078.270563126 359
1769553078.328878641 325
1769553078.409305573 335
1769553078.436450481 359
1769553078.470454454 323
1769553078.520568132 347
1769553078.576716661 344
1769553078.620496273 330
1769553078.670542955 340
1769553078.720563889 324
1769553078.770479202 306
1769553078.820571184 361
1769553078.870419025 321
1769553078.920511007 332
1769553078.970418930 329
1769553079.020518303 362
1769553079.071119785 320
1769553079.120485783 336
1769553079.170360804 334
1769553079.220597506 336
1769553079.273245096 334
1769553079.320495844 337
1769553079.370403767 339
1769553079.420510530 330
1769553079.470506668 337
1769553079.520499229 295
1769553079.570465803 328
1769553079.620469332 356
1769553079.672027111 350
1769553079.720475674 337
1769553079.772876501 340
1769553079.820470810 321
1769553079.870376587 327
1769553079.920452595 364
1769553079.970332623 329
1769553080.020469427 368
1769553080.070378780 354
1769553080.120457888 321
1769553080.170243502 353
1769553080.220462322 331
1769553080.270306110 329
1769553080.320449114 337
1769553080.370657682 324
1769553080.420477629 334
1769553080.473153591 335
1769553080.520432711 317
1769553080.570315599 321
1769553080.620581627 340
1769553080.671630144 344
1769553080.720435381 343
1769553080.770317554 331
1769553080.820393801 342
1769553080.870304823 316
1769553080.920421362 351
1769553080.970270395 351
1769553081.020412683 320
1769553081.070264816 343
1769553081.120397329 326
1769553081.170989275 331
1769553081.220403910 321
1769553081.270275593 330
1769553081.320394516 345
1769553081.370177269 328
1769553081.420412779 286
1769553081.470282078 332
1769553081.520414829 322
1769553081.571329117 323
1769553081.620377541 339
1769553081.670230865 342
1769553081.720400810 364
1769553081.770265341 339
1769553081.820388794 349
1769553081.871113300 324
1769553081.920331717 372
1769553081.970250845 350
1769553082.020340919 374
1769553082.084043741 334
1769553082.120262384 321
1769553082.170337439 316
1769553082.220822811 343
1769553082.270311356 320
1769553082.320234776 336
1769553082.370305538 347
1769553082.420222044 320
1769553082.470305681 332
1769553082.520181656 363
1769553082.570325613 336
1769553082.620207071 364
1769553082.670292377 326
1769553082.723269939 323
1769553082.770281792 343
1769553082.820200205 326
1769553082.870298386 329
1769553082.920661449 326
1769553082.970262527 314
1769553083.021101713 316
1769553083.070307016 319
1769553083.120155811 356
1769553083.170250654 375
1769553083.220183372 368
1769553083.270241022 365
1769553083.320103884 346
1769553083.370223522 325
1769553083.420139551 323
1769553083.470226288 292
1769553083.522711277 334
1769553083.570225239 381
1769553083.620136976 338
1769553083.670217991 335
1769553083.720055342 312
1769553083.770243883 310
1769553083.820151091 340
1769553083.870270014 365
1769553083.920099497 341
1769553083.970205069 303
1769553084.024070501 345
1769553084.070177078 344
1769553084.120085478 334
1769553084.170182705 343
1769553084.220028400 358
1769553084.270177603 347
1769553084.320091248 339
1769553084.370173931 355
1769553084.420008183 327
1769553084.470152140 326
1769553084.521619081 369
1769553084.570150375 338
1769553084.620057821 323
1769553084.670154572 325
1769553084.720005035 350
1769553084.770139217 363
1769553084.820035219 321
1769553084.870129824 354
1769553084.920022726 352
1769553084.970121384 354
1769553085.021873713 346
1769553085.070138216 349
1769553085.120056868 361
1769553085.170129061 346
1769553085.222179651 347
1769553085.270063877 350
1769553085.330204010 368
1769553085.370034695 312
1769553085.420074940 342
1769553085.469985485 344
1769553085.520083904 341
1769553085.570175409 350
1769553085.620055199 302
1769553085.669913530 332
1769553085.720066547 334
1769553085.769967318 314
1769553085.820084572 306
1769553085.869963169 300
1769553085.920037746 317
1769553085.969955444 329
1769553086.020056486 285
1769553086.069956303 343
1769553086.120028019 303
1769553086.169924498 327
1769553086.220043659 313
1769553086.269932985 322
1769553086.320017099 336
1769553086.369952202 293
1769553086.419975519 316
1769553086.469895840 303
1769553086.520044565 298
1769553086.569948912 344
1769553086.620032549 338
1769553086.671678543 338
1769553086.720018625 321
1769553086.769931316 341
1769553086.820050716 342
1769553086.871392727 329
1769553086.920037031 354
1769553086.969924688 337
1769553087.020008564 317
1769553087.071002483 341
1769553087.119933605 345
1769553087.170187712 327
1769553087.219837666 300
1769553087.269956350 292
1769553087.319995642 323
1769553087.369933128 310
1769553087.419931889 313
1769553087.469947577 324
1769553087.519952536 341
1769553087.569893599 305
1769553087.619938374 330
1769553087.669904232 314
1769553087.719941378 333
1769553087.769864559 292
1769553087.819953680 348
1769553087.869807243 304
1769553087.919954062 323
1769553087.969808340 324
1769553088.019944429 343
1769553088.069813251 274
1769553088.120025635 336
1769553088.170790434 278
1769553088.219954014 316
1769553088.270787954 300
1769553088.319904327 317
1769553088.369812012 296
1769553088.419918776 302
1769553088.469751596 351
1769553088.519901276 344
1769553088.570836782 343
1769553088.619874001 303
1769553088.669783115 310
1769553088.719935417 372
1769553088.769807816 339
1769553088.819894075 317
1769553088.870353460 333
1769553088.919891119 316
1769553088.973464727 324
1769553089.019851446 309
1769553089.069813013 316
1769553089.119877815 333
1769553089.169794798 322
1769553089.219947815 295
1769553089.271966934 324
1769553089.319986582 315
1769553089.369861364 308
1769553089.419877052 314
1769553089.469756365 316
1769553089.519896030 314
1769553089.569688320 324
1769553089.619910955 304
1769553089.669930696 306
1769553089.719870090 302
1769553089.770929337 307
1769553089.819857597 327
1769553089.869744778 312
1769553089.919833899 328
1769553089.969706774 319
1769553090.019852877 335
1769553090.069824696 366
1769553090.119852304 308
1769553090.169753551 307
1769553090.219816685 305
1769553090.269751310 335
1769553090.319791794 279
1769553090.369667768 311
1769553090.419816494 308
1769553090.473524570 353
1769553090.519794941 311
1769553090.569716454 283
1769553090.619808674 305
1769553090.670756102 330
1769553090.719762325 319
1769553090.769685268 288
1769553090.819795609 299
1769553090.869550943 306
1769553090.919604063 305
1769553090.969695091 294
1769553091.019798517 344
1769553091.069974899 307
1769553091.119772434 335
1769553091.171977043 297
1769553091.219758034 315
1769553091.269654512 346
1769553091.319898367 302
1769553091.371485710 297
1769553091.419718504 307
1769553091.469626188 315
1769553091.519784927 302
1769553091.569915533 301
1769553091.619743347 273
1769553091.669620752 310
1769553091.719741344 311
1769553091.773319244 320
1769553091.819679976 332
1769553091.869655371 302
1769553091.919609308 325
1769553091.969685316 311
1769553092.019618273 330
1769553092.069708586 336
1769553092.119596243 328
1769553092.169687510 307
1769553092.219575882 355
1769553092.269665956 353
1769553092.320053101 336
1769553092.369641304 321
1769553092.419567823 337
1769553092.469628334 302
1769553092.519451857 297
1769553092.569690943 325
1769553092.620617390 350
1769553092.669668198 333
1769553092.719563246 287
1769553092.769649506 335
1769553092.819515705 354
1769553092.869681358 353
1769553092.923235893 298
1769553092.969628334 315
1769553093.019647598 318
1769553093.069645166 353
1769553093.119419336 329
1769553093.169652462 322
1769553093.221783400 333
1769553093.269619703 347
1769553093.319558144 318
1769553093.369611502 310
1769553093.419457436 316
1769553093.469624996 288
1769553093.520336390 312
1769553093.569600344 321
1769553093.619398355 327
1769553093.669585228 323
1769553093.719490528 307
1769553093.769636154 332
1769553093.820646286 350
1769553093.869621515 350
1769553093.919463158 346
1769553093.969541788 322
1769553094.019564390 328
1769553094.069627762 320
1769553094.119451761 292
1769553094.169564486 339
1769553094.219666481 331
1769553094.269617081 332
1769553094.319632053 319
1769553094.369574308 345
1769553094.419425249 329
1769553094.469504356 308
1769553094.519390821 340
1769553094.569627047 338
1769553094.620842695 333
1769553094.669562101 301
1769553094.719409466 330
1769553094.769498587 365
1769553094.819402218 341
1769553094.869594812 359
1769553094.919878721 327
1769553094.969597101 348
1769553095.019342899 351
1769553095.069576740 312
1769553095.121367693 328
1769553095.169520378 295
1769553095.219394922 310
1769553095.269496918 329
1769553095.328449726 355
1769553095.369430780 383
1769553095.419492245 347
1769553095.469400644 374
1769553095.519487381 369
1769553095.570406437 373
1769553095.619511127 353
1769553095.669383526 344
1769553095.719487429 347
1769553095.770507812 330
1769553095.819474697 328
1769553095.870256424 304
1769553095.919430971 363
1769553095.969372988 311
1769553096.019454718 343
1769553096.072059631 370
1769553096.119450808 335
1769553096.169330597 337
1769553096.219447613 326
1769553096.269574404 363
1769553096.319447994 326
1769553096.369767189 353
1769553096.419427156 350
1769553096.469554901 347
1769553096.519434690 339
1769553096.571125031 342
1769553096.619426966 338
1769553096.669316530 348
1769553096.719460011 349
1769553096.769701719 343
1769553096.819430590 338
1769553096.869271517 316
1769553096.919422865 327
1769553096.970515013 322
1769553097.019440651 326
1769553097.069190025 325
1769553097.119287491 333
1769553097.184226036 329
1769553097.219274282 304
1769553097.269384146 325
1769553097.319267273 323
1769553097.369418383 335
1769553097.421194077 330
1769553097.469328642 333
1769553097.519241333 327
1769553097.569368601 329
1769553097.621005297 322
1769553097.669330359 321
1769553097.719185114 331
1769553097.769305706 331
1769553097.819154501 337
1769553097.869313002 309
1769553097.920776606 338
1769553097.969285011 318
1769553098.019187927 318
1769553098.069299459 324
1769553098.119845629 318
1769553098.169236898 328
1769553098.219325066 333
1769553098.269178391 335
1769553098.319281340 344
1769553098.371181011 326
1769553098.419257879 327
1769553098.469157457 333
1769553098.519256353 311
1769553098.573362827 330
1769553098.619241476 319
1769553098.669153690 312
1769553098.719243765 318
1769553098.769536495 325
1769553098.819247723 320
1769553098.875494719 333
1769553098.919213057 342
1769553098.969154119 317
1769553099.019247293 332
1769553099.071653605 333
1769553099.119195223 338
1769553099.196342945 325
1769553099.224397898 359
1769553099.269053698 336
1769553099.319247007 348
1769553099.369138002 339
1769553099.419219255 347
1769553099.483240604 319
1769553099.519100666 333
1769553099.569213390 363
1769553099.619056940 351
1769553099.669192553 341
1769553099.719058275 349
1769553099.769214392 354
1769553099.819102287 353
1769553099.869177341 352
1769553099.919090748 356
1769553099.969178915 355
1769553100.020743608 355
1769553100.069171906 340
1769553100.119072199 341
1769553100.169103861 330
1769553100.219101191 337
1769553100.269163847 329
1769553100.318995237 348
1769553100.369147301 334
1769553100.420167685 347
1769553100.469160080 349
1769553100.519050837 325
1769553100.569169521 331
1769553100.622879028 342
1769553100.669137001 348
1769553100.719049454 343
1769553100.769111872 341
1769553100.819029093 340
1769553100.869066715 353
1769553100.922378063 353
1769553100.969074726 343
1769553101.019010544 333
1769553101.069084167 337
1769553101.119000435 337
1769553101.168974400 346
1769553101.219031334 341
1769553101.269036531 353
1769553101.319061041 350
1769553101.369070053 348
1769553101.419049978 335
1769553101.469057798 344
1769553101.519083261 350
1769553101.569058418 342
1769553101.619077206 341
1769553101.669039011 345
1769553101.719063282 342
1769553101.769028902 340
1769553101.819099903 359
1769553101.868979931 358
1769553101.919047594 350
1769553101.968954563 351
1769553102.019056797 349
1769553102.069862127 338
1769553102.119061947 346
1769553102.172463417 336
1769553102.219016552 338
1769553102.268971682 341
1769553102.319005966 346
1769553102.368935823 349
1769553102.419051409 329
1769553102.468886614 353
1769553102.519019604 321
1769553102.568899870 319
1769553102.618995905 342
1769553102.668891430 334
1769553102.718935251 338
1769553102.768917084 341
1769553102.819008827 354
1769553102.868897200 357
1769553102.918981314 363
1769553102.968901873 359
1769553103.018992662 338
1769553103.070430994 331
1769553103.118964195 338
1769553103.169133425 341
1769553103.219034910 337
1769553103.268884659 344
1769553103.318882704 329
1769553103.368897200 340
1769553103.418990612 347
1769553103.471549273 343
1769553103.518952608 332
1769553103.568879128 348
1769553103.618951321 336
1769553103.668779373 333
1769553103.718936920 340
1769553103.768964529 344
1769553103.818926573 328
1769553103.868842125 325
1769553103.918867111 335
1769553103.969112158 328
1769553104.018811941 354
1769553104.068817377 328
1769553104.118849277 329
1769553104.168786526 346
1769553104.218815327 352
1769553104.268936634 330
1769553104.319883585 338
1769553104.368909836 322
1769553104.418792009 333
1769553104.468876600 345
1769553104.518809080 332
1769553104.568934202 350
1769553104.618801117 346
1769553104.668891191 339
1769553104.718780756 337
1769553104.768862963 336
1769553104.819748163 335
1769553104.868770838 338
1769553104.918677807 341
1769553104.968701839 338
1769553105.018822908 330
1769553105.068838596 341
1769553105.118874788 340
1769553105.168769598 346
1769553105.218839407 345
1769553105.268753052 335
1769553105.318896055 343
