1769553026.523773670 0
1769553026.573877096 0
1769553026.623833656 0
1769553026.673852682 0
1769553026.724169254 0
1769553026.773870945 0
1769553026.824172735 0
1769553026.873850584 0
1769553026.924375057 0
1769553026.973840714 0
1769553027.025285482 0
1769553027.073851347 0
1769553027.125791073 0
1769553027.173814297 0
1769553027.223731279 0
1769553027.273817778 0
1769553027.323920965 0
1769553027.373830557 0
1769553027.424039125 0
1769553027.473788023 0
1769553027.523711443 0
1769553027.573827744 0
1769553027.624086380 0
1769553027.673785448 0
1769553027.723706484 0
1769553027.773663282 0
1769553027.823688030 0
1769553027.873554707 0
1769553027.923551083 0
1769553027.973685980 0
1769553028.023801565 0
1769553028.085859537 0
1769553028.123678207 0
1769553028.173755884 0
1769553028.223656178 0
1769553028.273757696 0
1769553028.323751926 0
1769553028.373765230 0
1769553028.423636436 0
1769553028.473806620 0
1769553028.524170637 0
1769553028.575154066 0
1769553028.626265764 0
1769553028.673682451 0
1769553028.723603249 0
1769553028.773728609 0
1769553028.823563337 0
1769553028.873703718 0
1769553028.923914194 0
1769553028.973722935 0
1769553029.023574114 0
1769553029.073688745 0
1769553029.125062704 0
1769553029.173694134 0
1769553029.223582983 0
1769553029.273754120 0
1769553029.332852840 0
1769553029.373678923 0
1769553029.423664093 0
1769553029.473602057 0
1769553029.523651361 0
1769553029.573580265 0
1769553029.623650551 0
1769553029.675266504 0
1769553029.723629236 0
1769553029.773481846 0
1769553029.823696852 0
1769553029.873568773 0
1769553029.923641682 0
1769553029.974550486 0
1769553030.023625374 0
1769553030.073518038 0
1769553030.123650551 0
1769553030.173636198 0
1769553030.244052887 0
1769553030.273517132 0
1769553030.331764221 0
1769553030.373534918 0
1769553030.423591375 0
1769553030.473547459 0
1769553030.523649693 0
1769553030.573861837 0
1769553030.623635054 0
1769553030.673578024 0
1769553030.723638296 0
1769553030.774570942 0
1769553030.823632956 0
1769553030.873490334 0
1769553030.923589468 0
1769553030.973453522 0
1769553031.023548365 0
1769553031.073533297 0
1769553031.123625040 0
1769553031.175270081 0
1769553031.223615646 0
1769553031.273360491 0
1769553031.323564529 0
1769553031.410982847 0
1769553031.439821482 0
1769553031.473460674 0
1769553031.523561954 0
1769553031.599529028 0
1769553031.628368855 0
1769553031.673497200 0
1769553031.723502874 0
1769553031.773632288 0
1769553031.823510885 0
1769553031.873489141 0
1769553031.923497438 0
1769553031.973454952 0
1769553032.023496389 0
1769553032.073364019 0
1769553032.123494864 0
1769553032.207274437 0
1769553032.237404585 0
1769553032.273423195 0
1769553032.323508501 0
1769553032.373661041 0
1769553032.423516989 0
1769553032.473322153 0
1769553032.523492575 0
1769553032.573972225 0
1769553032.623487473 0
1769553032.673378468 0
1769553032.723256588 0
1769553032.773470163 0
1769553032.823381186 0
1769553032.873461485 0
1769553032.924684286 0
1769553032.973443508 0
1769553033.023370266 0
1769553033.073482037 0
1769553033.128749132 0
1769553033.173436403 0
1769553033.223407507 0
1769553033.273462772 0
1769553033.323325157 0
1769553033.373431921 0
1769553033.424530983 0
1769553033.473433256 0
1769553033.523299694 0
1769553033.573441029 0
1769553033.623355865 0
1769553033.673433065 0
1769553033.723464489 0
1769553033.773424625 0
1769553033.827200651 0
1769553033.873399734 0
1769553033.923314095 0
1769553033.973387241 0
1769553034.023270607 0
1769553034.073439598 0
1769553034.125369072 0
1769553034.173288345 0
1769553034.254166603 0
1769553034.283303022 0
1769553034.323285103 0
1769553034.373368502 0
1769553034.423266649 0
1769553034.473390818 0
1769553034.525668144 0
1769553034.573313951 0
1769553034.623235703 0
1769553034.673331022 0
1769553034.724549294 0
1769553034.773377419 0
1769553034.823252916 0
1769553034.873319387 0
1769553034.923175573 0
1769553034.973310232 0
1769553035.024530888 0
1769553035.073318720 0
1769553035.123144865 0
1769553035.173331261 340
1769553035.223211050 340
1769553035.273293972 355
1769553035.324801445 351
1769553035.373294115 379
1769553035.423257828 375
1769553035.473165035 361
1769553035.523127317 324
1769553035.573274136 368
1769553035.623221159 390
1769553035.673180819 383
1769553035.731807709 372
1769553035.773104668 387
1769553035.823248148 365
1769553035.873258591 375
1769553035.923184872 361
1769553035.973267317 372
1769553036.023200989 338
1769553036.073229551 365
1769553036.123173237 374
1769553036.173248768 378
1769553036.223153591 354
1769553036.273241520 362
1769553036.323341846 385
1769553036.373206377 342
1769553036.423131466 376
1769553036.473225117 396
1769553036.523689270 368
1769553036.573213100 370
1769553036.623106718 390
1769553036.673256159 373
1769553036.723122597 349
1769553036.773216724 378
1769553036.824215412 396
1769553036.873200655 359
1769553036.926032305 391
1769553036.973186255 396
1769553037.023115158 371
1769553037.108531475 343
1769553037.145297289 352
1769553037.173111200 347
1769553037.223189592 386
1769553037.273117781 376
1769553037.323220968 341
1769553037.376955748 371
1769553037.423190355 395
1769553037.473151207 366
1769553037.523226261 396
1769553037.576951027 416
1769553037.623204470 401
1769553037.673139572 379
1769553037.723201990 390
1769553037.773403645 386
1769553037.823217630 413
1769553037.873335123 386
1769553037.923206329 366
1769553037.975787878 396
1769553038.023184538 399
1769553038.073112011 360
1769553038.123228073 382
1769553038.178524971 403
1769553038.223192215 384
1769553038.273131371 378
1769553038.323155165 379
1769553038.373077154 389
1769553038.423142910 354
1769553038.473065138 376
1769553038.523150682 409
1769553038.573601007 391
1769553038.623155117 391
1769553038.673317909 384
1769553038.723181486 366
1769553038.773037672 405
1769553038.823141575 398
1769553038.873052359 372
1769553038.923133135 372
1769553038.973072052 402
1769553039.023073673 409
1769553039.073014975 398
1769553039.122983217 405
1769553039.172930956 395
1769553039.223024368 430
1769553039.273919344 407
1769553039.323015451 413
1769553039.372856140 420
1769553039.423011780 395
1769553039.472902775 414
1769553039.522997856 389
1769553039.572851658 401
1769553039.622991562 415
1769553039.672914982 398
1769553039.722918749 399
1769553039.772882700 394
1769553039.822991610 406
1769553039.875752211 378
1769553039.922959089 370
1769553039.972886086 418
1769553040.023003578 411
1769553040.072876215 399
1769553040.122905493 403
1769553040.172861338 354
1769553040.222954512 391
1769553040.272866488 390
1769553040.322889328 366
1769553040.372853994 398
1769553040.422939301 407
1769553040.472852230 390
1769553040.522845745 379
1769553040.572900295 383
1769553040.622791529 402
1769553040.672860622 381
1769553040.722864628 360
1769553040.773013830 367
1769553040.822762966 378
1769553040.873312235 363
1769553040.926246166 384
1769553040.972865105 355
1769553041.024050951 390
1769553041.072916031 408
1769553041.122856379 402
1769553041.172921419 365
1769553041.222826719 373
1769553041.272925615 378
1769553041.322788000 378
1769553041.372919798 384
1769553041.423264265 394
1769553041.472900867 412
1769553041.522813082 383
1769553041.572906017 386
1769553041.622794867 405
1769553041.672896624 403
1769553041.722793579 339
1769553041.772906542 377
1769553041.823508978 374
1769553041.872873783 385
1769553041.922761202 379
1769553041.972888231 375
1769553042.022770405 385
1769553042.072883368 365
1769553042.122955799 410
1769553042.172871113 379
1769553042.222769260 407
1769553042.272871256 427
1769553042.322727203 405
1769553042.372839212 405
1769553042.422703981 397
1769553042.472837448 385
1769553042.522744894 370
1769553042.572865963 369
1769553042.622992039 393
1769553042.672837973 379
1769553042.722697020 397
1769553042.772826910 389
1769553042.825842142 373
1769553042.872797012 410
1769553042.922750711 419
1769553042.972816229 426
1769553043.024070978 419
1769553043.072790384 391
1769553043.122676849 410
1769553043.172813416 392
1769553043.222740412 379
1769553043.272788286 416
1769553043.322699547 402
1769553043.372784138 380
1769553043.422691584 399
1769553043.472783327 411
1769553043.523662567 391
1769553043.572775841 390
1769553043.623887539 418
1769553043.672759533 401
1769553043.722671032 384
1769553043.772760391 404
1769553043.823043346 417
1769553043.872737169 385
1769553043.922654629 436
1769553043.972742319 393
1769553044.022647142 422
1769553044.072740555 412
1769553044.122725725 407
1769553044.172746420 398
1769553044.223819733 406
1769553044.272726059 399
1769553044.325528383 407
1769553044.372684240 408
1769553044.422648907 391
1769553044.472722530 394
1769553044.522647858 385
1769553044.572719097 412
1769553044.622617960 389
1769553044.672711372 421
1769553044.722620487 431
1769553044.772800684 426
1769553044.822747707 400
1769553044.872702360 376
1769553044.922578573 416
1769553044.972691536 404
1769553045.022808790 382
1769553045.072603941 403
1769553045.122637987 372
1769553045.172609806 392
1769553045.222655058 376
1769553045.272590876 406
1769553045.322679520 381
1769553045.373061657 379
1769553045.422665119 387
1769553045.472526550 391
1769553045.522673368 368
1769553045.572729349 352
1769553045.622670889 378
1769553045.672502279 373
1769553045.722643614 347
1769553045.773946285 369
1769553045.822551727 357
1769553045.872670412 356
1769553045.922800541 374
1769553045.972658873 377
1769553046.022612572 358
1769553046.072661877 345
1769553046.122629642 352
1769553046.172644615 364
1769553046.222527981 392
1769553046.272619963 370
1769553046.323540688 369
1769553046.372602940 374
1769553046.422518015 396
1769553046.472639322 387
1769553046.522389412 377
1769553046.572571278 396
1769553046.622588158 386
1769553046.672601461 377
1769553046.722501993 385
1769553046.772620440 400
1769553046.822503090 382
1769553046.872597456 361
1769553046.922409296 362
1769553046.972565174 387
1769553047.022446632 382
1769553047.072594881 366
1769553047.123098612 381
1769553047.172563553 404
1769553047.222426891 354
1769553047.272596121 391
1769553047.324167967 371
1769553047.372738838 362
1769553047.422436953 341
1769553047.472543955 394
1769553047.524492979 349
1769553047.572549105 353
1769553047.623461008 373
1769553047.672497988 362
1769553047.722451448 373
1769553047.772496223 364
1769553047.822437525 355
1769553047.872512579 372
1769553047.922441721 349
1769553047.972448587 373
1769553048.022507668 376
1769553048.072435141 358
1769553048.122491598 384
1769553048.172405958 374
1769553048.222470760 389
1769553048.272391319 394
1769553048.322484016 390
1769553048.376314163 374
1769553048.422468424 385
1769553048.472360849 351
1769553048.522490740 376
1769553048.573126554 391
1769553048.622476339 351
1769553048.672370195 351
1769553048.722471476 379
1769553048.772327900 381
1769553048.822476625 343
1769553048.873130798 357
1769553048.922464371 365
1769553048.972321033 337
1769553049.022470713 363
1769553049.072496653 354
1769553049.122463226 345
1769553049.173176050 358
1769553049.222415447 385
1769553049.272241354 374
1769553049.322398663 359
1769553049.372327566 404
1769553049.422404289 385
1769553049.472282171 349
1769553049.522470236 372
1769553049.573235512 384
1769553049.622397900 382
1769553049.672273636 413
1769553049.722443581 356
1769553049.772288322 374
1769553049.822435617 383
1769553049.874473333 352
1769553049.922417641 378
1769553049.972288609 367
1769553050.022375584 381
1769553050.072264671 369
1769553050.122395754 371
1769553050.173126698 374
1769553050.222398520 347
1769553050.273302555 353
1769553050.322321892 364
1769553050.372407436 359
1769553050.422297239 365
1769553050.472220182 381
1769553050.522223711 341
1769553050.582572460 367
1769553050.622229099 340
1769553050.672308445 360
1769553050.724013329 357
1769553050.772323132 372
1769553050.822210312 338
1769553050.872319698 370
1769553050.923183203 362
1769553050.972312927 385
1769553051.024672747 377
1769553051.072314024 380
1769553051.122304440 392
1769553051.172323942 376
1769553051.222234726 388
1769553051.272291422 343
1769553051.322169065 395
1769553051.372253895 368
1769553051.422433138 389
1769553051.472282171 380
1769553051.525524378 377
1769553051.572263002 371
1769553051.622355223 352
1769553051.672244549 411
1769553051.722848654 403
1769553051.772239685 427
1769553051.822096109 373
1769553051.872265100 371
1769553051.925620794 406
1769553051.972221851 392
1769553052.022134066 379
1769553052.072237015 382
1769553052.123242378 409
1769553052.172211885 396
1769553052.224234819 411
1769553052.272202015 372
1769553052.322126627 439
1769553052.372202635 412
1769553052.423360586 392
1769553052.472203970 390
1769553052.522109509 401
1769553052.572192907 385
1769553052.623678207 389
1769553052.672176600 379
1769553052.722098112 390
1769553052.772179604 383
1769553052.822833300 367
1769553052.872171879 370
1769553052.922099829 409
1769553052.972110987 399
1769553053.022095442 413
1769553053.072149754 431
1769553053.122279406 409
1769553053.172152519 398
1769553053.223453760 372
1769553053.272147655 374
1769553053.322081089 409
1769553053.372172356 376
1769553053.422211647 375
1769553053.472149849 405
1769553053.522985220 384
1769553053.572125435 377
1769553053.622091532 396
1769553053.672119141 392
1769553053.722656012 386
1769553053.772097111 390
1769553053.822824717 372
1769553053.872117758 389
1769553053.922036886 360
1769553053.972121954 374
1769553054.022017241 347
1769553054.072150707 358
1769553054.121997595 350
1769553054.172097206 396
1769553054.221992493 357
1769553054.272095203 350
1769553054.325359821 359
1769553054.372098923 376
1769553054.421994925 386
1769553054.472064734 376
1769553054.556670666 399
1769553054.584923983 382
1769553054.621982098 393
1769553054.672050714 364
1769553054.723180056 375
1769553054.771942377 375
1769553054.821989298 369
1769553054.872105837 358
1769553054.921931028 384
1769553054.972030640 384
1769553055.021963120 404
1769553055.072085857 388
1769553055.122884274 382
1769553055.172036171 369
1769553055.221899271 350
1769553055.272046804 389
1769553055.322809696 375
1769553055.372019053 372
1769553055.421921015 373
1769553055.472020149 378
1769553055.521924496 390
1769553055.571982384 390
1769553055.621777773 402
1769553055.672009468 383
1769553055.721918821 345
1769553055.771937609 392
1769553055.821952343 396
1769553055.872940540 371
1769553055.921999693 345
1769553055.971875906 371
1769553056.021980524 392
1769553056.072458029 367
1769553056.121994495 345
1769553056.173287153 390
1769553056.221988440 381
1769553056.272992849 361
1769553056.321944714 348
1769553056.371879101 366
1769553056.421943188 392
1769553056.471870184 354
1769553056.521857500 383
1769553056.571914911 387
1769553056.621921301 383
1769553056.671938419 372
1769553056.721928596 372
1769553056.771957159 378
1769553056.821847916 350
1769553056.871902227 368
1769553056.921844959 334
1769553056.971942425 350
1769553057.023610830 356
1769553057.071919203 380
1769553057.121818781 370
1769553057.171914816 381
1769553057.226537466 343
1769553057.271910667 383
1769553057.321824074 392
1769553057.371891022 375
1769553057.421827316 393
1769553057.471728325 356
1769553057.538446903 374
1769553057.571786165 390
1769553057.621893406 347
1769553057.675176144 378
1769553057.721885920 336
1769553057.771807194 384
1769553057.821889639 347
1769553057.871781349 364
1769553057.921936274 351
1769553057.971787453 313
1769553058.021868944 368
1769553058.071784973 345
1769553058.121875525 323
1769553058.172300577 354
1769553058.221846104 343
1769553058.271695614 343
1769553058.321853161 361
1769553058.371763468 348
1769553058.421868801 330
1769553058.471737385 347
1769553058.521873951 332
1769553058.571713448 361
1769553058.621819735 357
1769553058.672070026 373
1769553058.721771002 388
1769553058.771848679 327
1769553058.821724415 383
1769553058.871774197 379
1769553058.924440384 388
1769553058.971780300 356
1769553059.021726370 377
1769553059.071786642 375
1769553059.123200417 357
1769553059.171806574 360
1769553059.221672773 345
1769553059.271762133 381
1769553059.322523355 349
1769553059.371753931 370
1769553059.421647072 360
1769553059.471763849 357
1769553059.521840334 335
1769553059.571712255 366
1769553059.621747494 337
1769553059.671659708 359
1769553059.721726656 347
1769553059.771642447 357
1769553059.821727037 349
1769553059.872548342 367
1769553059.921716928 388
1769553059.971624374 347
1769553060.021707535 355
1769553060.071637154 357
1769553060.121709347 332
1769553060.171796083 362
1769553060.221696615 365
1769553060.272142887 359
1769553060.321688175 387
1769553060.371549368 376
1769553060.421688557 376
1769553060.471489906 392
1769553060.521689415 342
1769553060.582671165 381
1769553060.621609688 310
1769553060.671676874 365
1769553060.721600771 365
1769553060.771668911 369
1769553060.823002100 384
1769553060.871600151 358
1769553060.921650171 395
1769553060.971599102 388
1769553061.021640778 364
1769553061.071567774 381
1769553061.121684790 370
1769553061.172641754 357
1769553061.221657038 378
1769553061.271602869 375
1769553061.321640253 420
1769553061.371597528 392
1769553061.421622276 391
1769553061.471542835 397
1769553061.521648169 384
1769553061.572615862 383
1769553061.621598244 403
1769553061.671404600 410
1769553061.721620083 381
1769553061.774365425 387
1769553061.821600676 393
1769553061.871521950 412
1769553061.921791077 367
1769553061.971712589 396
1769553062.021577835 406
1769553062.071478367 413
1769553062.121495724 411
1769553062.173432112 405
1769553062.221468449 422
1769553062.271483660 429
1769553062.321469784 410
1769553062.371462345 384
1769553062.421570063 394
1769553062.471448421 404
1769553062.521490335 393
1769553062.572065353 421
1769553062.621560097 383
1769553062.671431065 405
1769553062.721544027 396
1769553062.771422625 385
1769553062.821519613 376
1769553062.871423483 407
1769553062.921470881 410
1769553062.973907232 390
1769553063.021517754 380
1769553063.071430922 338
1769553063.121516228 382
1769553063.172040701 385
1769553063.221518040 405
1769553063.271421194 383
1769553063.321486235 373
1769553063.371413469 365
1769553063.421577692 402
1769553063.472054482 399
1769553063.521490574 393
1769553063.571407557 380
1769553063.621498346 389
1769553063.671500444 382
1769553063.721474648 379
1769553063.771625757 370
1769553063.821486235 381
1769553063.874281406 414
1769553063.921514750 365
1769553063.971397877 370
1769553064.021519423 364
1769553064.071367502 397
1769553064.121510744 401
1769553064.171381235 389
1769553064.221539497 435
1769553064.273235559 381
1769553064.321475029 410
1769553064.371361017 408
1769553064.421476603 423
1769553064.471426487 406
1769553064.521502972 398
1769553064.576239347 412
1769553064.621439695 383
1769553064.671369076 431
1769553064.721461058 387
1769553064.771361589 417
1769553064.821462154 417
1769553064.871755600 396
1769553064.921442509 392
1769553064.971312284 388
1769553065.021333218 391
1769553065.071301937 364
1769553065.121459484 405
1769553065.171249390 387
1769553065.221467018 415
1769553065.271859646 359
1769553065.321412086 412
1769553065.371370792 405
1769553065.421426535 396
1769553065.471301556 378
1769553065.521427870 368
1769553065.571283102 392
1769553065.621410131 379
1769553065.671338081 418
1769553065.721327305 379
1769553065.771332979 430
1769553065.821360826 429
1769553065.871306896 440
1769553065.921386957 416
1769553065.971282721 400
1769553066.021373987 394
1769553066.071263075 420
1769553066.121387482 388
1769553066.171261549 399
1769553066.221341848 393
1769553066.271233082 388
1769553066.321376085 404
1769553066.373215437 379
1769553066.421369791 402
1769553066.471228361 368
1769553066.521300077 381
1769553066.571251392 420
1769553066.621308565 403
1769553066.671213627 389
1769553066.721266031 392
1769553066.771182299 414
1769553066.821385145 415
1769553066.872406721 429
1769553066.921288967 435
1769553066.971188545 425
1769553067.021287203 416
1769553067.072703600 404
1769553067.121255159 412
1769553067.171190739 400
1769553067.221294165 401
1769553067.271758795 433
1769553067.321233511 383
1769553067.371193647 418
1769553067.421184778 392
1769553067.471217394 429
1769553067.521226168 414
1769553067.571199417 366
1769553067.621251822 404
1769553067.671207428 428
1769553067.721232414 419
1769553067.771183252 382
1769553067.821225405 396
1769553067.871168375 410
1769553067.921264172 403
1769553067.971155405 388
1769553068.021236658 389
1769553068.074661016 365
1769553068.121229172 429
1769553068.171142817 376
1769553068.221214056 387
1769553068.271111727 377
1769553068.321232080 401
1769553068.371736050 399
1769553068.421203852 421
1769553068.471104860 419
1769553068.521205902 398
1769553068.571377754 395
1769553068.621198654 373
1769553068.670956850 363
1769553068.721173525 401
1769553068.771091700 404
1769553068.821204901 418
1769553068.871239662 425
1769553068.921183586 416
1769553068.971626520 399
1769553069.021098614 436
1769553069.071118355 429
1769553069.121145248 380
1769553069.171115160 402
1769553069.221158504 438
1769553069.270984888 401
1769553069.321143627 386
1769553069.371053457 389
1769553069.421101809 415
1769553069.470941544 417
1769553069.521110535 416
1769553069.570944548 442
1769553069.621103287 424
1769553069.671706676 417
1769553069.721070051 420
1769553069.770984411 399
1769553069.821146965 403
1769553069.871419430 391
1769553069.921101093 399
1769553069.970973730 402
1769553070.021099806 428
1769553070.089836359 409
1769553070.122288227 414
1769553070.171062469 400
1769553070.221017838 422
1769553070.271078825 433
1769553070.320956230 448
1769553070.371066093 419
1769553070.444120407 424
1769553070.474765062 433
1769553070.520863056 436
1769553070.570893526 424
1769553070.620890141 450
1769553070.670882702 432
1769553070.720828056 422
1769553070.771088600 377
1769553070.859067917 444
1769553070.886755943 417
1769553070.920917511 431
1769553070.970850468 420
1769553071.029175997 408
1769553071.070817709 425
1769553071.121029615 402
1769553071.170879126 413
1769553071.221024990 406
1769553071.271193266 436
1769553071.321063519 393
1769553071.370927334 414
1769553071.421004295 401
1769553071.470841885 408
1769553071.520996809 415
1769553071.570871830 387
1769553071.621043682 425
1769553071.672203779 393
1769553071.720982075 421
1769553071.772984266 403
1769553071.820965052 404
1769553071.870893717 404
1769553071.920933008 397
1769553071.970808744 403
1769553072.020917416 417
1769553072.070838928 393
1769553072.120913744 416
1769553072.170770884 415
1769553072.220863342 414
1769553072.270824432 392
1769553072.320890665 407
1769553072.370798588 400
1769553072.420922518 392
1769553072.470840693 404
1769553072.520817995 389
1769553072.570883036 432
1769553072.620894670 385
1769553072.670832634 382
1769553072.720882177 400
1769553072.770811081 406
1769553072.820919752 428
1769553072.871388912 391
1769553072.920802832 410
1769553072.970778465 403
1769553073.020896912 415
1769553073.070714951 422
1769553073.120873928 425
1769553073.170713663 419
1769553073.220860481 394
1769553073.270685434 404
1769553073.320859671 393
1769553073.371129274 421
1769553073.420830488 417
1769553073.470738649 398
1769553073.520853281 397
1769553073.571753740 384
1769553073.620850325 391
1769553073.670734406 392
1769553073.720855236 405
1769553073.770665884 420
1769553073.820827723 416
1769553073.870779753 393
1769553073.920707703 411
1769553073.970766783 379
1769553074.020766735 401
1769553074.070697069 405
1769553074.120796919 428
1769553074.170717478 431
1769553074.220765591 425
1769553074.270603180 397
1769553074.320793629 432
1769553074.371555805 392
1769553074.420754433 447
1769553074.470648527 410
1769553074.520764112 399
1769553074.570619822 390
1769553074.620740414 381
1769553074.670632601 432
1769553074.720720291 403
1769553074.770666599 422
1769553074.820756674 391
1769553074.870600700 407
1769553074.920734167 398
1769553074.973509789 373
1769553075.020748377 332
1769553075.070612907 402
1769553075.120721340 398
1769553075.170547724 385
1769553075.238698244 389
1769553075.271395445 417
1769553075.332161903 398
1769553075.380980730 397
1769553075.420711994 375
1769553075.470726728 386
1769553075.520662069 417
1769553075.570787907 368
1769553075.620624542 411
1769553075.670734882 409
1769553075.720879793 376
1769553075.770750046 384
1769553075.820655107 399
1769553075.870730400 422
1769553075.920630217 404
1769553075.970729113 400
1769553076.020579100 412
1769553076.070706367 399
1769553076.120488882 397
1769553076.170685768 429
1769553076.221313000 390
1769553076.270734787 380
1769553076.320638895 424
1769553076.370647669 421
1769553076.420603991 386
1769553076.470661640 370
1769553076.520590305 409
1769553076.570676804 419
1769553076.620606899 391
1769553076.670697689 414
1769553076.720561743 377
1769553076.770653725 383
1769553076.821841955 409
1769553076.870646954 376
1769553076.920555830 350
1769553076.970636606 352
1769553077.023498058 381
1769553077.070622683 375
1769553077.120573997 384
1769553077.170655012 403
1769553077.220927477 359
1769553077.270458698 377
1769553077.320618391 407
1769553077.370575190 393
1769553077.420610905 436
1769553077.470515013 419
1769553077.520606279 369
1769553077.572664738 428
1769553077.620463848 364
1769553077.701371193 403
1769553077.734411478 391
1769553077.770509243 420
1769553077.820583582 390
1769553077.871599913 400
1769553077.920508385 356
1769553077.970573664 428
1769553078.020511150 400
1769553078.070671558 402
1769553078.122288942 402
1769553078.170604467 385
1769553078.221624851 406
1769553078.270563126 385
1769553078.328878641 392
1769553078.409305573 410
1769553078.436450481 382
1769553078.470454454 423
1769553078.520568132 413
1769553078.576716661 390
1769553078.620496273 429
1769553078.670542955 413
1769553078.720563889 409
1769553078.770479202 410
1769553078.820571184 420
1769553078.870419025 406
1769553078.920511007 403
1769553078.970418930 423
1769553079.020518303 410
1769553079.071119785 395
1769553079.120485783 415
1769553079.170360804 402
1769553079.220597506 370
1769553079.273245096 403
1769553079.320495844 394
1769553079.370403767 391
1769553079.420510530 380
1769553079.470506668 378
1769553079.520499229 377
1769553079.570465803 417
1769553079.620469332 385
1769553079.672027111 381
1769553079.720475674 385
1769553079.772876501 406
1769553079.820470810 402
1769553079.870376587 386
1769553079.920452595 403
1769553079.970332623 379
1769553080.020469427 387
1769553080.070378780 403
1769553080.120457888 404
1769553080.170243502 418
1769553080.220462322 375
1769553080.270306110 379
1769553080.320449114 409
1769553080.370657682 401
1769553080.420477629 410
1769553080.473153591 390
1769553080.520432711 410
1769553080.570315599 346
1769553080.620581627 378
1769553080.671630144 415
1769553080.720435381 425
1769553080.770317554 373
1769553080.820393801 386
1769553080.870304823 380
1769553080.920421362 414
1769553080.970270395 391
1769553081.020412683 419
1769553081.070264816 419
1769553081.120397329 416
1769553081.170989275 412
1769553081.220403910 401
1769553081.270275593 388
1769553081.320394516 390
1769553081.370177269 432
1769553081.420412779 415
1769553081.470282078 396
1769553081.520414829 424
1769553081.571329117 392
1769553081.620377541 374
1769553081.670230865 419
1769553081.720400810 438
1769553081.770265341 445
1769553081.820388794 473
1769553081.871113300 419
1769553081.920331717 403
1769553081.970250845 423
1769553082.020340919 451
1769553082.084043741 421
1769553082.120262384 405
1769553082.170337439 452
1769553082.220822811 429
1769553082.270311356 424
1769553082.320234776 443
1769553082.370305538 438
1769553082.420222044 421
1769553082.470305681 431
1769553082.520181656 469
1769553082.570325613 429
1769553082.620207071 418
1769553082.670292377 410
1769553082.723269939 409
1769553082.770281792 410
1769553082.820200205 392
1769553082.870298386 413
1769553082.920661449 411
1769553082.970262527 405
1769553083.021101713 410
1769553083.070307016 416
1769553083.120155811 424
1769553083.170250654 411
1769553083.220183372 417
1769553083.270241022 404
1769553083.320103884 414
1769553083.370223522 422
1769553083.420139551 395
1769553083.470226288 394
1769553083.522711277 424
1769553083.570225239 416
1769553083.620136976 435
1769553083.670217991 415
1769553083.720055342 390
1769553083.770243883 402
1769553083.820151091 424
1769553083.870270014 399
1769553083.920099497 417
1769553083.970205069 397
1769553084.024070501 451
1769553084.070177078 377
1769553084.120085478 407
1769553084.170182705 412
1769553084.220028400 440
1769553084.270177603 413
1769553084.320091248 426
1769553084.370173931 401
1769553084.420008183 392
1769553084.470152140 413
1769553084.521619081 426
1769553084.570150375 411
1769553084.620057821 405
1769553084.670154572 408
1769553084.720005035 417
1769553084.770139217 403
1769553084.820035219 360
1769553084.870129824 402
1769553084.920022726 387
1769553084.970121384 408
1769553085.021873713 382
1769553085.070138216 400
1769553085.120056868 431
1769553085.170129061 402
1769553085.222179651 398
1769553085.270063877 436
1769553085.330204010 408
1769553085.370034695 387
1769553085.420074940 406
1769553085.469985485 414
1769553085.520083904 381
1769553085.570175409 383
1769553085.620055199 405
1769553085.669913530 426
1769553085.720066547 411
1769553085.769967318 403
1769553085.820084572 408
1769553085.869963169 382
1769553085.920037746 407
1769553085.969955444 407
1769553086.020056486 397
1769553086.069956303 389
1769553086.120028019 375
1769553086.169924498 385
1769553086.220043659 384
1769553086.269932985 420
1769553086.320017099 401
1769553086.369952202 404
1769553086.419975519 419
1769553086.469895840 387
1769553086.520044565 385
1769553086.569948912 400
1769553086.620032549 404
1769553086.671678543 423
1769553086.720018625 373
1769553086.769931316 400
1769553086.820050716 374
1769553086.871392727 382
1769553086.920037031 369
1769553086.969924688 401
1769553087.020008564 400
1769553087.071002483 376
1769553087.119933605 367
1769553087.170187712 421
1769553087.219837666 388
1769553087.269956350 380
1769553087.319995642 367
1769553087.369933128 372
1769553087.419931889 386
1769553087.469947577 348
1769553087.519952536 389
1769553087.569893599 359
1769553087.619938374 362
1769553087.669904232 365
1769553087.719941378 358
1769553087.769864559 383
1769553087.819953680 367
1769553087.869807243 346
1769553087.919954062 377
1769553087.969808340 345
1769553088.019944429 381
1769553088.069813251 362
1769553088.120025635 349
1769553088.170790434 339
1769553088.219954014 378
1769553088.270787954 381
1769553088.319904327 368
1769553088.369812012 383
1769553088.419918776 379
1769553088.469751596 376
1769553088.519901276 413
1769553088.570836782 422
1769553088.619874001 398
1769553088.669783115 398
1769553088.719935417 394
1769553088.769807816 374
1769553088.819894075 367
1769553088.870353460 387
1769553088.919891119 388
1769553088.973464727 356
1769553089.019851446 368
1769553089.069813013 399
1769553089.119877815 390
1769553089.169794798 388
1769553089.219947815 389
1769553089.271966934 411
1769553089.319986582 396
1769553089.369861364 364
1769553089.419877052 354
1769553089.469756365 398
1769553089.519896030 390
1769553089.569688320 390
1769553089.619910955 403
1769553089.669930696 386
1769553089.719870090 391
1769553089.770929337 412
1769553089.819857597 411
1769553089.869744778 387
1769553089.919833899 399
1769553089.969706774 384
1769553090.019852877 405
1769553090.069824696 414
1769553090.119852304 396
1769553090.169753551 375
1769553090.219816685 389
1769553090.269751310 403
1769553090.319791794 389
1769553090.369667768 379
1769553090.419816494 411
1769553090.473524570 410
1769553090.519794941 398
1769553090.569716454 375
1769553090.619808674 380
1769553090.670756102 410
1769553090.719762325 377
1769553090.769685268 375
1769553090.819795609 390
1769553090.869550943 394
1769553090.919604063 394
1769553090.969695091 398
1769553091.019798517 381
1769553091.069974899 387
1769553091.119772434 381
1769553091.171977043 397
1769553091.219758034 403
1769553091.269654512 388
1769553091.319898367 402
1769553091.371485710 383
1769553091.419718504 370
1769553091.469626188 406
1769553091.519784927 430
1769553091.569915533 384
1769553091.619743347 385
1769553091.669620752 380
1769553091.719741344 391
1769553091.773319244 379
1769553091.819679976 375
1769553091.869655371 378
1769553091.919609308 376
1769553091.969685316 379
1769553092.019618273 353
1769553092.069708586 422
1769553092.119596243 380
1769553092.169687510 374
1769553092.219575882 371
1769553092.269665956 373
1769553092.320053101 389
1769553092.369641304 376
1769553092.419567823 378
1769553092.469628334 376
1769553092.519451857 394
1769553092.569690943 389
1769553092.620617390 416
1769553092.669668198 403
1769553092.719563246 386
1769553092.769649506 410
1769553092.819515705 420
1769553092.869681358 411
1769553092.923235893 409
1769553092.969628334 393
1769553093.019647598 389
1769553093.069645166 388
1769553093.119419336 405
1769553093.169652462 378
1769553093.221783400 385
1769553093.269619703 413
1769553093.319558144 398
1769553093.369611502 359
1769553093.419457436 405
1769553093.469624996 397
1769553093.520336390 374
1769553093.569600344 386
1769553093.619398355 387
1769553093.669585228 394
1769553093.719490528 390
1769553093.769636154 412
1769553093.820646286 405
1769553093.869621515 434
1769553093.919463158 413
1769553093.969541788 428
1769553094.019564390 382
1769553094.069627762 413
1769553094.119451761 395
1769553094.169564486 416
1769553094.219666481 397
1769553094.269617081 433
1769553094.319632053 421
1769553094.369574308 412
1769553094.419425249 419
1769553094.469504356 394
1769553094.519390821 428
1769553094.569627047 385
1769553094.620842695 411
1769553094.669562101 416
1769553094.719409466 420
1769553094.769498587 404
1769553094.819402218 414
1769553094.869594812 447
1769553094.919878721 469
1769553094.969597101 428
1769553095.019342899 415
1769553095.069576740 428
1769553095.121367693 433
1769553095.169520378 412
1769553095.219394922 420
1769553095.269496918 432
1769553095.328449726 424
1769553095.369430780 398
1769553095.419492245 405
1769553095.469400644 412
1769553095.519487381 435
1769553095.570406437 454
1769553095.619511127 406
1769553095.669383526 421
1769553095.719487429 392
1769553095.770507812 434
1769553095.819474697 407
1769553095.870256424 419
1769553095.919430971 444
1769553095.969372988 427
1769553096.019454718 400
1769553096.072059631 453
1769553096.119450808 409
1769553096.169330597 419
1769553096.219447613 414
1769553096.269574404 412
1769553096.319447994 418
1769553096.369767189 417
1769553096.419427156 440
1769553096.469554901 429
1769553096.519434690 409
1769553096.571125031 401
1769553096.619426966 427
1769553096.669316530 408
1769553096.719460011 422
1769553096.769701719 404
1769553096.819430590 413
1769553096.869271517 408
1769553096.919422865 416
1769553096.970515013 417
1769553097.019440651 438
1769553097.069190025 411
1769553097.119287491 434
1769553097.184226036 426
1769553097.219274282 408
1769553097.269384146 409
1769553097.319267273 430
1769553097.369418383 405
1769553097.421194077 419
1769553097.469328642 414
1769553097.519241333 430
1769553097.569368601 426
1769553097.621005297 420
1769553097.669330359 413
1769553097.719185114 419
1769553097.769305706 419
1769553097.819154501 409
1769553097.869313002 416
1769553097.920776606 415
1769553097.969285011 426
1769553098.019187927 405
1769553098.069299459 412
1769553098.119845629 425
1769553098.169236898 409
1769553098.219325066 408
1769553098.269178391 410
1769553098.319281340 439
1769553098.371181011 421
1769553098.419257879 434
1769553098.469157457 415
1769553098.519256353 412
1769553098.573362827 419
1769553098.619241476 417
1769553098.669153690 419
1769553098.719243765 418
1769553098.769536495 431
1769553098.819247723 424
1769553098.875494719 425
1769553098.919213057 421
1769553098.969154119 425
1769553099.019247293 438
1769553099.071653605 425
1769553099.119195223 415
1769553099.196342945 422
1769553099.224397898 415
1769553099.269053698 412
1769553099.319247007 417
1769553099.369138002 433
1769553099.419219255 407
1769553099.483240604 406
1769553099.519100666 410
1769553099.569213390 426
1769553099.619056940 410
1769553099.669192553 398
1769553099.719058275 420
1769553099.769214392 420
1769553099.819102287 422
1769553099.869177341 416
1769553099.919090748 414
1769553099.969178915 424
1769553100.020743608 429
1769553100.069171906 413
1769553100.119072199 424
1769553100.169103861 436
1769553100.219101191 433
1769553100.269163847 421
1769553100.318995237 425
1769553100.369147301 417
1769553100.420167685 417
1769553100.469160080 416
1769553100.519050837 417
1769553100.569169521 421
1769553100.622879028 422
1769553100.669137001 426
1769553100.719049454 429
1769553100.769111872 404
1769553100.819029093 410
1769553100.869066715 429
1769553100.922378063 424
1769553100.969074726 420
1769553101.019010544 425
1769553101.069084167 410
1769553101.119000435 419
1769553101.168974400 421
1769553101.219031334 425
1769553101.269036531 427
1769553101.319061041 423
1769553101.369070053 416
1769553101.419049978 416
1769553101.469057798 416
1769553101.519083261 418
1769553101.569058418 424
1769553101.619077206 428
1769553101.669039011 415
1769553101.719063282 429
1769553101.769028902 410
1769553101.819099903 419
1769553101.868979931 411
1769553101.919047594 412
1769553101.968954563 410
1769553102.019056797 408
1769553102.069862127 412
1769553102.119061947 421
1769553102.172463417 413
1769553102.219016552 429
1769553102.268971682 429
1769553102.319005966 410
1769553102.368935823 427
1769553102.419051409 408
1769553102.468886614 425
1769553102.519019604 411
1769553102.568899870 422
1769553102.618995905 426
1769553102.668891430 425
1769553102.718935251 420
1769553102.768917084 419
1769553102.819008827 422
1769553102.868897200 427
1769553102.918981314 440
1769553102.968901873 443
1769553103.018992662 441
1769553103.070430994 426
1769553103.118964195 410
1769553103.169133425 427
1769553103.219034910 415
1769553103.268884659 423
1769553103.318882704 418
1769553103.368897200 430
1769553103.418990612 426
1769553103.471549273 413
1769553103.518952608 420
1769553103.568879128 434
1769553103.618951321 432
1769553103.668779373 424
1769553103.718936920 409
1769553103.768964529 429
1769553103.818926573 415
1769553103.868842125 417
1769553103.918867111 415
1769553103.969112158 424
1769553104.018811941 414
1769553104.068817377 414
1769553104.118849277 414
1769553104.168786526 419
1769553104.218815327 426
1769553104.268936634 416
1769553104.319883585 427
1769553104.368909836 414
1769553104.418792009 412
1769553104.468876600 418
1769553104.518809080 416
1769553104.568934202 429
1769553104.618801117 434
1769553104.668891191 404
1769553104.718780756 426
1769553104.768862963 425
1769553104.819748163 414
1769553104.868770838 435
1769553104.918677807 424
1769553104.968701839 432
1769553105.018822908 434
1769553105.068838596 426
1769553105.118874788 430
1769553105.168769598 430
1769553105.218839407 421
1769553105.268753052 422
1769553105.318896055 415
