1769553026.523773670 0
1769553026.573877096 0
1769553026.623833656 0
1769553026.673852682 0
1769553026.724169254 0
1769553026.773870945 0
1769553026.824172735 0
1769553026.873850584 0
1769553026.924375057 0
1769553026.973840714 0
1769553027.025285482 0
1769553027.073851347 0
1769553027.125791073 0
1769553027.173814297 0
1769553027.223731279 0
1769553027.273817778 0
1769553027.323920965 0
1769553027.373830557 0
1769553027.424039125 0
1769553027.473788023 0
1769553027.523711443 0
1769553027.573827744 0
1769553027.624086380 0
1769553027.673785448 0
1769553027.723706484 0
1769553027.773663282 0
1769553027.823688030 0
1769553027.873554707 0
1769553027.923551083 0
1769553027.973685980 0
1769553028.023801565 0
1769553028.085859537 0
1769553028.123678207 0
1769553028.173755884 0
1769553028.223656178 0
1769553028.273757696 0
1769553028.323751926 0
1769553028.373765230 0
1769553028.423636436 0
1769553028.473806620 0
1769553028.524170637 0
1769553028.575154066 0
1769553028.626265764 0
1769553028.673682451 0
1769553028.723603249 0
1769553028.773728609 0
1769553028.823563337 0
1769553028.873703718 0
1769553028.923914194 0
1769553028.973722935 0
1769553029.023574114 0
1769553029.073688745 0
1769553029.125062704 0
1769553029.173694134 0
1769553029.223582983 0
1769553029.273754120 0
1769553029.332852840 0
1769553029.373678923 0
1769553029.423664093 0
1769553029.473602057 0
1769553029.523651361 0
1769553029.573580265 0
1769553029.623650551 0
1769553029.675266504 0
1769553029.723629236 0
1769553029.773481846 0
1769553029.823696852 0
1769553029.873568773 0
1769553029.923641682 0
1769553029.974550486 0
1769553030.023625374 0
1769553030.073518038 0
1769553030.123650551 0
1769553030.173636198 0
1769553030.244052887 0
1769553030.273517132 0
1769553030.331764221 0
1769553030.373534918 0
1769553030.423591375 0
1769553030.473547459 0
1769553030.523649693 0
1769553030.573861837 0
1769553030.623635054 0
1769553030.673578024 0
1769553030.723638296 0
1769553030.774570942 0
1769553030.823632956 0
1769553030.873490334 0
1769553030.923589468 0
1769553030.973453522 0
1769553031.023548365 0
1769553031.073533297 0
1769553031.123625040 0
1769553031.175270081 0
1769553031.223615646 0
1769553031.273360491 0
1769553031.323564529 0
1769553031.410982847 0
1769553031.439821482 0
1769553031.473460674 0
1769553031.523561954 0
1769553031.599529028 0
1769553031.628368855 0
1769553031.673497200 0
1769553031.723502874 0
1769553031.773632288 0
1769553031.823510885 0
1769553031.873489141 0
1769553031.923497438 0
1769553031.973454952 0
1769553032.023496389 0
1769553032.073364019 0
1769553032.123494864 0
1769553032.207274437 0
1769553032.237404585 0
1769553032.273423195 0
1769553032.323508501 0
1769553032.373661041 0
1769553032.423516989 0
1769553032.473322153 0
1769553032.523492575 0
1769553032.573972225 0
1769553032.623487473 0
1769553032.673378468 0
1769553032.723256588 0
1769553032.773470163 0
1769553032.823381186 0
1769553032.873461485 0
1769553032.924684286 0
1769553032.973443508 0
1769553033.023370266 0
1769553033.073482037 0
1769553033.128749132 0
1769553033.173436403 0
1769553033.223407507 0
1769553033.273462772 0
1769553033.323325157 0
1769553033.373431921 0
1769553033.424530983 0
1769553033.473433256 0
1769553033.523299694 0
1769553033.573441029 0
1769553033.623355865 0
1769553033.673433065 0
1769553033.723464489 0
1769553033.773424625 0
1769553033.827200651 0
1769553033.873399734 0
1769553033.923314095 0
1769553033.973387241 0
1769553034.023270607 0
1769553034.073439598 0
1769553034.125369072 0
1769553034.173288345 0
1769553034.254166603 0
1769553034.283303022 0
1769553034.323285103 0
1769553034.373368502 0
1769553034.423266649 0
1769553034.473390818 0
1769553034.525668144 0
1769553034.573313951 0
1769553034.623235703 0
1769553034.673331022 0
1769553034.724549294 0
1769553034.773377419 0
1769553034.823252916 0
1769553034.873319387 0
1769553034.923175573 0
1769553034.973310232 0
1769553035.024530888 0
1769553035.073318720 0
1769553035.123144865 0
1769553035.173331261 0
1769553035.223211050 0
1769553035.273293972 0
1769553035.324801445 0
1769553035.373294115 0
1769553035.423257828 0
1769553035.473165035 0
1769553035.523127317 0
1769553035.573274136 0
1769553035.623221159 0
1769553035.673180819 0
1769553035.731807709 0
1769553035.773104668 0
1769553035.823248148 0
1769553035.873258591 0
1769553035.923184872 0
1769553035.973267317 0
1769553036.023200989 0
1769553036.073229551 0
1769553036.123173237 0
1769553036.173248768 0
1769553036.223153591 0
1769553036.273241520 0
1769553036.323341846 0
1769553036.373206377 0
1769553036.423131466 0
1769553036.473225117 0
1769553036.523689270 0
1769553036.573213100 0
1769553036.623106718 0
1769553036.673256159 0
1769553036.723122597 0
1769553036.773216724 0
1769553036.824215412 0
1769553036.873200655 0
1769553036.926032305 0
1769553036.973186255 0
1769553037.023115158 0
1769553037.108531475 0
1769553037.145297289 0
1769553037.173111200 0
1769553037.223189592 0
1769553037.273117781 0
1769553037.323220968 0
1769553037.376955748 0
1769553037.423190355 0
1769553037.473151207 0
1769553037.523226261 0
1769553037.576951027 0
1769553037.623204470 0
1769553037.673139572 0
1769553037.723201990 0
1769553037.773403645 0
1769553037.823217630 0
1769553037.873335123 0
1769553037.923206329 0
1769553037.975787878 0
1769553038.023184538 0
1769553038.073112011 0
1769553038.123228073 0
1769553038.178524971 0
1769553038.223192215 0
1769553038.273131371 0
1769553038.323155165 0
1769553038.373077154 0
1769553038.423142910 0
1769553038.473065138 0
1769553038.523150682 0
1769553038.573601007 0
1769553038.623155117 0
1769553038.673317909 0
1769553038.723181486 0
1769553038.773037672 0
1769553038.823141575 0
1769553038.873052359 0
1769553038.923133135 0
1769553038.973072052 0
1769553039.023073673 0
1769553039.073014975 0
1769553039.122983217 0
1769553039.172930956 0
1769553039.223024368 0
1769553039.273919344 0
1769553039.323015451 0
1769553039.372856140 0
1769553039.423011780 0
1769553039.472902775 0
1769553039.522997856 0
1769553039.572851658 0
1769553039.622991562 0
1769553039.672914982 0
1769553039.722918749 0
1769553039.772882700 0
1769553039.822991610 0
1769553039.875752211 0
1769553039.922959089 0
1769553039.972886086 0
1769553040.023003578 0
1769553040.072876215 0
1769553040.122905493 0
1769553040.172861338 0
1769553040.222954512 0
1769553040.272866488 361
1769553040.322889328 334
1769553040.372853994 377
1769553040.422939301 361
1769553040.472852230 334
1769553040.522845745 382
1769553040.572900295 348
1769553040.622791529 357
1769553040.672860622 360
1769553040.722864628 335
1769553040.773013830 338
1769553040.822762966 362
1769553040.873312235 325
1769553040.926246166 357
1769553040.972865105 335
1769553041.024050951 348
1769553041.072916031 372
1769553041.122856379 339
1769553041.172921419 374
1769553041.222826719 376
1769553041.272925615 380
1769553041.322788000 348
1769553041.372919798 353
1769553041.423264265 377
1769553041.472900867 323
1769553041.522813082 353
1769553041.572906017 353
1769553041.622794867 356
1769553041.672896624 313
1769553041.722793579 311
1769553041.772906542 340
1769553041.823508978 328
1769553041.872873783 343
1769553041.922761202 332
1769553041.972888231 337
1769553042.022770405 344
1769553042.072883368 347
1769553042.122955799 366
1769553042.172871113 340
1769553042.222769260 351
1769553042.272871256 355
1769553042.322727203 335
1769553042.372839212 380
1769553042.422703981 316
1769553042.472837448 348
1769553042.522744894 326
1769553042.572865963 347
1769553042.622992039 349
1769553042.672837973 363
1769553042.722697020 378
1769553042.772826910 378
1769553042.825842142 367
1769553042.872797012 371
1769553042.922750711 326
1769553042.972816229 351
1769553043.024070978 342
1769553043.072790384 362
1769553043.122676849 383
1769553043.172813416 368
1769553043.222740412 377
1769553043.272788286 404
1769553043.322699547 342
1769553043.372784138 373
1769553043.422691584 384
1769553043.472783327 394
1769553043.523662567 405
1769553043.572775841 310
1769553043.623887539 390
1769553043.672759533 313
1769553043.722671032 340
1769553043.772760391 331
1769553043.823043346 381
1769553043.872737169 339
1769553043.922654629 377
1769553043.972742319 352
1769553044.022647142 392
1769553044.072740555 387
1769553044.122725725 344
1769553044.172746420 366
1769553044.223819733 345
1769553044.272726059 358
1769553044.325528383 338
1769553044.372684240 371
1769553044.422648907 371
1769553044.472722530 369
1769553044.522647858 379
1769553044.572719097 360
1769553044.622617960 373
1769553044.672711372 406
1769553044.722620487 376
1769553044.772800684 389
1769553044.822747707 379
1769553044.872702360 360
1769553044.922578573 382
1769553044.972691536 395
1769553045.022808790 349
1769553045.072603941 358
1769553045.122637987 346
1769553045.172609806 370
1769553045.222655058 365
1769553045.272590876 373
1769553045.322679520 335
1769553045.373061657 388
1769553045.422665119 334
1769553045.472526550 348
1769553045.522673368 341
1769553045.572729349 356
1769553045.622670889 351
1769553045.672502279 348
1769553045.722643614 316
1769553045.773946285 347
1769553045.822551727 359
1769553045.872670412 359
1769553045.922800541 334
1769553045.972658873 338
1769553046.022612572 335
1769553046.072661877 343
1769553046.122629642 340
1769553046.172644615 341
1769553046.222527981 317
1769553046.272619963 363
1769553046.323540688 350
1769553046.372602940 383
1769553046.422518015 338
1769553046.472639322 356
1769553046.522389412 411
1769553046.572571278 371
1769553046.622588158 372
1769553046.672601461 364
1769553046.722501993 369
1769553046.772620440 363
1769553046.822503090 380
1769553046.872597456 363
1769553046.922409296 378
1769553046.972565174 382
1769553047.022446632 363
1769553047.072594881 397
1769553047.123098612 384
1769553047.172563553 378
1769553047.222426891 390
1769553047.272596121 409
1769553047.324167967 374
1769553047.372738838 375
1769553047.422436953 367
1769553047.472543955 363
1769553047.524492979 393
1769553047.572549105 347
1769553047.623461008 335
1769553047.672497988 361
1769553047.722451448 345
1769553047.772496223 372
1769553047.822437525 357
1769553047.872512579 345
1769553047.922441721 376
1769553047.972448587 365
1769553048.022507668 357
1769553048.072435141 364
1769553048.122491598 370
1769553048.172405958 365
1769553048.222470760 360
1769553048.272391319 369
1769553048.322484016 343
1769553048.376314163 362
1769553048.422468424 372
1769553048.472360849 369
1769553048.522490740 365
1769553048.573126554 379
1769553048.622476339 365
1769553048.672370195 360
1769553048.722471476 352
1769553048.772327900 362
1769553048.822476625 382
1769553048.873130798 387
1769553048.922464371 341
1769553048.972321033 370
1769553049.022470713 361
1769553049.072496653 334
1769553049.122463226 352
1769553049.173176050 327
1769553049.222415447 366
1769553049.272241354 401
1769553049.322398663 377
1769553049.372327566 362
1769553049.422404289 380
1769553049.472282171 354
1769553049.522470236 366
1769553049.573235512 376
1769553049.622397900 366
1769553049.672273636 358
1769553049.722443581 336
1769553049.772288322 369
1769553049.822435617 363
1769553049.874473333 355
1769553049.922417641 369
1769553049.972288609 342
1769553050.022375584 363
1769553050.072264671 369
1769553050.122395754 358
1769553050.173126698 353
1769553050.222398520 357
1769553050.273302555 378
1769553050.322321892 395
1769553050.372407436 370
1769553050.422297239 348
1769553050.472220182 371
1769553050.522223711 379
1769553050.582572460 383
1769553050.622229099 345
1769553050.672308445 345
1769553050.724013329 360
1769553050.772323132 348
1769553050.822210312 361
1769553050.872319698 396
1769553050.923183203 379
1769553050.972312927 426
1769553051.024672747 397
1769553051.072314024 375
1769553051.122304440 372
1769553051.172323942 378
1769553051.222234726 356
1769553051.272291422 382
1769553051.322169065 364
1769553051.372253895 364
1769553051.422433138 392
1769553051.472282171 416
1769553051.525524378 418
1769553051.572263002 392
1769553051.622355223 399
1769553051.672244549 393
1769553051.722848654 395
1769553051.772239685 377
1769553051.822096109 381
1769553051.872265100 360
1769553051.925620794 403
1769553051.972221851 373
1769553052.022134066 389
1769553052.072237015 380
1769553052.123242378 376
1769553052.172211885 388
1769553052.224234819 376
1769553052.272202015 376
1769553052.322126627 394
1769553052.372202635 368
1769553052.423360586 405
1769553052.472203970 381
1769553052.522109509 387
1769553052.572192907 354
1769553052.623678207 397
1769553052.672176600 390
1769553052.722098112 379
1769553052.772179604 362
1769553052.822833300 370
1769553052.872171879 368
1769553052.922099829 393
1769553052.972110987 383
1769553053.022095442 403
1769553053.072149754 396
1769553053.122279406 386
1769553053.172152519 384
1769553053.223453760 384
1769553053.272147655 404
1769553053.322081089 346
1769553053.372172356 388
1769553053.422211647 352
1769553053.472149849 360
1769553053.522985220 377
1769553053.572125435 367
1769553053.622091532 336
1769553053.672119141 353
1769553053.722656012 363
1769553053.772097111 374
1769553053.822824717 368
1769553053.872117758 386
1769553053.922036886 378
1769553053.972121954 351
1769553054.022017241 392
1769553054.072150707 370
1769553054.121997595 345
1769553054.172097206 359
1769553054.221992493 379
1769553054.272095203 359
1769553054.325359821 335
1769553054.372098923 400
1769553054.421994925 398
1769553054.472064734 385
1769553054.556670666 377
1769553054.584923983 361
1769553054.621982098 413
1769553054.672050714 418
1769553054.723180056 418
1769553054.771942377 381
1769553054.821989298 356
1769553054.872105837 366
1769553054.921931028 395
1769553054.972030640 370
1769553055.021963120 380
1769553055.072085857 361
1769553055.122884274 345
1769553055.172036171 363
1769553055.221899271 379
1769553055.272046804 370
1769553055.322809696 376
1769553055.372019053 382
1769553055.421921015 349
1769553055.472020149 383
1769553055.521924496 371
1769553055.571982384 398
1769553055.621777773 370
1769553055.672009468 351
1769553055.721918821 384
1769553055.771937609 359
1769553055.821952343 335
1769553055.872940540 379
1769553055.921999693 367
1769553055.971875906 373
1769553056.021980524 363
1769553056.072458029 321
1769553056.121994495 356
1769553056.173287153 382
1769553056.221988440 342
1769553056.272992849 371
1769553056.321944714 392
1769553056.371879101 382
1769553056.421943188 351
1769553056.471870184 382
1769553056.521857500 420
1769553056.571914911 382
1769553056.621921301 389
1769553056.671938419 373
1769553056.721928596 380
1769553056.771957159 369
1769553056.821847916 366
1769553056.871902227 397
1769553056.921844959 344
1769553056.971942425 386
1769553057.023610830 370
1769553057.071919203 350
1769553057.121818781 365
1769553057.171914816 378
1769553057.226537466 382
1769553057.271910667 383
1769553057.321824074 383
1769553057.371891022 343
1769553057.421827316 352
1769553057.471728325 375
1769553057.538446903 368
1769553057.571786165 368
1769553057.621893406 392
1769553057.675176144 354
1769553057.721885920 354
1769553057.771807194 368
1769553057.821889639 344
1769553057.871781349 335
1769553057.921936274 360
1769553057.971787453 386
1769553058.021868944 359
1769553058.071784973 349
1769553058.121875525 312
1769553058.172300577 331
1769553058.221846104 329
1769553058.271695614 345
1769553058.321853161 319
1769553058.371763468 338
1769553058.421868801 355
1769553058.471737385 323
1769553058.521873951 320
1769553058.571713448 340
1769553058.621819735 349
1769553058.672070026 341
1769553058.721771002 371
1769553058.771848679 330
1769553058.821724415 349
1769553058.871774197 362
1769553058.924440384 347
1769553058.971780300 330
1769553059.021726370 374
1769553059.071786642 333
1769553059.123200417 320
1769553059.171806574 341
1769553059.221672773 352
1769553059.271762133 340
1769553059.322523355 369
1769553059.371753931 356
1769553059.421647072 353
1769553059.471763849 316
1769553059.521840334 309
1769553059.571712255 359
1769553059.621747494 337
1769553059.671659708 272
1769553059.721726656 321
1769553059.771642447 378
1769553059.821727037 339
1769553059.872548342 360
1769553059.921716928 374
1769553059.971624374 327
1769553060.021707535 336
1769553060.071637154 326
1769553060.121709347 313
1769553060.171796083 332
1769553060.221696615 315
1769553060.272142887 330
1769553060.321688175 362
1769553060.371549368 319
1769553060.421688557 357
1769553060.471489906 340
1769553060.521689415 335
1769553060.582671165 362
1769553060.621609688 313
1769553060.671676874 319
1769553060.721600771 343
1769553060.771668911 342
1769553060.823002100 322
1769553060.871600151 309
1769553060.921650171 316
1769553060.971599102 329
1769553061.021640778 353
1769553061.071567774 343
1769553061.121684790 320
1769553061.172641754 354
1769553061.221657038 340
1769553061.271602869 352
1769553061.321640253 371
1769553061.371597528 347
1769553061.421622276 359
1769553061.471542835 357
1769553061.521648169 367
1769553061.572615862 352
1769553061.621598244 369
1769553061.671404600 357
1769553061.721620083 357
1769553061.774365425 352
1769553061.821600676 386
1769553061.871521950 400
1769553061.921791077 378
1769553061.971712589 381
1769553062.021577835 398
1769553062.071478367 395
1769553062.121495724 393
1769553062.173432112 383
1769553062.221468449 413
1769553062.271483660 383
1769553062.321469784 366
1769553062.371462345 398
1769553062.421570063 373
1769553062.471448421 386
1769553062.521490335 374
1769553062.572065353 381
1769553062.621560097 370
1769553062.671431065 405
1769553062.721544027 382
1769553062.771422625 370
1769553062.821519613 390
1769553062.871423483 371
1769553062.921470881 344
1769553062.973907232 371
1769553063.021517754 382
1769553063.071430922 332
1769553063.121516228 397
1769553063.172040701 386
1769553063.221518040 365
1769553063.271421194 347
1769553063.321486235 342
1769553063.371413469 348
1769553063.421577692 380
1769553063.472054482 362
1769553063.521490574 357
1769553063.571407557 345
1769553063.621498346 368
1769553063.671500444 352
1769553063.721474648 319
1769553063.771625757 369
1769553063.821486235 339
1769553063.874281406 360
1769553063.921514750 363
1769553063.971397877 354
1769553064.021519423 331
1769553064.071367502 354
1769553064.121510744 316
1769553064.171381235 377
1769553064.221539497 370
1769553064.273235559 353
1769553064.321475029 383
1769553064.371361017 389
1769553064.421476603 399
1769553064.471426487 356
1769553064.521502972 367
1769553064.576239347 394
1769553064.621439695 356
1769553064.671369076 367
1769553064.721461058 358
1769553064.771361589 356
1769553064.821462154 372
1769553064.871755600 367
1769553064.921442509 354
1769553064.971312284 375
1769553065.021333218 359
1769553065.071301937 380
1769553065.121459484 375
1769553065.171249390 376
1769553065.221467018 381
1769553065.271859646 380
1769553065.321412086 378
1769553065.371370792 381
1769553065.421426535 327
1769553065.471301556 359
1769553065.521427870 356
1769553065.571283102 356
1769553065.621410131 348
1769553065.671338081 346
1769553065.721327305 361
1769553065.771332979 390
1769553065.821360826 373
1769553065.871306896 394
1769553065.921386957 391
1769553065.971282721 392
1769553066.021373987 347
1769553066.071263075 362
1769553066.121387482 325
1769553066.171261549 334
1769553066.221341848 365
1769553066.271233082 341
1769553066.321376085 375
1769553066.373215437 339
1769553066.421369791 368
1769553066.471228361 341
1769553066.521300077 359
1769553066.571251392 419
1769553066.621308565 396
1769553066.671213627 388
1769553066.721266031 377
1769553066.771182299 366
1769553066.821385145 373
1769553066.872406721 396
1769553066.921288967 385
1769553066.971188545 388
1769553067.021287203 389
1769553067.072703600 395
1769553067.121255159 348
1769553067.171190739 367
1769553067.221294165 371
1769553067.271758795 368
1769553067.321233511 360
1769553067.371193647 369
1769553067.421184778 362
1769553067.471217394 421
1769553067.521226168 357
1769553067.571199417 349
1769553067.621251822 382
1769553067.671207428 370
1769553067.721232414 392
1769553067.771183252 361
1769553067.821225405 355
1769553067.871168375 356
1769553067.921264172 363
1769553067.971155405 392
1769553068.021236658 371
1769553068.074661016 406
1769553068.121229172 359
1769553068.171142817 349
1769553068.221214056 379
1769553068.271111727 333
1769553068.321232080 373
1769553068.371736050 366
1769553068.421203852 384
1769553068.471104860 377
1769553068.521205902 411
1769553068.571377754 374
1769553068.621198654 395
1769553068.670956850 390
1769553068.721173525 369
1769553068.771091700 393
1769553068.821204901 397
1769553068.871239662 419
1769553068.921183586 400
1769553068.971626520 400
1769553069.021098614 411
1769553069.071118355 405
1769553069.121145248 387
1769553069.171115160 388
1769553069.221158504 387
1769553069.270984888 389
1769553069.321143627 358
1769553069.371053457 384
1769553069.421101809 378
1769553069.470941544 400
1769553069.521110535 411
1769553069.570944548 384
1769553069.621103287 385
1769553069.671706676 367
1769553069.721070051 433
1769553069.770984411 372
1769553069.821146965 352
1769553069.871419430 366
1769553069.921101093 396
1769553069.970973730 419
1769553070.021099806 417
1769553070.089836359 418
1769553070.122288227 400
1769553070.171062469 391
1769553070.221017838 385
1769553070.271078825 400
1769553070.320956230 368
1769553070.371066093 392
1769553070.444120407 394
1769553070.474765062 389
1769553070.520863056 399
1769553070.570893526 388
1769553070.620890141 400
1769553070.670882702 384
1769553070.720828056 397
1769553070.771088600 381
1769553070.859067917 346
1769553070.886755943 340
1769553070.920917511 396
1769553070.970850468 396
1769553071.029175997 365
1769553071.070817709 392
1769553071.121029615 383
1769553071.170879126 371
1769553071.221024990 348
1769553071.271193266 365
1769553071.321063519 416
1769553071.370927334 345
1769553071.421004295 367
1769553071.470841885 397
1769553071.520996809 398
1769553071.570871830 371
1769553071.621043682 389
1769553071.672203779 383
1769553071.720982075 373
1769553071.772984266 381
1769553071.820965052 352
1769553071.870893717 402
1769553071.920933008 368
1769553071.970808744 404
1769553072.020917416 358
1769553072.070838928 366
1769553072.120913744 377
1769553072.170770884 342
1769553072.220863342 343
1769553072.270824432 383
1769553072.320890665 379
1769553072.370798588 377
1769553072.420922518 358
1769553072.470840693 346
1769553072.520817995 355
1769553072.570883036 352
1769553072.620894670 338
1769553072.670832634 365
1769553072.720882177 362
1769553072.770811081 388
1769553072.820919752 379
1769553072.871388912 388
1769553072.920802832 405
1769553072.970778465 378
1769553073.020896912 376
1769553073.070714951 400
1769553073.120873928 385
1769553073.170713663 362
1769553073.220860481 355
1769553073.270685434 391
1769553073.320859671 398
1769553073.371129274 379
1769553073.420830488 393
1769553073.470738649 352
1769553073.520853281 371
1769553073.571753740 344
1769553073.620850325 371
1769553073.670734406 347
1769553073.720855236 359
1769553073.770665884 358
1769553073.820827723 405
1769553073.870779753 375
1769553073.920707703 348
1769553073.970766783 370
1769553074.020766735 379
1769553074.070697069 382
1769553074.120796919 362
1769553074.170717478 379
1769553074.220765591 373
1769553074.270603180 387
1769553074.320793629 364
1769553074.371555805 375
1769553074.420754433 358
1769553074.470648527 360
1769553074.520764112 399
1769553074.570619822 386
1769553074.620740414 338
1769553074.670632601 375
1769553074.720720291 374
1769553074.770666599 383
1769553074.820756674 381
1769553074.870600700 376
1769553074.920734167 361
1769553074.973509789 364
1769553075.020748377 347
1769553075.070612907 365
1769553075.120721340 383
1769553075.170547724 408
1769553075.238698244 364
1769553075.271395445 376
1769553075.332161903 391
1769553075.380980730 370
1769553075.420711994 379
1769553075.470726728 378
1769553075.520662069 409
1769553075.570787907 369
1769553075.620624542 399
1769553075.670734882 422
1769553075.720879793 413
1769553075.770750046 376
1769553075.820655107 376
1769553075.870730400 388
1769553075.920630217 382
1769553075.970729113 381
1769553076.020579100 377
1769553076.070706367 366
1769553076.120488882 353
1769553076.170685768 370
1769553076.221313000 374
1769553076.270734787 389
1769553076.320638895 415
1769553076.370647669 395
1769553076.420603991 378
1769553076.470661640 391
1769553076.520590305 430
1769553076.570676804 369
1769553076.620606899 393
1769553076.670697689 394
1769553076.720561743 386
1769553076.770653725 379
1769553076.821841955 355
1769553076.870646954 357
1769553076.920555830 369
1769553076.970636606 375
1769553077.023498058 363
1769553077.070622683 395
1769553077.120573997 386
1769553077.170655012 372
1769553077.220927477 371
1769553077.270458698 383
1769553077.320618391 406
1769553077.370575190 365
1769553077.420610905 376
1769553077.470515013 403
1769553077.520606279 383
1769553077.572664738 392
1769553077.620463848 383
1769553077.701371193 399
1769553077.734411478 381
1769553077.770509243 407
1769553077.820583582 374
1769553077.871599913 366
1769553077.920508385 421
1769553077.970573664 384
1769553078.020511150 402
1769553078.070671558 397
1769553078.122288942 388
1769553078.170604467 429
1769553078.221624851 393
1769553078.270563126 396
1769553078.328878641 395
1769553078.409305573 396
1769553078.436450481 402
1769553078.470454454 357
1769553078.520568132 375
1769553078.576716661 398
1769553078.620496273 418
1769553078.670542955 386
1769553078.720563889 372
1769553078.770479202 391
1769553078.820571184 394
1769553078.870419025 340
1769553078.920511007 346
1769553078.970418930 358
1769553079.020518303 402
1769553079.071119785 401
1769553079.120485783 358
1769553079.170360804 380
1769553079.220597506 388
1769553079.273245096 341
1769553079.320495844 393
1769553079.370403767 377
1769553079.420510530 378
1769553079.470506668 354
1769553079.520499229 370
1769553079.570465803 358
1769553079.620469332 384
1769553079.672027111 369
1769553079.720475674 366
1769553079.772876501 376
1769553079.820470810 370
1769553079.870376587 377
1769553079.920452595 419
1769553079.970332623 335
1769553080.020469427 407
1769553080.070378780 367
1769553080.120457888 322
1769553080.170243502 400
1769553080.220462322 393
1769553080.270306110 376
1769553080.320449114 378
1769553080.370657682 364
1769553080.420477629 378
1769553080.473153591 380
1769553080.520432711 334
1769553080.570315599 365
1769553080.620581627 393
1769553080.671630144 386
1769553080.720435381 365
1769553080.770317554 342
1769553080.820393801 369
1769553080.870304823 349
1769553080.920421362 385
1769553080.970270395 394
1769553081.020412683 345
1769553081.070264816 377
1769553081.120397329 353
1769553081.170989275 369
1769553081.220403910 362
1769553081.270275593 379
1769553081.320394516 396
1769553081.370177269 350
1769553081.420412779 355
1769553081.470282078 383
1769553081.520414829 351
1769553081.571329117 400
1769553081.620377541 385
1769553081.670230865 395
1769553081.720400810 442
1769553081.770265341 422
1769553081.820388794 389
1769553081.871113300 367
1769553081.920331717 395
1769553081.970250845 402
1769553082.020340919 409
1769553082.084043741 357
1769553082.120262384 416
1769553082.170337439 363
1769553082.220822811 389
1769553082.270311356 392
1769553082.320234776 387
1769553082.370305538 397
1769553082.420222044 371
1769553082.470305681 397
1769553082.520181656 412
1769553082.570325613 415
1769553082.620207071 421
1769553082.670292377 358
1769553082.723269939 379
1769553082.770281792 406
1769553082.820200205 372
1769553082.870298386 362
1769553082.920661449 360
1769553082.970262527 372
1769553083.021101713 352
1769553083.070307016 378
1769553083.120155811 412
1769553083.170250654 399
1769553083.220183372 403
1769553083.270241022 410
1769553083.320103884 399
1769553083.370223522 344
1769553083.420139551 384
1769553083.470226288 356
1769553083.522711277 389
1769553083.570225239 406
1769553083.620136976 412
1769553083.670217991 408
1769553083.720055342 402
1769553083.770243883 368
1769553083.820151091 401
1769553083.870270014 430
1769553083.920099497 402
1769553083.970205069 400
1769553084.024070501 416
1769553084.070177078 407
1769553084.120085478 367
1769553084.170182705 382
1769553084.220028400 396
1769553084.270177603 371
1769553084.320091248 384
1769553084.370173931 374
1769553084.420008183 366
1769553084.470152140 404
1769553084.521619081 401
1769553084.570150375 384
1769553084.620057821 385
1769553084.670154572 385
1769553084.720005035 433
1769553084.770139217 390
1769553084.820035219 379
1769553084.870129824 392
1769553084.920022726 416
1769553084.970121384 404
1769553085.021873713 422
1769553085.070138216 395
1769553085.120056868 376
1769553085.170129061 376
1769553085.222179651 390
1769553085.270063877 391
1769553085.330204010 410
1769553085.370034695 390
1769553085.420074940 369
1769553085.469985485 371
1769553085.520083904 392
1769553085.570175409 380
1769553085.620055199 361
1769553085.669913530 350
1769553085.720066547 349
1769553085.769967318 393
1769553085.820084572 384
1769553085.869963169 371
1769553085.920037746 367
1769553085.969955444 407
1769553086.020056486 357
1769553086.069956303 366
1769553086.120028019 383
1769553086.169924498 372
1769553086.220043659 377
1769553086.269932985 413
1769553086.320017099 400
1769553086.369952202 353
1769553086.419975519 380
1769553086.469895840 365
1769553086.520044565 398
1769553086.569948912 371
1769553086.620032549 403
1769553086.671678543 384
1769553086.720018625 389
1769553086.769931316 382
1769553086.820050716 399
1769553086.871392727 399
1769553086.920037031 354
1769553086.969924688 356
1769553087.020008564 404
1769553087.071002483 408
1769553087.119933605 381
1769553087.170187712 378
1769553087.219837666 391
1769553087.269956350 365
1769553087.319995642 354
1769553087.369933128 355
1769553087.419931889 343
1769553087.469947577 357
1769553087.519952536 405
1769553087.569893599 350
1769553087.619938374 366
1769553087.669904232 373
1769553087.719941378 371
1769553087.769864559 377
1769553087.819953680 364
1769553087.869807243 384
1769553087.919954062 372
1769553087.969808340 351
1769553088.019944429 389
1769553088.069813251 346
1769553088.120025635 343
1769553088.170790434 335
1769553088.219954014 361
1769553088.270787954 346
1769553088.319904327 350
1769553088.369812012 359
1769553088.419918776 353
1769553088.469751596 375
1769553088.519901276 425
1769553088.570836782 374
1769553088.619874001 393
1769553088.669783115 381
1769553088.719935417 386
1769553088.769807816 382
1769553088.819894075 347
1769553088.870353460 377
1769553088.919891119 345
1769553088.973464727 359
1769553089.019851446 341
1769553089.069813013 366
1769553089.119877815 388
1769553089.169794798 363
1769553089.219947815 343
1769553089.271966934 392
1769553089.319986582 394
1769553089.369861364 373
1769553089.419877052 380
1769553089.469756365 359
1769553089.519896030 372
1769553089.569688320 390
1769553089.619910955 383
1769553089.669930696 348
1769553089.719870090 342
1769553089.770929337 366
1769553089.819857597 349
1769553089.869744778 366
1769553089.919833899 384
1769553089.969706774 365
1769553090.019852877 351
1769553090.069824696 416
1769553090.119852304 324
1769553090.169753551 339
1769553090.219816685 367
1769553090.269751310 395
1769553090.319791794 352
1769553090.369667768 358
1769553090.419816494 308
1769553090.473524570 400
1769553090.519794941 369
1769553090.569716454 316
1769553090.619808674 346
1769553090.670756102 366
1769553090.719762325 373
1769553090.769685268 371
1769553090.819795609 359
1769553090.869550943 366
1769553090.919604063 378
1769553090.969695091 344
1769553091.019798517 387
1769553091.069974899 354
1769553091.119772434 369
1769553091.171977043 312
1769553091.219758034 366
1769553091.269654512 329
1769553091.319898367 356
1769553091.371485710 321
1769553091.419718504 325
1769553091.469626188 354
1769553091.519784927 325
1769553091.569915533 357
1769553091.619743347 335
1769553091.669620752 330
1769553091.719741344 386
1769553091.773319244 370
1769553091.819679976 340
1769553091.869655371 313
1769553091.919609308 401
1769553091.969685316 358
1769553092.019618273 352
1769553092.069708586 368
1769553092.119596243 388
1769553092.169687510 371
1769553092.219575882 396
1769553092.269665956 383
1769553092.320053101 356
1769553092.369641304 352
1769553092.419567823 362
1769553092.469628334 329
1769553092.519451857 380
1769553092.569690943 392
1769553092.620617390 357
1769553092.669668198 375
1769553092.719563246 354
1769553092.769649506 369
1769553092.819515705 401
1769553092.869681358 350
1769553092.923235893 330
1769553092.969628334 359
1769553093.019647598 370
1769553093.069645166 379
1769553093.119419336 381
1769553093.169652462 368
1769553093.221783400 375
1769553093.269619703 337
1769553093.319558144 374
1769553093.369611502 352
1769553093.419457436 349
1769553093.469624996 337
1769553093.520336390 382
1769553093.569600344 352
1769553093.619398355 336
1769553093.669585228 363
1769553093.719490528 381
1769553093.769636154 358
1769553093.820646286 364
1769553093.869621515 375
1769553093.919463158 374
1769553093.969541788 366
1769553094.019564390 356
1769553094.069627762 366
1769553094.119451761 355
1769553094.169564486 362
1769553094.219666481 346
1769553094.269617081 345
1769553094.319632053 369
1769553094.369574308 374
1769553094.419425249 369
1769553094.469504356 348
1769553094.519390821 391
1769553094.569627047 368
1769553094.620842695 392
1769553094.669562101 370
1769553094.719409466 371
1769553094.769498587 389
1769553094.819402218 389
1769553094.869594812 374
1769553094.919878721 381
1769553094.969597101 377
1769553095.019342899 406
1769553095.069576740 362
1769553095.121367693 384
1769553095.169520378 375
1769553095.219394922 372
1769553095.269496918 376
1769553095.328449726 390
1769553095.369430780 394
1769553095.419492245 402
1769553095.469400644 413
1769553095.519487381 370
1769553095.570406437 385
1769553095.619511127 393
1769553095.669383526 358
1769553095.719487429 397
1769553095.770507812 363
1769553095.819474697 392
1769553095.870256424 357
1769553095.919430971 372
1769553095.969372988 386
1769553096.019454718 411
1769553096.072059631 412
1769553096.119450808 382
1769553096.169330597 369
1769553096.219447613 392
1769553096.269574404 410
1769553096.319447994 394
1769553096.369767189 412
1769553096.419427156 424
1769553096.469554901 395
1769553096.519434690 388
1769553096.571125031 387
1769553096.619426966 397
1769553096.669316530 396
1769553096.719460011 405
1769553096.769701719 413
1769553096.819430590 405
1769553096.869271517 400
1769553096.919422865 410
1769553096.970515013 414
1769553097.019440651 411
1769553097.069190025 412
1769553097.119287491 406
1769553097.184226036 409
1769553097.219274282 379
1769553097.269384146 404
1769553097.319267273 411
1769553097.369418383 417
1769553097.421194077 403
1769553097.469328642 399
1769553097.519241333 398
1769553097.569368601 411
1769553097.621005297 411
1769553097.669330359 399
1769553097.719185114 404
1769553097.769305706 398
1769553097.819154501 403
1769553097.869313002 398
1769553097.920776606 410
1769553097.969285011 391
1769553098.019187927 405
1769553098.069299459 409
1769553098.119845629 406
1769553098.169236898 401
1769553098.219325066 390
1769553098.269178391 420
1769553098.319281340 409
1769553098.371181011 396
1769553098.419257879 404
1769553098.469157457 408
1769553098.519256353 399
1769553098.573362827 419
1769553098.619241476 423
1769553098.669153690 398
1769553098.719243765 409
1769553098.769536495 411
1769553098.819247723 409
1769553098.875494719 404
1769553098.919213057 406
1769553098.969154119 412
1769553099.019247293 426
1769553099.071653605 408
1769553099.119195223 431
1769553099.196342945 414
1769553099.224397898 408
1769553099.269053698 406
1769553099.319247007 404
1769553099.369138002 378
1769553099.419219255 407
1769553099.483240604 407
1769553099.519100666 404
1769553099.569213390 417
1769553099.619056940 393
1769553099.669192553 429
1769553099.719058275 400
1769553099.769214392 402
1769553099.819102287 406
1769553099.869177341 429
1769553099.919090748 409
1769553099.969178915 414
1769553100.020743608 398
1769553100.069171906 402
1769553100.119072199 391
1769553100.169103861 403
1769553100.219101191 381
1769553100.269163847 407
1769553100.318995237 400
1769553100.369147301 403
1769553100.420167685 414
1769553100.469160080 426
1769553100.519050837 409
1769553100.569169521 402
1769553100.622879028 408
1769553100.669137001 413
1769553100.719049454 428
1769553100.769111872 407
1769553100.819029093 420
1769553100.869066715 412
1769553100.922378063 424
1769553100.969074726 408
1769553101.019010544 416
1769553101.069084167 406
1769553101.119000435 403
1769553101.168974400 420
1769553101.219031334 440
1769553101.269036531 412
1769553101.319061041 424
1769553101.369070053 412
1769553101.419049978 424
1769553101.469057798 399
1769553101.519083261 420
1769553101.569058418 421
1769553101.619077206 406
1769553101.669039011 418
1769553101.719063282 415
1769553101.769028902 402
1769553101.819099903 427
1769553101.868979931 407
1769553101.919047594 410
1769553101.968954563 433
1769553102.019056797 440
1769553102.069862127 417
1769553102.119061947 409
1769553102.172463417 425
1769553102.219016552 409
1769553102.268971682 397
1769553102.319005966 424
1769553102.368935823 404
1769553102.419051409 422
1769553102.468886614 411
1769553102.519019604 392
1769553102.568899870 399
1769553102.618995905 403
1769553102.668891430 407
1769553102.718935251 410
1769553102.768917084 397
1769553102.819008827 407
1769553102.868897200 412
1769553102.918981314 409
1769553102.968901873 414
1769553103.018992662 384
1769553103.070430994 393
1769553103.118964195 398
1769553103.169133425 385
1769553103.219034910 404
1769553103.268884659 422
1769553103.318882704 413
1769553103.368897200 401
1769553103.418990612 432
1769553103.471549273 423
1769553103.518952608 400
1769553103.568879128 417
1769553103.618951321 394
1769553103.668779373 376
1769553103.718936920 386
1769553103.768964529 403
1769553103.818926573 406
1769553103.868842125 395
1769553103.918867111 372
1769553103.969112158 384
1769553104.018811941 401
1769553104.068817377 397
1769553104.118849277 411
1769553104.168786526 406
1769553104.218815327 403
1769553104.268936634 385
1769553104.319883585 392
1769553104.368909836 378
1769553104.418792009 397
1769553104.468876600 384
1769553104.518809080 380
1769553104.568934202 399
1769553104.618801117 374
1769553104.668891191 391
1769553104.718780756 389
1769553104.768862963 402
1769553104.819748163 393
1769553104.868770838 403
1769553104.918677807 415
1769553104.968701839 409
1769553105.018822908 396
1769553105.068838596 406
1769553105.118874788 407
1769553105.168769598 386
1769553105.218839407 388
1769553105.268753052 406
1769553105.318896055 414
