1769553026.523773670 0
1769553026.573877096 0
1769553026.623833656 0
1769553026.673852682 0
1769553026.724169254 0
1769553026.773870945 0
1769553026.824172735 0
1769553026.873850584 0
1769553026.924375057 0
1769553026.973840714 0
1769553027.025285482 0
1769553027.073851347 0
1769553027.125791073 0
1769553027.173814297 0
1769553027.223731279 0
1769553027.273817778 0
1769553027.323920965 0
1769553027.373830557 0
1769553027.424039125 0
1769553027.473788023 0
1769553027.523711443 0
1769553027.573827744 0
1769553027.624086380 0
1769553027.673785448 0
1769553027.723706484 0
1769553027.773663282 0
1769553027.823688030 0
1769553027.873554707 0
1769553027.923551083 0
1769553027.973685980 0
1769553028.023801565 0
1769553028.085859537 0
1769553028.123678207 0
1769553028.173755884 0
1769553028.223656178 0
1769553028.273757696 0
1769553028.323751926 0
1769553028.373765230 0
1769553028.423636436 0
1769553028.473806620 0
1769553028.524170637 0
1769553028.575154066 0
1769553028.626265764 0
1769553028.673682451 0
1769553028.723603249 0
1769553028.773728609 0
1769553028.823563337 0
1769553028.873703718 0
1769553028.923914194 0
1769553028.973722935 0
1769553029.023574114 0
1769553029.073688745 0
1769553029.125062704 0
1769553029.173694134 0
1769553029.223582983 0
1769553029.273754120 0
1769553029.332852840 0
1769553029.373678923 0
1769553029.423664093 0
1769553029.473602057 0
1769553029.523651361 0
1769553029.573580265 0
1769553029.623650551 0
1769553029.675266504 0
1769553029.723629236 0
1769553029.773481846 0
1769553029.823696852 0
1769553029.873568773 0
1769553029.923641682 0
1769553029.974550486 0
1769553030.023625374 0
1769553030.073518038 0
1769553030.123650551 0
1769553030.173636198 0
1769553030.244052887 0
1769553030.273517132 0
1769553030.331764221 0
1769553030.373534918 0
1769553030.423591375 0
1769553030.473547459 0
1769553030.523649693 0
1769553030.573861837 0
1769553030.623635054 0
1769553030.673578024 0
1769553030.723638296 0
1769553030.774570942 0
1769553030.823632956 0
1769553030.873490334 0
1769553030.923589468 0
1769553030.973453522 0
1769553031.023548365 0
1769553031.073533297 0
1769553031.123625040 0
1769553031.175270081 0
1769553031.223615646 0
1769553031.273360491 0
1769553031.323564529 0
1769553031.410982847 0
1769553031.439821482 0
1769553031.473460674 0
1769553031.523561954 0
1769553031.599529028 0
1769553031.628368855 0
1769553031.673497200 0
1769553031.723502874 0
1769553031.773632288 0
1769553031.823510885 0
1769553031.873489141 0
1769553031.923497438 0
1769553031.973454952 0
1769553032.023496389 0
1769553032.073364019 0
1769553032.123494864 0
1769553032.207274437 0
1769553032.237404585 0
1769553032.273423195 0
1769553032.323508501 0
1769553032.373661041 0
1769553032.423516989 0
1769553032.473322153 0
1769553032.523492575 0
1769553032.573972225 0
1769553032.623487473 0
1769553032.673378468 0
1769553032.723256588 0
1769553032.773470163 0
1769553032.823381186 0
1769553032.873461485 0
1769553032.924684286 0
1769553032.973443508 0
1769553033.023370266 0
1769553033.073482037 0
1769553033.128749132 0
1769553033.173436403 0
1769553033.223407507 0
1769553033.273462772 0
1769553033.323325157 0
1769553033.373431921 0
1769553033.424530983 0
1769553033.473433256 0
1769553033.523299694 0
1769553033.573441029 0
1769553033.623355865 0
1769553033.673433065 0
1769553033.723464489 0
1769553033.773424625 0
1769553033.827200651 0
1769553033.873399734 0
1769553033.923314095 0
1769553033.973387241 0
1769553034.023270607 0
1769553034.073439598 0
1769553034.125369072 0
1769553034.173288345 0
1769553034.254166603 0
1769553034.283303022 0
1769553034.323285103 0
1769553034.373368502 0
1769553034.423266649 0
1769553034.473390818 0
1769553034.525668144 0
1769553034.573313951 0
1769553034.623235703 0
1769553034.673331022 0
1769553034.724549294 0
1769553034.773377419 0
1769553034.823252916 0
1769553034.873319387 0
1769553034.923175573 0
1769553034.973310232 0
1769553035.024530888 0
1769553035.073318720 0
1769553035.123144865 0
1769553035.173331261 0
1769553035.223211050 0
1769553035.273293972 0
1769553035.324801445 0
1769553035.373294115 0
1769553035.423257828 0
1769553035.473165035 0
1769553035.523127317 0
1769553035.573274136 0
1769553035.623221159 0
1769553035.673180819 0
1769553035.731807709 0
1769553035.773104668 0
1769553035.823248148 0
1769553035.873258591 0
1769553035.923184872 0
1769553035.973267317 0
1769553036.023200989 0
1769553036.073229551 0
1769553036.123173237 0
1769553036.173248768 0
1769553036.223153591 0
1769553036.273241520 0
1769553036.323341846 0
1769553036.373206377 0
1769553036.423131466 0
1769553036.473225117 0
1769553036.523689270 0
1769553036.573213100 0
1769553036.623106718 0
1769553036.673256159 0
1769553036.723122597 0
1769553036.773216724 0
1769553036.824215412 0
1769553036.873200655 0
1769553036.926032305 0
1769553036.973186255 0
1769553037.023115158 0
1769553037.108531475 0
1769553037.145297289 0
1769553037.173111200 0
1769553037.223189592 0
1769553037.273117781 0
1769553037.323220968 0
1769553037.376955748 0
1769553037.423190355 0
1769553037.473151207 0
1769553037.523226261 0
1769553037.576951027 0
1769553037.623204470 0
1769553037.673139572 0
1769553037.723201990 0
1769553037.773403645 0
1769553037.823217630 0
1769553037.873335123 0
1769553037.923206329 0
1769553037.975787878 0
1769553038.023184538 0
1769553038.073112011 0
1769553038.123228073 0
1769553038.178524971 0
1769553038.223192215 0
1769553038.273131371 0
1769553038.323155165 0
1769553038.373077154 0
1769553038.423142910 0
1769553038.473065138 0
1769553038.523150682 0
1769553038.573601007 0
1769553038.623155117 0
1769553038.673317909 0
1769553038.723181486 0
1769553038.773037672 0
1769553038.823141575 0
1769553038.873052359 0
1769553038.923133135 0
1769553038.973072052 0
1769553039.023073673 0
1769553039.073014975 0
1769553039.122983217 0
1769553039.172930956 0
1769553039.223024368 0
1769553039.273919344 0
1769553039.323015451 0
1769553039.372856140 0
1769553039.423011780 0
1769553039.472902775 0
1769553039.522997856 0
1769553039.572851658 0
1769553039.622991562 0
1769553039.672914982 0
1769553039.722918749 0
1769553039.772882700 0
1769553039.822991610 0
1769553039.875752211 0
1769553039.922959089 0
1769553039.972886086 0
1769553040.023003578 0
1769553040.072876215 0
1769553040.122905493 0
1769553040.172861338 0
1769553040.222954512 0
1769553040.272866488 0
1769553040.322889328 0
1769553040.372853994 0
1769553040.422939301 0
1769553040.472852230 0
1769553040.522845745 0
1769553040.572900295 0
1769553040.622791529 0
1769553040.672860622 0
1769553040.722864628 0
1769553040.773013830 0
1769553040.822762966 0
1769553040.873312235 0
1769553040.926246166 0
1769553040.972865105 0
1769553041.024050951 0
1769553041.072916031 0
1769553041.122856379 0
1769553041.172921419 0
1769553041.222826719 0
1769553041.272925615 0
1769553041.322788000 0
1769553041.372919798 0
1769553041.423264265 0
1769553041.472900867 0
1769553041.522813082 0
1769553041.572906017 0
1769553041.622794867 0
1769553041.672896624 0
1769553041.722793579 0
1769553041.772906542 0
1769553041.823508978 0
1769553041.872873783 0
1769553041.922761202 0
1769553041.972888231 349
1769553042.022770405 322
1769553042.072883368 303
1769553042.122955799 280
1769553042.172871113 290
1769553042.222769260 306
1769553042.272871256 307
1769553042.322727203 329
1769553042.372839212 315
1769553042.422703981 308
1769553042.472837448 292
1769553042.522744894 331
1769553042.572865963 335
1769553042.622992039 336
1769553042.672837973 323
1769553042.722697020 326
1769553042.772826910 329
1769553042.825842142 318
1769553042.872797012 322
1769553042.922750711 347
1769553042.972816229 313
1769553043.024070978 348
1769553043.072790384 313
1769553043.122676849 354
1769553043.172813416 341
1769553043.222740412 337
1769553043.272788286 321
1769553043.322699547 338
1769553043.372784138 328
1769553043.422691584 329
1769553043.472783327 332
1769553043.523662567 331
1769553043.572775841 320
1769553043.623887539 295
1769553043.672759533 338
1769553043.722671032 349
1769553043.772760391 342
1769553043.823043346 369
1769553043.872737169 366
1769553043.922654629 356
1769553043.972742319 365
1769553044.022647142 349
1769553044.072740555 338
1769553044.122725725 344
1769553044.172746420 330
1769553044.223819733 360
1769553044.272726059 327
1769553044.325528383 319
1769553044.372684240 338
1769553044.422648907 331
1769553044.472722530 332
1769553044.522647858 352
1769553044.572719097 323
1769553044.622617960 339
1769553044.672711372 310
1769553044.722620487 366
1769553044.772800684 346
1769553044.822747707 324
1769553044.872702360 348
1769553044.922578573 343
1769553044.972691536 322
1769553045.022808790 314
1769553045.072603941 304
1769553045.122637987 300
1769553045.172609806 322
1769553045.222655058 315
1769553045.272590876 319
1769553045.322679520 331
1769553045.373061657 342
1769553045.422665119 343
1769553045.472526550 324
1769553045.522673368 296
1769553045.572729349 352
1769553045.622670889 322
1769553045.672502279 324
1769553045.722643614 317
1769553045.773946285 334
1769553045.822551727 290
1769553045.872670412 330
1769553045.922800541 316
1769553045.972658873 322
1769553046.022612572 320
1769553046.072661877 327
1769553046.122629642 340
1769553046.172644615 317
1769553046.222527981 354
1769553046.272619963 334
1769553046.323540688 375
1769553046.372602940 348
1769553046.422518015 368
1769553046.472639322 334
1769553046.522389412 357
1769553046.572571278 327
1769553046.622588158 328
1769553046.672601461 324
1769553046.722501993 338
1769553046.772620440 335
1769553046.822503090 351
1769553046.872597456 346
1769553046.922409296 334
1769553046.972565174 338
1769553047.022446632 324
1769553047.072594881 360
1769553047.123098612 369
1769553047.172563553 377
1769553047.222426891 347
1769553047.272596121 363
1769553047.324167967 342
1769553047.372738838 327
1769553047.422436953 342
1769553047.472543955 346
1769553047.524492979 336
1769553047.572549105 361
1769553047.623461008 344
1769553047.672497988 355
1769553047.722451448 364
1769553047.772496223 317
1769553047.822437525 345
1769553047.872512579 349
1769553047.922441721 322
1769553047.972448587 331
1769553048.022507668 353
1769553048.072435141 356
1769553048.122491598 355
1769553048.172405958 335
1769553048.222470760 337
1769553048.272391319 350
1769553048.322484016 338
1769553048.376314163 318
1769553048.422468424 331
1769553048.472360849 344
1769553048.522490740 324
1769553048.573126554 346
1769553048.622476339 305
1769553048.672370195 321
1769553048.722471476 316
1769553048.772327900 326
1769553048.822476625 330
1769553048.873130798 359
1769553048.922464371 328
1769553048.972321033 330
1769553049.022470713 359
1769553049.072496653 344
1769553049.122463226 341
1769553049.173176050 330
1769553049.222415447 337
1769553049.272241354 341
1769553049.322398663 324
1769553049.372327566 315
1769553049.422404289 356
1769553049.472282171 355
1769553049.522470236 328
1769553049.573235512 331
1769553049.622397900 334
1769553049.672273636 338
1769553049.722443581 327
1769553049.772288322 319
1769553049.822435617 308
1769553049.874473333 297
1769553049.922417641 310
1769553049.972288609 320
1769553050.022375584 327
1769553050.072264671 323
1769553050.122395754 308
1769553050.173126698 324
1769553050.222398520 340
1769553050.273302555 325
1769553050.322321892 296
1769553050.372407436 307
1769553050.422297239 324
1769553050.472220182 334
1769553050.522223711 328
1769553050.582572460 304
1769553050.622229099 303
1769553050.672308445 306
1769553050.724013329 315
1769553050.772323132 306
1769553050.822210312 296
1769553050.872319698 313
1769553050.923183203 344
1769553050.972312927 387
1769553051.024672747 313
1769553051.072314024 379
1769553051.122304440 320
1769553051.172323942 364
1769553051.222234726 349
1769553051.272291422 324
1769553051.322169065 361
1769553051.372253895 357
1769553051.422433138 359
1769553051.472282171 361
1769553051.525524378 336
1769553051.572263002 348
1769553051.622355223 352
1769553051.672244549 325
1769553051.722848654 308
1769553051.772239685 326
1769553051.822096109 323
1769553051.872265100 348
1769553051.925620794 358
1769553051.972221851 354
1769553052.022134066 316
1769553052.072237015 328
1769553052.123242378 325
1769553052.172211885 306
1769553052.224234819 323
1769553052.272202015 381
1769553052.322126627 318
1769553052.372202635 354
1769553052.423360586 346
1769553052.472203970 342
1769553052.522109509 341
1769553052.572192907 335
1769553052.623678207 325
1769553052.672176600 346
1769553052.722098112 320
1769553052.772179604 354
1769553052.822833300 335
1769553052.872171879 331
1769553052.922099829 324
1769553052.972110987 351
1769553053.022095442 317
1769553053.072149754 314
1769553053.122279406 335
1769553053.172152519 323
1769553053.223453760 336
1769553053.272147655 320
1769553053.322081089 326
1769553053.372172356 336
1769553053.422211647 349
1769553053.472149849 330
1769553053.522985220 343
1769553053.572125435 347
1769553053.622091532 355
1769553053.672119141 341
1769553053.722656012 370
1769553053.772097111 337
1769553053.822824717 315
1769553053.872117758 337
1769553053.922036886 316
1769553053.972121954 349
1769553054.022017241 275
1769553054.072150707 327
1769553054.121997595 322
1769553054.172097206 324
1769553054.221992493 339
1769553054.272095203 309
1769553054.325359821 312
1769553054.372098923 344
1769553054.421994925 332
1769553054.472064734 305
1769553054.556670666 334
1769553054.584923983 319
1769553054.621982098 331
1769553054.672050714 330
1769553054.723180056 334
1769553054.771942377 325
1769553054.821989298 333
1769553054.872105837 328
1769553054.921931028 325
1769553054.972030640 331
1769553055.021963120 328
1769553055.072085857 351
1769553055.122884274 299
1769553055.172036171 325
1769553055.221899271 339
1769553055.272046804 310
1769553055.322809696 359
1769553055.372019053 325
1769553055.421921015 317
1769553055.472020149 320
1769553055.521924496 326
1769553055.571982384 327
1769553055.621777773 347
1769553055.672009468 326
1769553055.721918821 302
1769553055.771937609 341
1769553055.821952343 287
1769553055.872940540 311
1769553055.921999693 313
1769553055.971875906 302
1769553056.021980524 326
1769553056.072458029 300
1769553056.121994495 310
1769553056.173287153 321
1769553056.221988440 301
1769553056.272992849 311
1769553056.321944714 350
1769553056.371879101 343
1769553056.421943188 341
1769553056.471870184 319
1769553056.521857500 324
1769553056.571914911 310
1769553056.621921301 321
1769553056.671938419 342
1769553056.721928596 329
1769553056.771957159 352
1769553056.821847916 332
1769553056.871902227 316
1769553056.921844959 328
1769553056.971942425 296
1769553057.023610830 297
1769553057.071919203 324
1769553057.121818781 337
1769553057.171914816 346
1769553057.226537466 344
1769553057.271910667 341
1769553057.321824074 307
1769553057.371891022 342
1769553057.421827316 311
1769553057.471728325 329
1769553057.538446903 321
1769553057.571786165 303
1769553057.621893406 319
1769553057.675176144 317
1769553057.721885920 326
1769553057.771807194 323
1769553057.821889639 304
1769553057.871781349 282
1769553057.921936274 321
1769553057.971787453 308
1769553058.021868944 314
1769553058.071784973 304
1769553058.121875525 273
1769553058.172300577 290
1769553058.221846104 285
1769553058.271695614 286
1769553058.321853161 299
1769553058.371763468 311
1769553058.421868801 297
1769553058.471737385 280
1769553058.521873951 319
1769553058.571713448 316
1769553058.621819735 321
1769553058.672070026 298
1769553058.721771002 295
1769553058.771848679 304
1769553058.821724415 306
1769553058.871774197 307
1769553058.924440384 322
1769553058.971780300 286
1769553059.021726370 316
1769553059.071786642 296
1769553059.123200417 299
1769553059.171806574 302
1769553059.221672773 323
1769553059.271762133 308
1769553059.322523355 298
1769553059.371753931 284
1769553059.421647072 267
1769553059.471763849 242
1769553059.521840334 275
1769553059.571712255 242
1769553059.621747494 236
1769553059.671659708 293
1769553059.721726656 269
1769553059.771642447 285
1769553059.821727037 291
1769553059.872548342 298
1769553059.921716928 318
1769553059.971624374 296
1769553060.021707535 267
1769553060.071637154 293
1769553060.121709347 296
1769553060.171796083 337
1769553060.221696615 299
1769553060.272142887 295
1769553060.321688175 293
1769553060.371549368 284
1769553060.421688557 329
1769553060.471489906 296
1769553060.521689415 289
1769553060.582671165 295
1769553060.621609688 273
1769553060.671676874 305
1769553060.721600771 291
1769553060.771668911 260
1769553060.823002100 286
1769553060.871600151 287
1769553060.921650171 294
1769553060.971599102 275
1769553061.021640778 314
1769553061.071567774 299
1769553061.121684790 282
1769553061.172641754 311
1769553061.221657038 310
1769553061.271602869 300
1769553061.321640253 290
1769553061.371597528 286
1769553061.421622276 296
1769553061.471542835 253
1769553061.521648169 296
1769553061.572615862 312
1769553061.621598244 313
1769553061.671404600 314
1769553061.721620083 322
1769553061.774365425 301
1769553061.821600676 320
1769553061.871521950 329
1769553061.921791077 321
1769553061.971712589 344
1769553062.021577835 333
1769553062.071478367 349
1769553062.121495724 338
1769553062.173432112 343
1769553062.221468449 343
1769553062.271483660 310
1769553062.321469784 311
1769553062.371462345 329
1769553062.421570063 279
1769553062.471448421 326
1769553062.521490335 335
1769553062.572065353 358
1769553062.621560097 346
1769553062.671431065 349
1769553062.721544027 311
1769553062.771422625 337
1769553062.821519613 337
1769553062.871423483 308
1769553062.921470881 339
1769553062.973907232 348
1769553063.021517754 314
1769553063.071430922 315
1769553063.121516228 310
1769553063.172040701 341
1769553063.221518040 327
1769553063.271421194 353
1769553063.321486235 302
1769553063.371413469 300
1769553063.421577692 299
1769553063.472054482 364
1769553063.521490574 336
1769553063.571407557 332
1769553063.621498346 349
1769553063.671500444 328
1769553063.721474648 319
1769553063.771625757 336
1769553063.821486235 300
1769553063.874281406 349
1769553063.921514750 320
1769553063.971397877 345
1769553064.021519423 311
1769553064.071367502 319
1769553064.121510744 318
1769553064.171381235 307
1769553064.221539497 347
1769553064.273235559 323
1769553064.321475029 316
1769553064.371361017 331
1769553064.421476603 311
1769553064.471426487 335
1769553064.521502972 323
1769553064.576239347 326
1769553064.621439695 315
1769553064.671369076 354
1769553064.721461058 311
1769553064.771361589 339
1769553064.821462154 333
1769553064.871755600 345
1769553064.921442509 324
1769553064.971312284 316
1769553065.021333218 342
1769553065.071301937 339
1769553065.121459484 368
1769553065.171249390 350
1769553065.221467018 314
1769553065.271859646 306
1769553065.321412086 300
1769553065.371370792 323
1769553065.421426535 302
1769553065.471301556 330
1769553065.521427870 318
1769553065.571283102 331
1769553065.621410131 288
1769553065.671338081 338
1769553065.721327305 335
1769553065.771332979 309
1769553065.821360826 320
1769553065.871306896 335
1769553065.921386957 356
1769553065.971282721 354
1769553066.021373987 336
1769553066.071263075 350
1769553066.121387482 318
1769553066.171261549 336
1769553066.221341848 318
1769553066.271233082 331
1769553066.321376085 333
1769553066.373215437 319
1769553066.421369791 306
1769553066.471228361 339
1769553066.521300077 309
1769553066.571251392 359
1769553066.621308565 295
1769553066.671213627 330
1769553066.721266031 313
1769553066.771182299 330
1769553066.821385145 315
1769553066.872406721 325
1769553066.921288967 311
1769553066.971188545 334
1769553067.021287203 313
1769553067.072703600 356
1769553067.121255159 343
1769553067.171190739 324
1769553067.221294165 323
1769553067.271758795 311
1769553067.321233511 347
1769553067.371193647 318
1769553067.421184778 309
1769553067.471217394 351
1769553067.521226168 321
1769553067.571199417 324
1769553067.621251822 327
1769553067.671207428 348
1769553067.721232414 331
1769553067.771183252 334
1769553067.821225405 354
1769553067.871168375 318
1769553067.921264172 326
1769553067.971155405 331
1769553068.021236658 326
1769553068.074661016 324
1769553068.121229172 330
1769553068.171142817 311
1769553068.221214056 326
1769553068.271111727 354
1769553068.321232080 345
1769553068.371736050 329
1769553068.421203852 331
1769553068.471104860 345
1769553068.521205902 354
1769553068.571377754 348
1769553068.621198654 318
1769553068.670956850 318
1769553068.721173525 309
1769553068.771091700 322
1769553068.821204901 346
1769553068.871239662 364
1769553068.921183586 338
1769553068.971626520 349
1769553069.021098614 343
1769553069.071118355 305
1769553069.121145248 317
1769553069.171115160 329
1769553069.221158504 343
1769553069.270984888 356
1769553069.321143627 329
1769553069.371053457 337
1769553069.421101809 320
1769553069.470941544 333
1769553069.521110535 353
1769553069.570944548 344
1769553069.621103287 366
1769553069.671706676 353
1769553069.721070051 373
1769553069.770984411 343
1769553069.821146965 329
1769553069.871419430 345
1769553069.921101093 321
1769553069.970973730 350
1769553070.021099806 401
1769553070.089836359 349
1769553070.122288227 367
1769553070.171062469 409
1769553070.221017838 389
1769553070.271078825 400
1769553070.320956230 376
1769553070.371066093 358
1769553070.444120407 365
1769553070.474765062 364
1769553070.520863056 364
1769553070.570893526 356
1769553070.620890141 349
1769553070.670882702 356
1769553070.720828056 342
1769553070.771088600 347
1769553070.859067917 360
1769553070.886755943 383
1769553070.920917511 359
1769553070.970850468 353
1769553071.029175997 345
1769553071.070817709 341
1769553071.121029615 352
1769553071.170879126 319
1769553071.221024990 355
1769553071.271193266 381
1769553071.321063519 353
1769553071.370927334 324
1769553071.421004295 353
1769553071.470841885 353
1769553071.520996809 356
1769553071.570871830 349
1769553071.621043682 357
1769553071.672203779 313
1769553071.720982075 317
1769553071.772984266 372
1769553071.820965052 352
1769553071.870893717 341
1769553071.920933008 340
1769553071.970808744 335
1769553072.020917416 349
1769553072.070838928 333
1769553072.120913744 317
1769553072.170770884 329
1769553072.220863342 366
1769553072.270824432 346
1769553072.320890665 356
1769553072.370798588 341
1769553072.420922518 339
1769553072.470840693 330
1769553072.520817995 323
1769553072.570883036 348
1769553072.620894670 392
1769553072.670832634 370
1769553072.720882177 345
1769553072.770811081 336
1769553072.820919752 338
1769553072.871388912 368
1769553072.920802832 317
1769553072.970778465 351
1769553073.020896912 357
1769553073.070714951 381
1769553073.120873928 350
1769553073.170713663 336
1769553073.220860481 304
1769553073.270685434 367
1769553073.320859671 355
1769553073.371129274 333
1769553073.420830488 342
1769553073.470738649 324
1769553073.520853281 317
1769553073.571753740 364
1769553073.620850325 354
1769553073.670734406 317
1769553073.720855236 343
1769553073.770665884 374
1769553073.820827723 352
1769553073.870779753 367
1769553073.920707703 356
1769553073.970766783 348
1769553074.020766735 368
1769553074.070697069 336
1769553074.120796919 355
1769553074.170717478 340
1769553074.220765591 345
1769553074.270603180 368
1769553074.320793629 350
1769553074.371555805 318
1769553074.420754433 340
1769553074.470648527 357
1769553074.520764112 357
1769553074.570619822 345
1769553074.620740414 354
1769553074.670632601 338
1769553074.720720291 354
1769553074.770666599 326
1769553074.820756674 360
1769553074.870600700 329
1769553074.920734167 307
1769553074.973509789 339
1769553075.020748377 338
1769553075.070612907 358
1769553075.120721340 337
1769553075.170547724 361
1769553075.238698244 371
1769553075.271395445 318
1769553075.332161903 321
1769553075.380980730 364
1769553075.420711994 358
1769553075.470726728 381
1769553075.520662069 358
1769553075.570787907 362
1769553075.620624542 374
1769553075.670734882 356
1769553075.720879793 367
1769553075.770750046 358
1769553075.820655107 343
1769553075.870730400 352
1769553075.920630217 326
1769553075.970729113 353
1769553076.020579100 350
1769553076.070706367 343
1769553076.120488882 344
1769553076.170685768 352
1769553076.221313000 302
1769553076.270734787 339
1769553076.320638895 376
1769553076.370647669 381
1769553076.420603991 383
1769553076.470661640 347
1769553076.520590305 391
1769553076.570676804 352
1769553076.620606899 374
1769553076.670697689 358
1769553076.720561743 365
1769553076.770653725 355
1769553076.821841955 376
1769553076.870646954 370
1769553076.920555830 337
1769553076.970636606 362
1769553077.023498058 333
1769553077.070622683 368
1769553077.120573997 393
1769553077.170655012 385
1769553077.220927477 344
1769553077.270458698 401
1769553077.320618391 387
1769553077.370575190 383
1769553077.420610905 366
1769553077.470515013 375
1769553077.520606279 366
1769553077.572664738 351
1769553077.620463848 338
1769553077.701371193 364
1769553077.734411478 385
1769553077.770509243 337
1769553077.820583582 349
1769553077.871599913 372
1769553077.920508385 411
1769553077.970573664 350
1769553078.020511150 362
1769553078.070671558 360
1769553078.122288942 359
1769553078.170604467 393
1769553078.221624851 362
1769553078.270563126 388
1769553078.328878641 367
1769553078.409305573 358
1769553078.436450481 368
1769553078.470454454 354
1769553078.520568132 366
1769553078.576716661 375
1769553078.620496273 395
1769553078.670542955 353
1769553078.720563889 353
1769553078.770479202 361
1769553078.820571184 349
1769553078.870419025 359
1769553078.920511007 373
1769553078.970418930 330
1769553079.020518303 397
1769553079.071119785 329
1769553079.120485783 361
1769553079.170360804 364
1769553079.220597506 356
1769553079.273245096 350
1769553079.320495844 348
1769553079.370403767 328
1769553079.420510530 323
1769553079.470506668 331
1769553079.520499229 354
1769553079.570465803 355
1769553079.620469332 349
1769553079.672027111 340
1769553079.720475674 346
1769553079.772876501 370
1769553079.820470810 352
1769553079.870376587 347
1769553079.920452595 347
1769553079.970332623 334
1769553080.020469427 333
1769553080.070378780 347
1769553080.120457888 341
1769553080.170243502 320
1769553080.220462322 342
1769553080.270306110 331
1769553080.320449114 369
1769553080.370657682 364
1769553080.420477629 326
1769553080.473153591 369
1769553080.520432711 333
1769553080.570315599 356
1769553080.620581627 369
1769553080.671630144 373
1769553080.720435381 390
1769553080.770317554 376
1769553080.820393801 352
1769553080.870304823 382
1769553080.920421362 349
1769553080.970270395 375
1769553081.020412683 356
1769553081.070264816 363
1769553081.120397329 356
1769553081.170989275 361
1769553081.220403910 340
1769553081.270275593 359
1769553081.320394516 334
1769553081.370177269 333
1769553081.420412779 288
1769553081.470282078 332
1769553081.520414829 341
1769553081.571329117 379
1769553081.620377541 333
1769553081.670230865 353
1769553081.720400810 367
1769553081.770265341 380
1769553081.820388794 362
1769553081.871113300 374
1769553081.920331717 329
1769553081.970250845 391
1769553082.020340919 322
1769553082.084043741 349
1769553082.120262384 353
1769553082.170337439 386
1769553082.220822811 370
1769553082.270311356 313
1769553082.320234776 330
1769553082.370305538 357
1769553082.420222044 339
1769553082.470305681 344
1769553082.520181656 366
1769553082.570325613 343
1769553082.620207071 381
1769553082.670292377 345
1769553082.723269939 332
1769553082.770281792 376
1769553082.820200205 365
1769553082.870298386 376
1769553082.920661449 363
1769553082.970262527 357
1769553083.021101713 361
1769553083.070307016 351
1769553083.120155811 373
1769553083.170250654 355
1769553083.220183372 366
1769553083.270241022 324
1769553083.320103884 358
1769553083.370223522 364
1769553083.420139551 354
1769553083.470226288 349
1769553083.522711277 359
1769553083.570225239 374
1769553083.620136976 378
1769553083.670217991 358
1769553083.720055342 363
1769553083.770243883 382
1769553083.820151091 373
1769553083.870270014 403
1769553083.920099497 387
1769553083.970205069 345
1769553084.024070501 353
1769553084.070177078 367
1769553084.120085478 369
1769553084.170182705 366
1769553084.220028400 358
1769553084.270177603 337
1769553084.320091248 355
1769553084.370173931 387
1769553084.420008183 380
1769553084.470152140 365
1769553084.521619081 343
1769553084.570150375 362
1769553084.620057821 363
1769553084.670154572 342
1769553084.720005035 385
1769553084.770139217 378
1769553084.820035219 364
1769553084.870129824 368
1769553084.920022726 339
1769553084.970121384 355
1769553085.021873713 353
1769553085.070138216 363
1769553085.120056868 353
1769553085.170129061 334
1769553085.222179651 352
1769553085.270063877 367
1769553085.330204010 362
1769553085.370034695 352
1769553085.420074940 345
1769553085.469985485 367
1769553085.520083904 322
1769553085.570175409 381
1769553085.620055199 329
1769553085.669913530 362
1769553085.720066547 319
1769553085.769967318 334
1769553085.820084572 291
1769553085.869963169 291
1769553085.920037746 356
1769553085.969955444 340
1769553086.020056486 301
1769553086.069956303 344
1769553086.120028019 319
1769553086.169924498 329
1769553086.220043659 328
1769553086.269932985 315
1769553086.320017099 351
1769553086.369952202 321
1769553086.419975519 318
1769553086.469895840 334
1769553086.520044565 297
1769553086.569948912 326
1769553086.620032549 328
1769553086.671678543 384
1769553086.720018625 334
1769553086.769931316 315
1769553086.820050716 325
1769553086.871392727 326
1769553086.920037031 354
1769553086.969924688 356
1769553087.020008564 337
1769553087.071002483 369
1769553087.119933605 351
1769553087.170187712 348
1769553087.219837666 334
1769553087.269956350 351
1769553087.319995642 349
1769553087.369933128 342
1769553087.419931889 324
1769553087.469947577 355
1769553087.519952536 373
1769553087.569893599 361
1769553087.619938374 365
1769553087.669904232 328
1769553087.719941378 355
1769553087.769864559 330
1769553087.819953680 357
1769553087.869807243 320
1769553087.919954062 340
1769553087.969808340 325
1769553088.019944429 352
1769553088.069813251 312
1769553088.120025635 354
1769553088.170790434 323
1769553088.219954014 308
1769553088.270787954 325
1769553088.319904327 326
1769553088.369812012 307
1769553088.419918776 327
1769553088.469751596 325
1769553088.519901276 358
1769553088.570836782 407
1769553088.619874001 359
1769553088.669783115 320
1769553088.719935417 358
1769553088.769807816 358
1769553088.819894075 336
1769553088.870353460 352
1769553088.919891119 323
1769553088.973464727 330
1769553089.019851446 361
1769553089.069813013 332
1769553089.119877815 363
1769553089.169794798 356
1769553089.219947815 358
1769553089.271966934 362
1769553089.319986582 342
1769553089.369861364 352
1769553089.419877052 364
1769553089.469756365 345
1769553089.519896030 345
1769553089.569688320 348
1769553089.619910955 348
1769553089.669930696 330
1769553089.719870090 364
1769553089.770929337 353
1769553089.819857597 347
1769553089.869744778 377
1769553089.919833899 354
1769553089.969706774 337
1769553090.019852877 335
1769553090.069824696 348
1769553090.119852304 345
1769553090.169753551 312
1769553090.219816685 329
1769553090.269751310 349
1769553090.319791794 340
1769553090.369667768 335
1769553090.419816494 313
1769553090.473524570 356
1769553090.519794941 326
1769553090.569716454 321
1769553090.619808674 325
1769553090.670756102 346
1769553090.719762325 330
1769553090.769685268 309
1769553090.819795609 323
1769553090.869550943 317
1769553090.919604063 325
1769553090.969695091 326
1769553091.019798517 315
1769553091.069974899 337
1769553091.119772434 311
1769553091.171977043 341
1769553091.219758034 341
1769553091.269654512 344
1769553091.319898367 324
1769553091.371485710 339
1769553091.419718504 314
1769553091.469626188 327
1769553091.519784927 376
1769553091.569915533 327
1769553091.619743347 309
1769553091.669620752 373
1769553091.719741344 337
1769553091.773319244 355
1769553091.819679976 362
1769553091.869655371 350
1769553091.919609308 323
1769553091.969685316 346
1769553092.019618273 340
1769553092.069708586 361
1769553092.119596243 331
1769553092.169687510 353
1769553092.219575882 382
1769553092.269665956 376
1769553092.320053101 357
1769553092.369641304 343
1769553092.419567823 345
1769553092.469628334 355
1769553092.519451857 332
1769553092.569690943 355
1769553092.620617390 334
1769553092.669668198 336
1769553092.719563246 345
1769553092.769649506 346
1769553092.819515705 360
1769553092.869681358 358
1769553092.923235893 337
1769553092.969628334 358
1769553093.019647598 353
1769553093.069645166 328
1769553093.119419336 384
1769553093.169652462 336
1769553093.221783400 307
1769553093.269619703 335
1769553093.319558144 333
1769553093.369611502 343
1769553093.419457436 359
1769553093.469624996 314
1769553093.520336390 341
1769553093.569600344 317
1769553093.619398355 350
1769553093.669585228 331
1769553093.719490528 329
1769553093.769636154 321
1769553093.820646286 332
1769553093.869621515 324
1769553093.919463158 346
1769553093.969541788 352
1769553094.019564390 339
1769553094.069627762 325
1769553094.119451761 305
1769553094.169564486 320
1769553094.219666481 330
1769553094.269617081 336
1769553094.319632053 328
1769553094.369574308 332
1769553094.419425249 351
1769553094.469504356 329
1769553094.519390821 308
1769553094.569627047 323
1769553094.620842695 323
1769553094.669562101 345
1769553094.719409466 324
1769553094.769498587 359
1769553094.819402218 352
1769553094.869594812 335
1769553094.919878721 333
1769553094.969597101 361
1769553095.019342899 353
1769553095.069576740 345
1769553095.121367693 375
1769553095.169520378 319
1769553095.219394922 339
1769553095.269496918 333
1769553095.328449726 380
1769553095.369430780 373
1769553095.419492245 378
1769553095.469400644 359
1769553095.519487381 374
1769553095.570406437 383
1769553095.619511127 381
1769553095.669383526 388
1769553095.719487429 359
1769553095.770507812 358
1769553095.819474697 358
1769553095.870256424 374
1769553095.919430971 333
1769553095.969372988 368
1769553096.019454718 319
1769553096.072059631 400
1769553096.119450808 347
1769553096.169330597 350
1769553096.219447613 360
1769553096.269574404 366
1769553096.319447994 357
1769553096.369767189 376
1769553096.419427156 380
1769553096.469554901 382
1769553096.519434690 353
1769553096.571125031 361
1769553096.619426966 370
1769553096.669316530 361
1769553096.719460011 371
1769553096.769701719 356
1769553096.819430590 347
1769553096.869271517 363
1769553096.919422865 347
1769553096.970515013 364
1769553097.019440651 364
1769553097.069190025 354
1769553097.119287491 362
1769553097.184226036 356
1769553097.219274282 358
1769553097.269384146 352
1769553097.319267273 348
1769553097.369418383 360
1769553097.421194077 366
1769553097.469328642 350
1769553097.519241333 362
1769553097.569368601 354
1769553097.621005297 357
1769553097.669330359 364
1769553097.719185114 359
1769553097.769305706 372
1769553097.819154501 361
1769553097.869313002 358
1769553097.920776606 366
1769553097.969285011 356
1769553098.019187927 355
1769553098.069299459 357
1769553098.119845629 356
1769553098.169236898 359
1769553098.219325066 358
1769553098.269178391 357
1769553098.319281340 358
1769553098.371181011 356
1769553098.419257879 351
1769553098.469157457 349
1769553098.519256353 359
1769553098.573362827 348
1769553098.619241476 341
1769553098.669153690 345
1769553098.719243765 344
1769553098.769536495 347
1769553098.819247723 350
1769553098.875494719 357
1769553098.919213057 360
1769553098.969154119 349
1769553099.019247293 349
1769553099.071653605 354
1769553099.119195223 351
1769553099.196342945 353
1769553099.224397898 348
1769553099.269053698 363
1769553099.319247007 373
1769553099.369138002 379
1769553099.419219255 379
1769553099.483240604 340
1769553099.519100666 359
1769553099.569213390 353
1769553099.619056940 346
1769553099.669192553 363
1769553099.719058275 365
1769553099.769214392 372
1769553099.819102287 361
1769553099.869177341 362
1769553099.919090748 374
1769553099.969178915 356
1769553100.020743608 364
1769553100.069171906 366
1769553100.119072199 360
1769553100.169103861 365
1769553100.219101191 369
1769553100.269163847 356
1769553100.318995237 365
1769553100.369147301 358
1769553100.420167685 374
1769553100.469160080 364
1769553100.519050837 358
1769553100.569169521 357
1769553100.622879028 351
1769553100.669137001 367
1769553100.719049454 373
1769553100.769111872 369
1769553100.819029093 345
1769553100.869066715 366
1769553100.922378063 371
1769553100.969074726 347
1769553101.019010544 347
1769553101.069084167 356
1769553101.119000435 348
1769553101.168974400 342
1769553101.219031334 341
1769553101.269036531 358
1769553101.319061041 348
1769553101.369070053 344
1769553101.419049978 356
1769553101.469057798 353
1769553101.519083261 356
1769553101.569058418 348
1769553101.619077206 354
1769553101.669039011 372
1769553101.719063282 351
1769553101.769028902 364
1769553101.819099903 346
1769553101.868979931 365
1769553101.919047594 361
1769553101.968954563 351
1769553102.019056797 353
1769553102.069862127 337
1769553102.119061947 356
1769553102.172463417 340
1769553102.219016552 359
1769553102.268971682 352
1769553102.319005966 349
1769553102.368935823 344
1769553102.419051409 340
1769553102.468886614 364
1769553102.519019604 349
1769553102.568899870 352
1769553102.618995905 355
1769553102.668891430 366
1769553102.718935251 371
1769553102.768917084 371
1769553102.819008827 364
1769553102.868897200 365
1769553102.918981314 366
1769553102.968901873 380
1769553103.018992662 388
1769553103.070430994 372
1769553103.118964195 369
1769553103.169133425 370
1769553103.219034910 365
1769553103.268884659 356
1769553103.318882704 358
1769553103.368897200 366
1769553103.418990612 363
1769553103.471549273 353
1769553103.518952608 370
1769553103.568879128 370
1769553103.618951321 375
1769553103.668779373 391
1769553103.718936920 367
1769553103.768964529 372
1769553103.818926573 391
1769553103.868842125 362
1769553103.918867111 383
1769553103.969112158 370
1769553104.018811941 366
1769553104.068817377 359
1769553104.118849277 366
1769553104.168786526 384
1769553104.218815327 370
1769553104.268936634 367
1769553104.319883585 373
1769553104.368909836 376
1769553104.418792009 375
1769553104.468876600 375
1769553104.518809080 378
1769553104.568934202 372
1769553104.618801117 386
1769553104.668891191 372
1769553104.718780756 368
1769553104.768862963 365
1769553104.819748163 377
1769553104.868770838 363
1769553104.918677807 365
1769553104.968701839 359
1769553105.018822908 367
1769553105.068838596 368
1769553105.118874788 361
1769553105.168769598 381
1769553105.218839407 360
1769553105.268753052 374
1769553105.318896055 358
