1769553026.523773670 0
1769553026.573877096 0
1769553026.623833656 0
1769553026.673852682 0
1769553026.724169254 0
1769553026.773870945 0
1769553026.824172735 0
1769553026.873850584 0
1769553026.924375057 0
1769553026.973840714 0
1769553027.025285482 0
1769553027.073851347 0
1769553027.125791073 0
1769553027.173814297 0
1769553027.223731279 0
1769553027.273817778 0
1769553027.323920965 0
1769553027.373830557 0
1769553027.424039125 0
1769553027.473788023 0
1769553027.523711443 0
1769553027.573827744 0
1769553027.624086380 0
1769553027.673785448 0
1769553027.723706484 0
1769553027.773663282 0
1769553027.823688030 0
1769553027.873554707 0
1769553027.923551083 0
1769553027.973685980 0
1769553028.023801565 0
1769553028.085859537 0
1769553028.123678207 0
1769553028.173755884 0
1769553028.223656178 0
1769553028.273757696 0
1769553028.323751926 0
1769553028.373765230 0
1769553028.423636436 0
1769553028.473806620 0
1769553028.524170637 0
1769553028.575154066 0
1769553028.626265764 0
1769553028.673682451 0
1769553028.723603249 0
1769553028.773728609 0
1769553028.823563337 0
1769553028.873703718 0
1769553028.923914194 0
1769553028.973722935 0
1769553029.023574114 0
1769553029.073688745 0
1769553029.125062704 0
1769553029.173694134 0
1769553029.223582983 0
1769553029.273754120 0
1769553029.332852840 0
1769553029.373678923 0
1769553029.423664093 0
1769553029.473602057 0
1769553029.523651361 0
1769553029.573580265 0
1769553029.623650551 0
1769553029.675266504 0
1769553029.723629236 0
1769553029.773481846 0
1769553029.823696852 0
1769553029.873568773 0
1769553029.923641682 0
1769553029.974550486 0
1769553030.023625374 0
1769553030.073518038 0
1769553030.123650551 0
1769553030.173636198 0
1769553030.244052887 0
1769553030.273517132 0
1769553030.331764221 0
1769553030.373534918 0
1769553030.423591375 0
1769553030.473547459 0
1769553030.523649693 0
1769553030.573861837 0
1769553030.623635054 0
1769553030.673578024 0
1769553030.723638296 0
1769553030.774570942 0
1769553030.823632956 0
1769553030.873490334 0
1769553030.923589468 0
1769553030.973453522 0
1769553031.023548365 0
1769553031.073533297 0
1769553031.123625040 0
1769553031.175270081 0
1769553031.223615646 0
1769553031.273360491 0
1769553031.323564529 0
1769553031.410982847 0
1769553031.439821482 0
1769553031.473460674 0
1769553031.523561954 0
1769553031.599529028 0
1769553031.628368855 0
1769553031.673497200 0
1769553031.723502874 0
1769553031.773632288 0
1769553031.823510885 0
1769553031.873489141 0
1769553031.923497438 0
1769553031.973454952 0
1769553032.023496389 0
1769553032.073364019 0
1769553032.123494864 0
1769553032.207274437 0
1769553032.237404585 0
1769553032.273423195 0
1769553032.323508501 0
1769553032.373661041 0
1769553032.423516989 0
1769553032.473322153 0
1769553032.523492575 0
1769553032.573972225 0
1769553032.623487473 0
1769553032.673378468 0
1769553032.723256588 0
1769553032.773470163 0
1769553032.823381186 0
1769553032.873461485 0
1769553032.924684286 0
1769553032.973443508 0
1769553033.023370266 0
1769553033.073482037 0
1769553033.128749132 0
1769553033.173436403 0
1769553033.223407507 0
1769553033.273462772 0
1769553033.323325157 0
1769553033.373431921 0
1769553033.424530983 0
1769553033.473433256 0
1769553033.523299694 0
1769553033.573441029 0
1769553033.623355865 0
1769553033.673433065 0
1769553033.723464489 0
1769553033.773424625 0
1769553033.827200651 0
1769553033.873399734 0
1769553033.923314095 0
1769553033.973387241 0
1769553034.023270607 0
1769553034.073439598 0
1769553034.125369072 0
1769553034.173288345 0
1769553034.254166603 0
1769553034.283303022 0
1769553034.323285103 0
1769553034.373368502 0
1769553034.423266649 0
1769553034.473390818 0
1769553034.525668144 0
1769553034.573313951 0
1769553034.623235703 0
1769553034.673331022 0
1769553034.724549294 0
1769553034.773377419 0
1769553034.823252916 0
1769553034.873319387 0
1769553034.923175573 0
1769553034.973310232 0
1769553035.024530888 0
1769553035.073318720 0
1769553035.123144865 0
1769553035.173331261 0
1769553035.223211050 0
1769553035.273293972 0
1769553035.324801445 0
1769553035.373294115 0
1769553035.423257828 0
1769553035.473165035 0
1769553035.523127317 0
1769553035.573274136 0
1769553035.623221159 0
1769553035.673180819 0
1769553035.731807709 0
1769553035.773104668 0
1769553035.823248148 0
1769553035.873258591 0
1769553035.923184872 0
1769553035.973267317 0
1769553036.023200989 0
1769553036.073229551 0
1769553036.123173237 0
1769553036.173248768 0
1769553036.223153591 0
1769553036.273241520 0
1769553036.323341846 0
1769553036.373206377 0
1769553036.423131466 0
1769553036.473225117 0
1769553036.523689270 0
1769553036.573213100 0
1769553036.623106718 0
1769553036.673256159 0
1769553036.723122597 0
1769553036.773216724 0
1769553036.824215412 0
1769553036.873200655 0
1769553036.926032305 0
1769553036.973186255 0
1769553037.023115158 0
1769553037.108531475 0
1769553037.145297289 0
1769553037.173111200 0
1769553037.223189592 0
1769553037.273117781 0
1769553037.323220968 0
1769553037.376955748 0
1769553037.423190355 0
1769553037.473151207 0
1769553037.523226261 0
1769553037.576951027 0
1769553037.623204470 0
1769553037.673139572 0
1769553037.723201990 0
1769553037.773403645 0
1769553037.823217630 0
1769553037.873335123 0
1769553037.923206329 0
1769553037.975787878 0
1769553038.023184538 0
1769553038.073112011 0
1769553038.123228073 0
1769553038.178524971 0
1769553038.223192215 0
1769553038.273131371 0
1769553038.323155165 0
1769553038.373077154 0
1769553038.423142910 0
1769553038.473065138 0
1769553038.523150682 0
1769553038.573601007 0
1769553038.623155117 0
1769553038.673317909 0
1769553038.723181486 0
1769553038.773037672 0
1769553038.823141575 0
1769553038.873052359 0
1769553038.923133135 0
1769553038.973072052 0
1769553039.023073673 0
1769553039.073014975 0
1769553039.122983217 0
1769553039.172930956 0
1769553039.223024368 0
1769553039.273919344 0
1769553039.323015451 0
1769553039.372856140 0
1769553039.423011780 0
1769553039.472902775 0
1769553039.522997856 0
1769553039.572851658 0
1769553039.622991562 0
1769553039.672914982 0
1769553039.722918749 0
1769553039.772882700 0
1769553039.822991610 0
1769553039.875752211 0
1769553039.922959089 0
1769553039.972886086 0
1769553040.023003578 0
1769553040.072876215 0
1769553040.122905493 0
1769553040.172861338 0
1769553040.222954512 0
1769553040.272866488 0
1769553040.322889328 0
1769553040.372853994 0
1769553040.422939301 0
1769553040.472852230 0
1769553040.522845745 0
1769553040.572900295 0
1769553040.622791529 0
1769553040.672860622 0
1769553040.722864628 0
1769553040.773013830 0
1769553040.822762966 0
1769553040.873312235 0
1769553040.926246166 0
1769553040.972865105 0
1769553041.024050951 0
1769553041.072916031 0
1769553041.122856379 0
1769553041.172921419 0
1769553041.222826719 0
1769553041.272925615 0
1769553041.322788000 0
1769553041.372919798 0
1769553041.423264265 0
1769553041.472900867 0
1769553041.522813082 0
1769553041.572906017 0
1769553041.622794867 0
1769553041.672896624 0
1769553041.722793579 0
1769553041.772906542 0
1769553041.823508978 0
1769553041.872873783 0
1769553041.922761202 0
1769553041.972888231 456
1769553042.022770405 478
1769553042.072883368 413
1769553042.122955799 472
1769553042.172871113 430
1769553042.222769260 437
1769553042.272871256 453
1769553042.322727203 455
1769553042.372839212 448
1769553042.422703981 440
1769553042.472837448 441
1769553042.522744894 447
1769553042.572865963 443
1769553042.622992039 433
1769553042.672837973 446
1769553042.722697020 454
1769553042.772826910 460
1769553042.825842142 465
1769553042.872797012 433
1769553042.922750711 448
1769553042.972816229 435
1769553043.024070978 451
1769553043.072790384 461
1769553043.122676849 465
1769553043.172813416 441
1769553043.222740412 456
1769553043.272788286 479
1769553043.322699547 463
1769553043.372784138 441
1769553043.422691584 449
1769553043.472783327 478
1769553043.523662567 476
1769553043.572775841 454
1769553043.623887539 418
1769553043.672759533 453
1769553043.722671032 461
1769553043.772760391 457
1769553043.823043346 481
1769553043.872737169 454
1769553043.922654629 450
1769553043.972742319 448
1769553044.022647142 448
1769553044.072740555 479
1769553044.122725725 455
1769553044.172746420 477
1769553044.223819733 483
1769553044.272726059 460
1769553044.325528383 452
1769553044.372684240 473
1769553044.422648907 460
1769553044.472722530 486
1769553044.522647858 477
1769553044.572719097 484
1769553044.622617960 445
1769553044.672711372 448
1769553044.722620487 484
1769553044.772800684 495
1769553044.822747707 473
1769553044.872702360 488
1769553044.922578573 478
1769553044.972691536 477
1769553045.022808790 465
1769553045.072603941 427
1769553045.122637987 447
1769553045.172609806 466
1769553045.222655058 463
1769553045.272590876 453
1769553045.322679520 460
1769553045.373061657 495
1769553045.422665119 489
1769553045.472526550 455
1769553045.522673368 467
1769553045.572729349 455
1769553045.622670889 453
1769553045.672502279 443
1769553045.722643614 454
1769553045.773946285 456
1769553045.822551727 412
1769553045.872670412 481
1769553045.922800541 440
1769553045.972658873 441
1769553046.022612572 446
1769553046.072661877 451
1769553046.122629642 431
1769553046.172644615 423
1769553046.222527981 413
1769553046.272619963 402
1769553046.323540688 467
1769553046.372602940 455
1769553046.422518015 451
1769553046.472639322 459
1769553046.522389412 445
1769553046.572571278 442
1769553046.622588158 469
1769553046.672601461 422
1769553046.722501993 445
1769553046.772620440 455
1769553046.822503090 493
1769553046.872597456 422
1769553046.922409296 462
1769553046.972565174 485
1769553047.022446632 449
1769553047.072594881 470
1769553047.123098612 467
1769553047.172563553 476
1769553047.222426891 461
1769553047.272596121 482
1769553047.324167967 452
1769553047.372738838 420
1769553047.422436953 455
1769553047.472543955 465
1769553047.524492979 453
1769553047.572549105 439
1769553047.623461008 461
1769553047.672497988 465
1769553047.722451448 435
1769553047.772496223 418
1769553047.822437525 406
1769553047.872512579 448
1769553047.922441721 434
1769553047.972448587 438
1769553048.022507668 442
1769553048.072435141 443
1769553048.122491598 440
1769553048.172405958 442
1769553048.222470760 453
1769553048.272391319 439
1769553048.322484016 432
1769553048.376314163 438
1769553048.422468424 445
1769553048.472360849 475
1769553048.522490740 454
1769553048.573126554 456
1769553048.622476339 434
1769553048.672370195 454
1769553048.722471476 441
1769553048.772327900 470
1769553048.822476625 451
1769553048.873130798 461
1769553048.922464371 433
1769553048.972321033 444
1769553049.022470713 473
1769553049.072496653 466
1769553049.122463226 456
1769553049.173176050 426
1769553049.222415447 434
1769553049.272241354 443
1769553049.322398663 450
1769553049.372327566 438
1769553049.422404289 470
1769553049.472282171 466
1769553049.522470236 476
1769553049.573235512 494
1769553049.622397900 426
1769553049.672273636 436
1769553049.722443581 435
1769553049.772288322 442
1769553049.822435617 474
1769553049.874473333 419
1769553049.922417641 419
1769553049.972288609 435
1769553050.022375584 422
1769553050.072264671 432
1769553050.122395754 422
1769553050.173126698 431
1769553050.222398520 443
1769553050.273302555 461
1769553050.322321892 403
1769553050.372407436 459
1769553050.422297239 408
1769553050.472220182 489
1769553050.522223711 430
1769553050.582572460 454
1769553050.622229099 404
1769553050.672308445 445
1769553050.724013329 452
1769553050.772323132 448
1769553050.822210312 426
1769553050.872319698 454
1769553050.923183203 482
1769553050.972312927 495
1769553051.024672747 442
1769553051.072314024 488
1769553051.122304440 450
1769553051.172323942 485
1769553051.222234726 478
1769553051.272291422 456
1769553051.322169065 491
1769553051.372253895 447
1769553051.422433138 490
1769553051.472282171 510
1769553051.525524378 499
1769553051.572263002 473
1769553051.622355223 455
1769553051.672244549 451
1769553051.722848654 465
1769553051.772239685 473
1769553051.822096109 468
1769553051.872265100 474
1769553051.925620794 465
1769553051.972221851 483
1769553052.022134066 475
1769553052.072237015 438
1769553052.123242378 440
1769553052.172211885 459
1769553052.224234819 463
1769553052.272202015 502
1769553052.322126627 494
1769553052.372202635 454
1769553052.423360586 469
1769553052.472203970 464
1769553052.522109509 477
1769553052.572192907 458
1769553052.623678207 451
1769553052.672176600 469
1769553052.722098112 440
1769553052.772179604 436
1769553052.822833300 452
1769553052.872171879 456
1769553052.922099829 464
1769553052.972110987 464
1769553053.022095442 464
1769553053.072149754 477
1769553053.122279406 483
1769553053.172152519 463
1769553053.223453760 463
1769553053.272147655 431
1769553053.322081089 477
1769553053.372172356 482
1769553053.422211647 471
1769553053.472149849 464
1769553053.522985220 467
1769553053.572125435 459
1769553053.622091532 462
1769553053.672119141 457
1769553053.722656012 470
1769553053.772097111 477
1769553053.822824717 468
1769553053.872117758 450
1769553053.922036886 435
1769553053.972121954 475
1769553054.022017241 415
1769553054.072150707 467
1769553054.121997595 477
1769553054.172097206 440
1769553054.221992493 489
1769553054.272095203 418
1769553054.325359821 413
1769553054.372098923 485
1769553054.421994925 464
1769553054.472064734 446
1769553054.556670666 441
1769553054.584923983 460
1769553054.621982098 427
1769553054.672050714 474
1769553054.723180056 469
1769553054.771942377 467
1769553054.821989298 467
1769553054.872105837 451
1769553054.921931028 433
1769553054.972030640 459
1769553055.021963120 482
1769553055.072085857 466
1769553055.122884274 416
1769553055.172036171 405
1769553055.221899271 450
1769553055.272046804 458
1769553055.322809696 445
1769553055.372019053 444
1769553055.421921015 436
1769553055.472020149 461
1769553055.521924496 452
1769553055.571982384 433
1769553055.621777773 469
1769553055.672009468 450
1769553055.721918821 438
1769553055.771937609 441
1769553055.821952343 441
1769553055.872940540 461
1769553055.921999693 432
1769553055.971875906 418
1769553056.021980524 455
1769553056.072458029 413
1769553056.121994495 427
1769553056.173287153 437
1769553056.221988440 405
1769553056.272992849 448
1769553056.321944714 447
1769553056.371879101 447
1769553056.421943188 445
1769553056.471870184 457
1769553056.521857500 434
1769553056.571914911 473
1769553056.621921301 460
1769553056.671938419 474
1769553056.721928596 472
1769553056.771957159 489
1769553056.821847916 465
1769553056.871902227 469
1769553056.921844959 434
1769553056.971942425 438
1769553057.023610830 451
1769553057.071919203 430
1769553057.121818781 453
1769553057.171914816 473
1769553057.226537466 470
1769553057.271910667 469
1769553057.321824074 437
1769553057.371891022 460
1769553057.421827316 434
1769553057.471728325 428
1769553057.538446903 462
1769553057.571786165 442
1769553057.621893406 438
1769553057.675176144 446
1769553057.721885920 435
1769553057.771807194 432
1769553057.821889639 426
1769553057.871781349 439
1769553057.921936274 497
1769553057.971787453 436
1769553058.021868944 411
1769553058.071784973 388
1769553058.121875525 391
1769553058.172300577 397
1769553058.221846104 417
1769553058.271695614 407
1769553058.321853161 433
1769553058.371763468 424
1769553058.421868801 426
1769553058.471737385 400
1769553058.521873951 404
1769553058.571713448 427
1769553058.621819735 426
1769553058.672070026 398
1769553058.721771002 454
1769553058.771848679 411
1769553058.821724415 429
1769553058.871774197 427
1769553058.924440384 449
1769553058.971780300 413
1769553059.021726370 438
1769553059.071786642 418
1769553059.123200417 440
1769553059.171806574 441
1769553059.221672773 445
1769553059.271762133 433
1769553059.322523355 461
1769553059.371753931 396
1769553059.421647072 421
1769553059.471763849 416
1769553059.521840334 413
1769553059.571712255 421
1769553059.621747494 428
1769553059.671659708 433
1769553059.721726656 432
1769553059.771642447 433
1769553059.821727037 443
1769553059.872548342 420
1769553059.921716928 434
1769553059.971624374 407
1769553060.021707535 399
1769553060.071637154 449
1769553060.121709347 400
1769553060.171796083 442
1769553060.221696615 420
1769553060.272142887 406
1769553060.321688175 429
1769553060.371549368 412
1769553060.421688557 412
1769553060.471489906 397
1769553060.521689415 390
1769553060.582671165 424
1769553060.621609688 421
1769553060.671676874 426
1769553060.721600771 412
1769553060.771668911 396
1769553060.823002100 407
1769553060.871600151 419
1769553060.921650171 424
1769553060.971599102 423
1769553061.021640778 452
1769553061.071567774 435
1769553061.121684790 413
1769553061.172641754 437
1769553061.221657038 450
1769553061.271602869 418
1769553061.321640253 438
1769553061.371597528 439
1769553061.421622276 460
1769553061.471542835 386
1769553061.521648169 431
1769553061.572615862 442
1769553061.621598244 455
1769553061.671404600 452
1769553061.721620083 445
1769553061.774365425 431
1769553061.821600676 445
1769553061.871521950 482
1769553061.921791077 442
1769553061.971712589 473
1769553062.021577835 486
1769553062.071478367 468
1769553062.121495724 456
1769553062.173432112 468
1769553062.221468449 493
1769553062.271483660 470
1769553062.321469784 454
1769553062.371462345 436
1769553062.421570063 438
1769553062.471448421 439
1769553062.521490335 438
1769553062.572065353 480
1769553062.621560097 418
1769553062.671431065 494
1769553062.721544027 472
1769553062.771422625 438
1769553062.821519613 462
1769553062.871423483 431
1769553062.921470881 442
1769553062.973907232 439
1769553063.021517754 436
1769553063.071430922 429
1769553063.121516228 435
1769553063.172040701 456
1769553063.221518040 458
1769553063.271421194 463
1769553063.321486235 441
1769553063.371413469 437
1769553063.421577692 488
1769553063.472054482 505
1769553063.521490574 455
1769553063.571407557 463
1769553063.621498346 466
1769553063.671500444 434
1769553063.721474648 420
1769553063.771625757 437
1769553063.821486235 420
1769553063.874281406 461
1769553063.921514750 440
1769553063.971397877 446
1769553064.021519423 403
1769553064.071367502 443
1769553064.121510744 458
1769553064.171381235 452
1769553064.221539497 482
1769553064.273235559 498
1769553064.321475029 495
1769553064.371361017 481
1769553064.421476603 488
1769553064.471426487 450
1769553064.521502972 457
1769553064.576239347 473
1769553064.621439695 436
1769553064.671369076 476
1769553064.721461058 422
1769553064.771361589 470
1769553064.821462154 440
1769553064.871755600 485
1769553064.921442509 446
1769553064.971312284 463
1769553065.021333218 488
1769553065.071301937 454
1769553065.121459484 486
1769553065.171249390 451
1769553065.221467018 481
1769553065.271859646 416
1769553065.321412086 415
1769553065.371370792 448
1769553065.421426535 419
1769553065.471301556 445
1769553065.521427870 459
1769553065.571283102 455
1769553065.621410131 423
1769553065.671338081 458
1769553065.721327305 489
1769553065.771332979 444
1769553065.821360826 409
1769553065.871306896 488
1769553065.921386957 487
1769553065.971282721 462
1769553066.021373987 439
1769553066.071263075 445
1769553066.121387482 422
1769553066.171261549 426
1769553066.221341848 467
1769553066.271233082 427
1769553066.321376085 462
1769553066.373215437 403
1769553066.421369791 452
1769553066.471228361 424
1769553066.521300077 447
1769553066.571251392 465
1769553066.621308565 462
1769553066.671213627 457
1769553066.721266031 466
1769553066.771182299 451
1769553066.821385145 483
1769553066.872406721 444
1769553066.921288967 452
1769553066.971188545 462
1769553067.021287203 448
1769553067.072703600 475
1769553067.121255159 455
1769553067.171190739 458
1769553067.221294165 453
1769553067.271758795 450
1769553067.321233511 492
1769553067.371193647 480
1769553067.421184778 444
1769553067.471217394 519
1769553067.521226168 494
1769553067.571199417 455
1769553067.621251822 449
1769553067.671207428 483
1769553067.721232414 484
1769553067.771183252 481
1769553067.821225405 469
1769553067.871168375 449
1769553067.921264172 423
1769553067.971155405 445
1769553068.021236658 468
1769553068.074661016 471
1769553068.121229172 461
1769553068.171142817 427
1769553068.221214056 421
1769553068.271111727 463
1769553068.321232080 454
1769553068.371736050 467
1769553068.421203852 438
1769553068.471104860 481
1769553068.521205902 477
1769553068.571377754 450
1769553068.621198654 446
1769553068.670956850 471
1769553068.721173525 400
1769553068.771091700 457
1769553068.821204901 474
1769553068.871239662 497
1769553068.921183586 489
1769553068.971626520 473
1769553069.021098614 465
1769553069.071118355 422
1769553069.121145248 469
1769553069.171115160 464
1769553069.221158504 502
1769553069.270984888 468
1769553069.321143627 440
1769553069.371053457 467
1769553069.421101809 442
1769553069.470941544 482
1769553069.521110535 467
1769553069.570944548 486
1769553069.621103287 493
1769553069.671706676 470
1769553069.721070051 494
1769553069.770984411 474
1769553069.821146965 444
1769553069.871419430 467
1769553069.921101093 448
1769553069.970973730 482
1769553070.021099806 497
1769553070.089836359 507
1769553070.122288227 473
1769553070.171062469 488
1769553070.221017838 476
1769553070.271078825 496
1769553070.320956230 493
1769553070.371066093 470
1769553070.444120407 493
1769553070.474765062 465
1769553070.520863056 479
1769553070.570893526 501
1769553070.620890141 514
1769553070.670882702 486
1769553070.720828056 476
1769553070.771088600 468
1769553070.859067917 455
1769553070.886755943 476
1769553070.920917511 457
1769553070.970850468 453
1769553071.029175997 440
1769553071.070817709 484
1769553071.121029615 451
1769553071.170879126 438
1769553071.221024990 469
1769553071.271193266 468
1769553071.321063519 482
1769553071.370927334 464
1769553071.421004295 465
1769553071.470841885 465
1769553071.520996809 449
1769553071.570871830 441
1769553071.621043682 481
1769553071.672203779 456
1769553071.720982075 436
1769553071.772984266 502
1769553071.820965052 440
1769553071.870893717 498
1769553071.920933008 429
1769553071.970808744 498
1769553072.020917416 477
1769553072.070838928 457
1769553072.120913744 477
1769553072.170770884 456
1769553072.220863342 459
1769553072.270824432 468
1769553072.320890665 486
1769553072.370798588 477
1769553072.420922518 433
1769553072.470840693 454
1769553072.520817995 441
1769553072.570883036 469
1769553072.620894670 487
1769553072.670832634 489
1769553072.720882177 470
1769553072.770811081 488
1769553072.820919752 491
1769553072.871388912 484
1769553072.920802832 472
1769553072.970778465 494
1769553073.020896912 503
1769553073.070714951 509
1769553073.120873928 503
1769553073.170713663 468
1769553073.220860481 428
1769553073.270685434 479
1769553073.320859671 450
1769553073.371129274 476
1769553073.420830488 460
1769553073.470738649 448
1769553073.520853281 469
1769553073.571753740 469
1769553073.620850325 461
1769553073.670734406 432
1769553073.720855236 448
1769553073.770665884 498
1769553073.820827723 508
1769553073.870779753 528
1769553073.920707703 498
1769553073.970766783 479
1769553074.020766735 469
1769553074.070697069 456
1769553074.120796919 460
1769553074.170717478 445
1769553074.220765591 461
1769553074.270603180 484
1769553074.320793629 472
1769553074.371555805 464
1769553074.420754433 496
1769553074.470648527 488
1769553074.520764112 479
1769553074.570619822 465
1769553074.620740414 466
1769553074.670632601 472
1769553074.720720291 454
1769553074.770666599 468
1769553074.820756674 454
1769553074.870600700 482
1769553074.920734167 447
1769553074.973509789 427
1769553075.020748377 468
1769553075.070612907 461
1769553075.120721340 460
1769553075.170547724 495
1769553075.238698244 494
1769553075.271395445 487
1769553075.332161903 461
1769553075.380980730 485
1769553075.420711994 469
1769553075.470726728 500
1769553075.520662069 486
1769553075.570787907 459
1769553075.620624542 455
1769553075.670734882 493
1769553075.720879793 489
1769553075.770750046 471
1769553075.820655107 483
1769553075.870730400 452
1769553075.920630217 452
1769553075.970729113 469
1769553076.020579100 472
1769553076.070706367 490
1769553076.120488882 482
1769553076.170685768 464
1769553076.221313000 464
1769553076.270734787 472
1769553076.320638895 517
1769553076.370647669 517
1769553076.420603991 492
1769553076.470661640 483
1769553076.520590305 524
1769553076.570676804 503
1769553076.620606899 510
1769553076.670697689 500
1769553076.720561743 507
1769553076.770653725 468
1769553076.821841955 478
1769553076.870646954 446
1769553076.920555830 453
1769553076.970636606 467
1769553077.023498058 436
1769553077.070622683 511
1769553077.120573997 512
1769553077.170655012 504
1769553077.220927477 489
1769553077.270458698 527
1769553077.320618391 487
1769553077.370575190 439
1769553077.420610905 487
1769553077.470515013 480
1769553077.520606279 493
1769553077.572664738 462
1769553077.620463848 483
1769553077.701371193 498
1769553077.734411478 501
1769553077.770509243 465
1769553077.820583582 473
1769553077.871599913 470
1769553077.920508385 481
1769553077.970573664 477
1769553078.020511150 455
1769553078.070671558 476
1769553078.122288942 467
1769553078.170604467 514
1769553078.221624851 521
1769553078.270563126 508
1769553078.328878641 448
1769553078.409305573 488
1769553078.436450481 447
1769553078.470454454 475
1769553078.520568132 473
1769553078.576716661 478
1769553078.620496273 519
1769553078.670542955 479
1769553078.720563889 491
1769553078.770479202 490
1769553078.820571184 490
1769553078.870419025 461
1769553078.920511007 472
1769553078.970418930 451
1769553079.020518303 506
1769553079.071119785 472
1769553079.120485783 490
1769553079.170360804 493
1769553079.220597506 469
1769553079.273245096 492
1769553079.320495844 469
1769553079.370403767 480
1769553079.420510530 470
1769553079.470506668 470
1769553079.520499229 477
1769553079.570465803 495
1769553079.620469332 482
1769553079.672027111 467
1769553079.720475674 457
1769553079.772876501 511
1769553079.820470810 487
1769553079.870376587 458
1769553079.920452595 487
1769553079.970332623 460
1769553080.020469427 460
1769553080.070378780 428
1769553080.120457888 466
1769553080.170243502 475
1769553080.220462322 501
1769553080.270306110 462
1769553080.320449114 509
1769553080.370657682 475
1769553080.420477629 479
1769553080.473153591 475
1769553080.520432711 474
1769553080.570315599 456
1769553080.620581627 496
1769553080.671630144 507
1769553080.720435381 482
1769553080.770317554 462
1769553080.820393801 476
1769553080.870304823 496
1769553080.920421362 464
1769553080.970270395 481
1769553081.020412683 454
1769553081.070264816 489
1769553081.120397329 474
1769553081.170989275 494
1769553081.220403910 494
1769553081.270275593 468
1769553081.320394516 447
1769553081.370177269 467
1769553081.420412779 442
1769553081.470282078 455
1769553081.520414829 448
1769553081.571329117 520
1769553081.620377541 456
1769553081.670230865 456
1769553081.720400810 483
1769553081.770265341 534
1769553081.820388794 521
1769553081.871113300 527
1769553081.920331717 483
1769553081.970250845 510
1769553082.020340919 531
1769553082.084043741 500
1769553082.120262384 507
1769553082.170337439 495
1769553082.220822811 505
1769553082.270311356 480
1769553082.320234776 452
1769553082.370305538 486
1769553082.420222044 459
1769553082.470305681 493
1769553082.520181656 481
1769553082.570325613 497
1769553082.620207071 496
1769553082.670292377 473
1769553082.723269939 501
1769553082.770281792 516
1769553082.820200205 471
1769553082.870298386 525
1769553082.920661449 470
1769553082.970262527 476
1769553083.021101713 461
1769553083.070307016 469
1769553083.120155811 473
1769553083.170250654 470
1769553083.220183372 513
1769553083.270241022 470
1769553083.320103884 474
1769553083.370223522 469
1769553083.420139551 486
1769553083.470226288 477
1769553083.522711277 488
1769553083.570225239 523
1769553083.620136976 488
1769553083.670217991 481
1769553083.720055342 501
1769553083.770243883 515
1769553083.820151091 523
1769553083.870270014 518
1769553083.920099497 519
1769553083.970205069 510
1769553084.024070501 520
1769553084.070177078 508
1769553084.120085478 502
1769553084.170182705 484
1769553084.220028400 503
1769553084.270177603 482
1769553084.320091248 511
1769553084.370173931 502
1769553084.420008183 484
1769553084.470152140 521
1769553084.521619081 508
1769553084.570150375 505
1769553084.620057821 497
1769553084.670154572 506
1769553084.720005035 543
1769553084.770139217 503
1769553084.820035219 508
1769553084.870129824 501
1769553084.920022726 501
1769553084.970121384 510
1769553085.021873713 503
1769553085.070138216 483
1769553085.120056868 512
1769553085.170129061 433
1769553085.222179651 501
1769553085.270063877 504
1769553085.330204010 486
1769553085.370034695 496
1769553085.420074940 485
1769553085.469985485 519
1769553085.520083904 437
1769553085.570175409 511
1769553085.620055199 504
1769553085.669913530 444
1769553085.720066547 447
1769553085.769967318 482
1769553085.820084572 447
1769553085.869963169 451
1769553085.920037746 467
1769553085.969955444 493
1769553086.020056486 447
1769553086.069956303 447
1769553086.120028019 449
1769553086.169924498 476
1769553086.220043659 482
1769553086.269932985 488
1769553086.320017099 500
1769553086.369952202 468
1769553086.419975519 463
1769553086.469895840 473
1769553086.520044565 459
1769553086.569948912 471
1769553086.620032549 496
1769553086.671678543 502
1769553086.720018625 469
1769553086.769931316 490
1769553086.820050716 446
1769553086.871392727 462
1769553086.920037031 448
1769553086.969924688 480
1769553087.020008564 497
1769553087.071002483 531
1769553087.119933605 470
1769553087.170187712 489
1769553087.219837666 470
1769553087.269956350 492
1769553087.319995642 466
1769553087.369933128 446
1769553087.419931889 470
1769553087.469947577 454
1769553087.519952536 508
1769553087.569893599 460
1769553087.619938374 468
1769553087.669904232 456
1769553087.719941378 431
1769553087.769864559 450
1769553087.819953680 449
1769553087.869807243 476
1769553087.919954062 481
1769553087.969808340 436
1769553088.019944429 453
1769553088.069813251 407
1769553088.120025635 468
1769553088.170790434 449
1769553088.219954014 437
1769553088.270787954 471
1769553088.319904327 450
1769553088.369812012 467
1769553088.419918776 443
1769553088.469751596 464
1769553088.519901276 497
1769553088.570836782 496
1769553088.619874001 490
1769553088.669783115 478
1769553088.719935417 493
1769553088.769807816 480
1769553088.819894075 438
1769553088.870353460 460
1769553088.919891119 451
1769553088.973464727 493
1769553089.019851446 471
1769553089.069813013 470
1769553089.119877815 503
1769553089.169794798 502
1769553089.219947815 472
1769553089.271966934 490
1769553089.319986582 498
1769553089.369861364 488
1769553089.419877052 494
1769553089.469756365 476
1769553089.519896030 482
1769553089.569688320 455
1769553089.619910955 476
1769553089.669930696 450
1769553089.719870090 496
1769553089.770929337 489
1769553089.819857597 492
1769553089.869744778 516
1769553089.919833899 480
1769553089.969706774 495
1769553090.019852877 493
1769553090.069824696 481
1769553090.119852304 458
1769553090.169753551 432
1769553090.219816685 442
1769553090.269751310 466
1769553090.319791794 489
1769553090.369667768 446
1769553090.419816494 430
1769553090.473524570 469
1769553090.519794941 457
1769553090.569716454 448
1769553090.619808674 449
1769553090.670756102 497
1769553090.719762325 427
1769553090.769685268 456
1769553090.819795609 484
1769553090.869550943 460
1769553090.919604063 444
1769553090.969695091 472
1769553091.019798517 430
1769553091.069974899 489
1769553091.119772434 452
1769553091.171977043 489
1769553091.219758034 476
1769553091.269654512 490
1769553091.319898367 477
1769553091.371485710 474
1769553091.419718504 453
1769553091.469626188 465
1769553091.519784927 514
1769553091.569915533 467
1769553091.619743347 469
1769553091.669620752 488
1769553091.719741344 450
1769553091.773319244 485
1769553091.819679976 466
1769553091.869655371 463
1769553091.919609308 463
1769553091.969685316 481
1769553092.019618273 428
1769553092.069708586 485
1769553092.119596243 476
1769553092.169687510 480
1769553092.219575882 481
1769553092.269665956 493
1769553092.320053101 482
1769553092.369641304 470
1769553092.419567823 466
1769553092.469628334 470
1769553092.519451857 460
1769553092.569690943 468
1769553092.620617390 469
1769553092.669668198 472
1769553092.719563246 461
1769553092.769649506 462
1769553092.819515705 520
1769553092.869681358 488
1769553092.923235893 465
1769553092.969628334 501
1769553093.019647598 485
1769553093.069645166 473
1769553093.119419336 507
1769553093.169652462 464
1769553093.221783400 453
1769553093.269619703 452
1769553093.319558144 457
1769553093.369611502 478
1769553093.419457436 450
1769553093.469624996 454
1769553093.520336390 439
1769553093.569600344 463
1769553093.619398355 483
1769553093.669585228 474
1769553093.719490528 473
1769553093.769636154 480
1769553093.820646286 454
1769553093.869621515 474
1769553093.919463158 458
1769553093.969541788 462
1769553094.019564390 451
1769553094.069627762 453
1769553094.119451761 430
1769553094.169564486 427
1769553094.219666481 427
1769553094.269617081 484
1769553094.319632053 460
1769553094.369574308 460
1769553094.419425249 465
1769553094.469504356 478
1769553094.519390821 466
1769553094.569627047 478
1769553094.620842695 478
1769553094.669562101 516
1769553094.719409466 457
1769553094.769498587 495
1769553094.819402218 526
1769553094.869594812 480
1769553094.919878721 519
1769553094.969597101 499
1769553095.019342899 487
1769553095.069576740 524
1769553095.121367693 516
1769553095.169520378 499
1769553095.219394922 507
1769553095.269496918 510
1769553095.328449726 501
1769553095.369430780 494
1769553095.419492245 525
1769553095.469400644 469
1769553095.519487381 502
1769553095.570406437 512
1769553095.619511127 512
1769553095.669383526 502
1769553095.719487429 523
1769553095.770507812 495
1769553095.819474697 519
1769553095.870256424 490
1769553095.919430971 471
1769553095.969372988 515
1769553096.019454718 489
1769553096.072059631 526
1769553096.119450808 490
1769553096.169330597 526
1769553096.219447613 508
1769553096.269574404 494
1769553096.319447994 521
1769553096.369767189 519
1769553096.419427156 508
1769553096.469554901 509
1769553096.519434690 510
1769553096.571125031 518
1769553096.619426966 517
1769553096.669316530 513
1769553096.719460011 521
1769553096.769701719 526
1769553096.819430590 514
1769553096.869271517 510
1769553096.919422865 505
1769553096.970515013 532
1769553097.019440651 516
1769553097.069190025 526
1769553097.119287491 511
1769553097.184226036 521
1769553097.219274282 511
1769553097.269384146 497
1769553097.319267273 508
1769553097.369418383 498
1769553097.421194077 510
1769553097.469328642 503
1769553097.519241333 523
1769553097.569368601 516
1769553097.621005297 516
1769553097.669330359 513
1769553097.719185114 508
1769553097.769305706 511
1769553097.819154501 486
1769553097.869313002 514
1769553097.920776606 505
1769553097.969285011 508
1769553098.019187927 508
1769553098.069299459 507
1769553098.119845629 520
1769553098.169236898 516
1769553098.219325066 523
1769553098.269178391 514
1769553098.319281340 519
1769553098.371181011 511
1769553098.419257879 521
1769553098.469157457 506
1769553098.519256353 520
1769553098.573362827 504
1769553098.619241476 505
1769553098.669153690 509
1769553098.719243765 505
1769553098.769536495 510
1769553098.819247723 513
1769553098.875494719 511
1769553098.919213057 517
1769553098.969154119 500
1769553099.019247293 515
1769553099.071653605 510
1769553099.119195223 502
1769553099.196342945 506
1769553099.224397898 507
1769553099.269053698 515
1769553099.319247007 522
1769553099.369138002 541
1769553099.419219255 529
1769553099.483240604 510
1769553099.519100666 517
1769553099.569213390 495
1769553099.619056940 487
1769553099.669192553 511
1769553099.719058275 527
1769553099.769214392 504
1769553099.819102287 497
1769553099.869177341 529
1769553099.919090748 505
1769553099.969178915 502
1769553100.020743608 491
1769553100.069171906 508
1769553100.119072199 504
1769553100.169103861 511
1769553100.219101191 518
1769553100.269163847 502
1769553100.318995237 515
1769553100.369147301 507
1769553100.420167685 510
1769553100.469160080 522
1769553100.519050837 523
1769553100.569169521 509
1769553100.622879028 513
1769553100.669137001 506
1769553100.719049454 514
1769553100.769111872 510
1769553100.819029093 499
1769553100.869066715 528
1769553100.922378063 519
1769553100.969074726 525
1769553101.019010544 519
1769553101.069084167 524
1769553101.119000435 513
1769553101.168974400 531
1769553101.219031334 527
1769553101.269036531 534
1769553101.319061041 516
1769553101.369070053 517
1769553101.419049978 519
1769553101.469057798 525
1769553101.519083261 530
1769553101.569058418 527
1769553101.619077206 520
1769553101.669039011 540
1769553101.719063282 510
1769553101.769028902 517
1769553101.819099903 524
1769553101.868979931 523
1769553101.919047594 534
1769553101.968954563 530
1769553102.019056797 524
1769553102.069862127 519
1769553102.119061947 513
1769553102.172463417 525
1769553102.219016552 531
1769553102.268971682 520
1769553102.319005966 528
1769553102.368935823 514
1769553102.419051409 514
1769553102.468886614 525
1769553102.519019604 520
1769553102.568899870 534
1769553102.618995905 520
1769553102.668891430 543
1769553102.718935251 534
1769553102.768917084 540
1769553102.819008827 545
1769553102.868897200 536
1769553102.918981314 503
1769553102.968901873 515
1769553103.018992662 546
1769553103.070430994 550
1769553103.118964195 538
1769553103.169133425 534
1769553103.219034910 528
1769553103.268884659 542
1769553103.318882704 521
1769553103.368897200 540
1769553103.418990612 527
1769553103.471549273 534
1769553103.518952608 549
1769553103.568879128 545
1769553103.618951321 532
1769553103.668779373 528
1769553103.718936920 545
1769553103.768964529 545
1769553103.818926573 541
1769553103.868842125 537
1769553103.918867111 535
1769553103.969112158 546
1769553104.018811941 545
1769553104.068817377 538
1769553104.118849277 550
1769553104.168786526 553
1769553104.218815327 535
1769553104.268936634 544
1769553104.319883585 539
1769553104.368909836 535
1769553104.418792009 544
1769553104.468876600 547
1769553104.518809080 544
1769553104.568934202 541
1769553104.618801117 541
1769553104.668891191 529
1769553104.718780756 541
1769553104.768862963 537
1769553104.819748163 546
1769553104.868770838 533
1769553104.918677807 520
1769553104.968701839 546
1769553105.018822908 541
1769553105.068838596 536
1769553105.118874788 530
1769553105.168769598 543
1769553105.218839407 523
1769553105.268753052 553
1769553105.318896055 538
