1769553026.523773670 0
1769553026.573877096 0
1769553026.623833656 0
1769553026.673852682 0
1769553026.724169254 0
1769553026.773870945 0
1769553026.824172735 0
1769553026.873850584 0
1769553026.924375057 0
1769553026.973840714 0
1769553027.025285482 0
1769553027.073851347 0
1769553027.125791073 0
1769553027.173814297 0
1769553027.223731279 0
1769553027.273817778 0
1769553027.323920965 0
1769553027.373830557 0
1769553027.424039125 0
1769553027.473788023 0
1769553027.523711443 0
1769553027.573827744 0
1769553027.624086380 0
1769553027.673785448 0
1769553027.723706484 0
1769553027.773663282 0
1769553027.823688030 0
1769553027.873554707 0
1769553027.923551083 0
1769553027.973685980 0
1769553028.023801565 0
1769553028.085859537 0
1769553028.123678207 0
1769553028.173755884 0
1769553028.223656178 0
1769553028.273757696 0
1769553028.323751926 0
1769553028.373765230 0
1769553028.423636436 0
1769553028.473806620 0
1769553028.524170637 0
1769553028.575154066 0
1769553028.626265764 0
1769553028.673682451 0
1769553028.723603249 0
1769553028.773728609 0
1769553028.823563337 0
1769553028.873703718 0
1769553028.923914194 0
1769553028.973722935 0
1769553029.023574114 0
1769553029.073688745 0
1769553029.125062704 0
1769553029.173694134 0
1769553029.223582983 0
1769553029.273754120 0
1769553029.332852840 0
1769553029.373678923 0
1769553029.423664093 0
1769553029.473602057 0
1769553029.523651361 0
1769553029.573580265 0
1769553029.623650551 0
1769553029.675266504 0
1769553029.723629236 0
1769553029.773481846 0
1769553029.823696852 0
1769553029.873568773 0
1769553029.923641682 0
1769553029.974550486 0
1769553030.023625374 0
1769553030.073518038 0
1769553030.123650551 0
1769553030.173636198 0
1769553030.244052887 0
1769553030.273517132 0
1769553030.331764221 0
1769553030.373534918 0
1769553030.423591375 0
1769553030.473547459 0
1769553030.523649693 0
1769553030.573861837 0
1769553030.623635054 0
1769553030.673578024 0
1769553030.723638296 0
1769553030.774570942 0
1769553030.823632956 0
1769553030.873490334 0
1769553030.923589468 0
1769553030.973453522 0
1769553031.023548365 0
1769553031.073533297 0
1769553031.123625040 0
1769553031.175270081 0
1769553031.223615646 0
1769553031.273360491 0
1769553031.323564529 0
1769553031.410982847 0
1769553031.439821482 0
1769553031.473460674 0
1769553031.523561954 0
1769553031.599529028 0
1769553031.628368855 0
1769553031.673497200 0
1769553031.723502874 0
1769553031.773632288 0
1769553031.823510885 0
1769553031.873489141 0
1769553031.923497438 0
1769553031.973454952 0
1769553032.023496389 0
1769553032.073364019 0
1769553032.123494864 0
1769553032.207274437 0
1769553032.237404585 0
1769553032.273423195 0
1769553032.323508501 0
1769553032.373661041 0
1769553032.423516989 0
1769553032.473322153 0
1769553032.523492575 0
1769553032.573972225 0
1769553032.623487473 0
1769553032.673378468 0
1769553032.723256588 0
1769553032.773470163 0
1769553032.823381186 0
1769553032.873461485 0
1769553032.924684286 0
1769553032.973443508 0
1769553033.023370266 0
1769553033.073482037 0
1769553033.128749132 0
1769553033.173436403 0
1769553033.223407507 0
1769553033.273462772 0
1769553033.323325157 0
1769553033.373431921 0
1769553033.424530983 0
1769553033.473433256 0
1769553033.523299694 0
1769553033.573441029 0
1769553033.623355865 0
1769553033.673433065 0
1769553033.723464489 0
1769553033.773424625 0
1769553033.827200651 0
1769553033.873399734 0
1769553033.923314095 0
1769553033.973387241 0
1769553034.023270607 0
1769553034.073439598 0
1769553034.125369072 0
1769553034.173288345 0
1769553034.254166603 0
1769553034.283303022 0
1769553034.323285103 0
1769553034.373368502 0
1769553034.423266649 0
1769553034.473390818 0
1769553034.525668144 0
1769553034.573313951 0
1769553034.623235703 0
1769553034.673331022 0
1769553034.724549294 0
1769553034.773377419 0
1769553034.823252916 0
1769553034.873319387 0
1769553034.923175573 0
1769553034.973310232 0
1769553035.024530888 0
1769553035.073318720 0
1769553035.123144865 0
1769553035.173331261 0
1769553035.223211050 0
1769553035.273293972 0
1769553035.324801445 0
1769553035.373294115 0
1769553035.423257828 0
1769553035.473165035 0
1769553035.523127317 0
1769553035.573274136 0
1769553035.623221159 0
1769553035.673180819 0
1769553035.731807709 0
1769553035.773104668 0
1769553035.823248148 0
1769553035.873258591 0
1769553035.923184872 0
1769553035.973267317 0
1769553036.023200989 0
1769553036.073229551 0
1769553036.123173237 0
1769553036.173248768 0
1769553036.223153591 0
1769553036.273241520 0
1769553036.323341846 0
1769553036.373206377 0
1769553036.423131466 0
1769553036.473225117 0
1769553036.523689270 0
1769553036.573213100 0
1769553036.623106718 0
1769553036.673256159 0
1769553036.723122597 0
1769553036.773216724 0
1769553036.824215412 0
1769553036.873200655 0
1769553036.926032305 0
1769553036.973186255 0
1769553037.023115158 0
1769553037.108531475 0
1769553037.145297289 0
1769553037.173111200 0
1769553037.223189592 0
1769553037.273117781 0
1769553037.323220968 0
1769553037.376955748 0
1769553037.423190355 0
1769553037.473151207 0
1769553037.523226261 0
1769553037.576951027 0
1769553037.623204470 0
1769553037.673139572 0
1769553037.723201990 0
1769553037.773403645 0
1769553037.823217630 0
1769553037.873335123 0
1769553037.923206329 0
1769553037.975787878 0
1769553038.023184538 0
1769553038.073112011 0
1769553038.123228073 0
1769553038.178524971 0
1769553038.223192215 0
1769553038.273131371 0
1769553038.323155165 0
1769553038.373077154 0
1769553038.423142910 0
1769553038.473065138 0
1769553038.523150682 0
1769553038.573601007 0
1769553038.623155117 0
1769553038.673317909 0
1769553038.723181486 0
1769553038.773037672 0
1769553038.823141575 0
1769553038.873052359 0
1769553038.923133135 0
1769553038.973072052 0
1769553039.023073673 0
1769553039.073014975 0
1769553039.122983217 0
1769553039.172930956 0
1769553039.223024368 0
1769553039.273919344 0
1769553039.323015451 0
1769553039.372856140 0
1769553039.423011780 0
1769553039.472902775 0
1769553039.522997856 0
1769553039.572851658 0
1769553039.622991562 0
1769553039.672914982 0
1769553039.722918749 0
1769553039.772882700 0
1769553039.822991610 0
1769553039.875752211 0
1769553039.922959089 0
1769553039.972886086 0
1769553040.023003578 0
1769553040.072876215 0
1769553040.122905493 0
1769553040.172861338 0
1769553040.222954512 0
1769553040.272866488 0
1769553040.322889328 0
1769553040.372853994 0
1769553040.422939301 0
1769553040.472852230 0
1769553040.522845745 0
1769553040.572900295 0
1769553040.622791529 0
1769553040.672860622 0
1769553040.722864628 0
1769553040.773013830 0
1769553040.822762966 0
1769553040.873312235 0
1769553040.926246166 0
1769553040.972865105 0
1769553041.024050951 0
1769553041.072916031 0
1769553041.122856379 0
1769553041.172921419 0
1769553041.222826719 0
1769553041.272925615 0
1769553041.322788000 0
1769553041.372919798 0
1769553041.423264265 0
1769553041.472900867 0
1769553041.522813082 0
1769553041.572906017 0
1769553041.622794867 0
1769553041.672896624 0
1769553041.722793579 0
1769553041.772906542 0
1769553041.823508978 0
1769553041.872873783 0
1769553041.922761202 0
1769553041.972888231 315
1769553042.022770405 279
1769553042.072883368 279
1769553042.122955799 306
1769553042.172871113 310
1769553042.222769260 303
1769553042.272871256 297
1769553042.322727203 296
1769553042.372839212 290
1769553042.422703981 292
1769553042.472837448 324
1769553042.522744894 307
1769553042.572865963 297
1769553042.622992039 299
1769553042.672837973 305
1769553042.722697020 292
1769553042.772826910 312
1769553042.825842142 302
1769553042.872797012 302
1769553042.922750711 318
1769553042.972816229 285
1769553043.024070978 300
1769553043.072790384 284
1769553043.122676849 300
1769553043.172813416 317
1769553043.222740412 309
1769553043.272788286 280
1769553043.322699547 332
1769553043.372784138 300
1769553043.422691584 303
1769553043.472783327 322
1769553043.523662567 295
1769553043.572775841 326
1769553043.623887539 276
1769553043.672759533 319
1769553043.722671032 327
1769553043.772760391 302
1769553043.823043346 320
1769553043.872737169 303
1769553043.922654629 319
1769553043.972742319 311
1769553044.022647142 315
1769553044.072740555 309
1769553044.122725725 319
1769553044.172746420 334
1769553044.223819733 344
1769553044.272726059 317
1769553044.325528383 315
1769553044.372684240 304
1769553044.422648907 308
1769553044.472722530 320
1769553044.522647858 324
1769553044.572719097 297
1769553044.622617960 298
1769553044.672711372 286
1769553044.722620487 329
1769553044.772800684 328
1769553044.822747707 297
1769553044.872702360 316
1769553044.922578573 307
1769553044.972691536 290
1769553045.022808790 293
1769553045.072603941 287
1769553045.122637987 317
1769553045.172609806 284
1769553045.222655058 293
1769553045.272590876 294
1769553045.322679520 294
1769553045.373061657 310
1769553045.422665119 297
1769553045.472526550 306
1769553045.522673368 318
1769553045.572729349 319
1769553045.622670889 286
1769553045.672502279 309
1769553045.722643614 288
1769553045.773946285 311
1769553045.822551727 324
1769553045.872670412 316
1769553045.922800541 313
1769553045.972658873 285
1769553046.022612572 326
1769553046.072661877 309
1769553046.122629642 317
1769553046.172644615 326
1769553046.222527981 319
1769553046.272619963 309
1769553046.323540688 327
1769553046.372602940 337
1769553046.422518015 333
1769553046.472639322 331
1769553046.522389412 298
1769553046.572571278 300
1769553046.622588158 321
1769553046.672601461 332
1769553046.722501993 303
1769553046.772620440 330
1769553046.822503090 357
1769553046.872597456 293
1769553046.922409296 307
1769553046.972565174 324
1769553047.022446632 314
1769553047.072594881 309
1769553047.123098612 308
1769553047.172563553 317
1769553047.222426891 305
1769553047.272596121 309
1769553047.324167967 285
1769553047.372738838 277
1769553047.422436953 300
1769553047.472543955 310
1769553047.524492979 298
1769553047.572549105 319
1769553047.623461008 314
1769553047.672497988 339
1769553047.722451448 314
1769553047.772496223 308
1769553047.822437525 302
1769553047.872512579 290
1769553047.922441721 310
1769553047.972448587 302
1769553048.022507668 320
1769553048.072435141 318
1769553048.122491598 303
1769553048.172405958 301
1769553048.222470760 325
1769553048.272391319 300
1769553048.322484016 290
1769553048.376314163 298
1769553048.422468424 304
1769553048.472360849 311
1769553048.522490740 307
1769553048.573126554 310
1769553048.622476339 310
1769553048.672370195 322
1769553048.722471476 296
1769553048.772327900 294
1769553048.822476625 303
1769553048.873130798 311
1769553048.922464371 299
1769553048.972321033 303
1769553049.022470713 320
1769553049.072496653 326
1769553049.122463226 313
1769553049.173176050 295
1769553049.222415447 299
1769553049.272241354 320
1769553049.322398663 294
1769553049.372327566 306
1769553049.422404289 296
1769553049.472282171 300
1769553049.522470236 312
1769553049.573235512 317
1769553049.622397900 337
1769553049.672273636 318
1769553049.722443581 292
1769553049.772288322 301
1769553049.822435617 321
1769553049.874473333 296
1769553049.922417641 301
1769553049.972288609 294
1769553050.022375584 292
1769553050.072264671 293
1769553050.122395754 287
1769553050.173126698 307
1769553050.222398520 333
1769553050.273302555 307
1769553050.322321892 265
1769553050.372407436 295
1769553050.422297239 290
1769553050.472220182 312
1769553050.522223711 282
1769553050.582572460 292
1769553050.622229099 287
1769553050.672308445 281
1769553050.724013329 293
1769553050.772323132 277
1769553050.822210312 287
1769553050.872319698 264
1769553050.923183203 280
1769553050.972312927 328
1769553051.024672747 312
1769553051.072314024 303
1769553051.122304440 320
1769553051.172323942 333
1769553051.222234726 314
1769553051.272291422 318
1769553051.322169065 312
1769553051.372253895 293
1769553051.422433138 291
1769553051.472282171 322
1769553051.525524378 329
1769553051.572263002 310
1769553051.622355223 318
1769553051.672244549 292
1769553051.722848654 299
1769553051.772239685 329
1769553051.822096109 279
1769553051.872265100 307
1769553051.925620794 314
1769553051.972221851 291
1769553052.022134066 284
1769553052.072237015 281
1769553052.123242378 319
1769553052.172211885 284
1769553052.224234819 331
1769553052.272202015 325
1769553052.322126627 320
1769553052.372202635 313
1769553052.423360586 328
1769553052.472203970 286
1769553052.522109509 321
1769553052.572192907 300
1769553052.623678207 289
1769553052.672176600 321
1769553052.722098112 311
1769553052.772179604 286
1769553052.822833300 278
1769553052.872171879 305
1769553052.922099829 306
1769553052.972110987 313
1769553053.022095442 279
1769553053.072149754 288
1769553053.122279406 309
1769553053.172152519 290
1769553053.223453760 277
1769553053.272147655 305
1769553053.322081089 304
1769553053.372172356 288
1769553053.422211647 344
1769553053.472149849 321
1769553053.522985220 287
1769553053.572125435 292
1769553053.622091532 278
1769553053.672119141 307
1769553053.722656012 327
1769553053.772097111 322
1769553053.822824717 292
1769553053.872117758 307
1769553053.922036886 292
1769553053.972121954 276
1769553054.022017241 245
1769553054.072150707 296
1769553054.121997595 290
1769553054.172097206 246
1769553054.221992493 261
1769553054.272095203 299
1769553054.325359821 273
1769553054.372098923 299
1769553054.421994925 307
1769553054.472064734 301
1769553054.556670666 301
1769553054.584923983 302
1769553054.621982098 259
1769553054.672050714 295
1769553054.723180056 280
1769553054.771942377 277
1769553054.821989298 327
1769553054.872105837 282
1769553054.921931028 288
1769553054.972030640 307
1769553055.021963120 283
1769553055.072085857 286
1769553055.122884274 280
1769553055.172036171 261
1769553055.221899271 287
1769553055.272046804 273
1769553055.322809696 307
1769553055.372019053 291
1769553055.421921015 291
1769553055.472020149 293
1769553055.521924496 301
1769553055.571982384 295
1769553055.621777773 309
1769553055.672009468 284
1769553055.721918821 267
1769553055.771937609 314
1769553055.821952343 279
1769553055.872940540 289
1769553055.921999693 269
1769553055.971875906 292
1769553056.021980524 283
1769553056.072458029 287
1769553056.121994495 287
1769553056.173287153 287
1769553056.221988440 265
1769553056.272992849 329
1769553056.321944714 307
1769553056.371879101 295
1769553056.421943188 299
1769553056.471870184 297
1769553056.521857500 288
1769553056.571914911 289
1769553056.621921301 277
1769553056.671938419 286
1769553056.721928596 321
1769553056.771957159 313
1769553056.821847916 290
1769553056.871902227 285
1769553056.921844959 299
1769553056.971942425 282
1769553057.023610830 304
1769553057.071919203 291
1769553057.121818781 306
1769553057.171914816 291
1769553057.226537466 297
1769553057.271910667 309
1769553057.321824074 322
1769553057.371891022 319
1769553057.421827316 312
1769553057.471728325 275
1769553057.538446903 283
1769553057.571786165 281
1769553057.621893406 299
1769553057.675176144 291
1769553057.721885920 286
1769553057.771807194 277
1769553057.821889639 280
1769553057.871781349 270
1769553057.921936274 308
1769553057.971787453 294
1769553058.021868944 293
1769553058.071784973 275
1769553058.121875525 270
1769553058.172300577 268
1769553058.221846104 280
1769553058.271695614 265
1769553058.321853161 280
1769553058.371763468 260
1769553058.421868801 255
1769553058.471737385 276
1769553058.521873951 281
1769553058.571713448 290
1769553058.621819735 282
1769553058.672070026 283
1769553058.721771002 272
1769553058.771848679 270
1769553058.821724415 295
1769553058.871774197 267
1769553058.924440384 297
1769553058.971780300 288
1769553059.021726370 283
1769553059.071786642 281
1769553059.123200417 290
1769553059.171806574 278
1769553059.221672773 302
1769553059.271762133 274
1769553059.322523355 294
1769553059.371753931 262
1769553059.421647072 272
1769553059.471763849 253
1769553059.521840334 243
1769553059.571712255 253
1769553059.621747494 262
1769553059.671659708 282
1769553059.721726656 249
1769553059.771642447 249
1769553059.821727037 268
1769553059.872548342 308
1769553059.921716928 301
1769553059.971624374 283
1769553060.021707535 250
1769553060.071637154 275
1769553060.121709347 264
1769553060.171796083 284
1769553060.221696615 269
1769553060.272142887 249
1769553060.321688175 281
1769553060.371549368 282
1769553060.421688557 297
1769553060.471489906 275
1769553060.521689415 283
1769553060.582671165 276
1769553060.621609688 261
1769553060.671676874 262
1769553060.721600771 274
1769553060.771668911 252
1769553060.823002100 273
1769553060.871600151 284
1769553060.921650171 281
1769553060.971599102 283
1769553061.021640778 302
1769553061.071567774 279
1769553061.121684790 266
1769553061.172641754 285
1769553061.221657038 273
1769553061.271602869 269
1769553061.321640253 253
1769553061.371597528 275
1769553061.421622276 307
1769553061.471542835 247
1769553061.521648169 297
1769553061.572615862 281
1769553061.621598244 261
1769553061.671404600 285
1769553061.721620083 285
1769553061.774365425 248
1769553061.821600676 302
1769553061.871521950 316
1769553061.921791077 310
1769553061.971712589 311
1769553062.021577835 312
1769553062.071478367 301
1769553062.121495724 320
1769553062.173432112 299
1769553062.221468449 291
1769553062.271483660 305
1769553062.321469784 311
1769553062.371462345 299
1769553062.421570063 290
1769553062.471448421 293
1769553062.521490335 291
1769553062.572065353 325
1769553062.621560097 304
1769553062.671431065 286
1769553062.721544027 307
1769553062.771422625 304
1769553062.821519613 308
1769553062.871423483 282
1769553062.921470881 279
1769553062.973907232 317
1769553063.021517754 299
1769553063.071430922 270
1769553063.121516228 288
1769553063.172040701 293
1769553063.221518040 286
1769553063.271421194 290
1769553063.321486235 277
1769553063.371413469 305
1769553063.421577692 309
1769553063.472054482 313
1769553063.521490574 306
1769553063.571407557 308
1769553063.621498346 295
1769553063.671500444 303
1769553063.721474648 278
1769553063.771625757 301
1769553063.821486235 283
1769553063.874281406 328
1769553063.921514750 290
1769553063.971397877 289
1769553064.021519423 292
1769553064.071367502 342
1769553064.121510744 312
1769553064.171381235 317
1769553064.221539497 303
1769553064.273235559 334
1769553064.321475029 295
1769553064.371361017 337
1769553064.421476603 308
1769553064.471426487 322
1769553064.521502972 285
1769553064.576239347 286
1769553064.621439695 282
1769553064.671369076 290
1769553064.721461058 265
1769553064.771361589 314
1769553064.821462154 293
1769553064.871755600 311
1769553064.921442509 301
1769553064.971312284 288
1769553065.021333218 322
1769553065.071301937 303
1769553065.121459484 301
1769553065.171249390 294
1769553065.221467018 305
1769553065.271859646 278
1769553065.321412086 287
1769553065.371370792 298
1769553065.421426535 317
1769553065.471301556 275
1769553065.521427870 270
1769553065.571283102 279
1769553065.621410131 300
1769553065.671338081 323
1769553065.721327305 330
1769553065.771332979 304
1769553065.821360826 308
1769553065.871306896 287
1769553065.921386957 292
1769553065.971282721 305
1769553066.021373987 286
1769553066.071263075 307
1769553066.121387482 294
1769553066.171261549 295
1769553066.221341848 309
1769553066.271233082 290
1769553066.321376085 285
1769553066.373215437 305
1769553066.421369791 291
1769553066.471228361 293
1769553066.521300077 312
1769553066.571251392 298
1769553066.621308565 277
1769553066.671213627 308
1769553066.721266031 296
1769553066.771182299 327
1769553066.821385145 304
1769553066.872406721 294
1769553066.921288967 295
1769553066.971188545 296
1769553067.021287203 305
1769553067.072703600 310
1769553067.121255159 333
1769553067.171190739 304
1769553067.221294165 322
1769553067.271758795 336
1769553067.321233511 333
1769553067.371193647 333
1769553067.421184778 323
1769553067.471217394 330
1769553067.521226168 308
1769553067.571199417 302
1769553067.621251822 308
1769553067.671207428 327
1769553067.721232414 297
1769553067.771183252 327
1769553067.821225405 301
1769553067.871168375 329
1769553067.921264172 295
1769553067.971155405 291
1769553068.021236658 287
1769553068.074661016 282
1769553068.121229172 295
1769553068.171142817 306
1769553068.221214056 265
1769553068.271111727 309
1769553068.321232080 278
1769553068.371736050 302
1769553068.421203852 262
1769553068.471104860 294
1769553068.521205902 321
1769553068.571377754 293
1769553068.621198654 275
1769553068.670956850 308
1769553068.721173525 262
1769553068.771091700 312
1769553068.821204901 310
1769553068.871239662 313
1769553068.921183586 302
1769553068.971626520 297
1769553069.021098614 309
1769553069.071118355 313
1769553069.121145248 299
1769553069.171115160 288
1769553069.221158504 312
1769553069.270984888 335
1769553069.321143627 294
1769553069.371053457 311
1769553069.421101809 308
1769553069.470941544 317
1769553069.521110535 340
1769553069.570944548 311
1769553069.621103287 334
1769553069.671706676 301
1769553069.721070051 324
1769553069.770984411 329
1769553069.821146965 312
1769553069.871419430 336
1769553069.921101093 311
1769553069.970973730 307
1769553070.021099806 308
1769553070.089836359 326
1769553070.122288227 324
1769553070.171062469 363
1769553070.221017838 350
1769553070.271078825 327
1769553070.320956230 344
1769553070.371066093 337
1769553070.444120407 325
1769553070.474765062 339
1769553070.520863056 319
1769553070.570893526 339
1769553070.620890141 334
1769553070.670882702 339
1769553070.720828056 324
1769553070.771088600 325
1769553070.859067917 344
1769553070.886755943 335
1769553070.920917511 322
1769553070.970850468 310
1769553071.029175997 308
1769553071.070817709 337
1769553071.121029615 291
1769553071.170879126 303
1769553071.221024990 329
1769553071.271193266 312
1769553071.321063519 316
1769553071.370927334 317
1769553071.421004295 321
1769553071.470841885 332
1769553071.520996809 359
1769553071.570871830 323
1769553071.621043682 349
1769553071.672203779 327
1769553071.720982075 333
1769553071.772984266 332
1769553071.820965052 319
1769553071.870893717 327
1769553071.920933008 285
1769553071.970808744 322
1769553072.020917416 332
1769553072.070838928 316
1769553072.120913744 311
1769553072.170770884 298
1769553072.220863342 338
1769553072.270824432 315
1769553072.320890665 358
1769553072.370798588 355
1769553072.420922518 315
1769553072.470840693 301
1769553072.520817995 288
1769553072.570883036 320
1769553072.620894670 339
1769553072.670832634 318
1769553072.720882177 319
1769553072.770811081 326
1769553072.820919752 322
1769553072.871388912 317
1769553072.920802832 298
1769553072.970778465 323
1769553073.020896912 325
1769553073.070714951 304
1769553073.120873928 290
1769553073.170713663 296
1769553073.220860481 277
1769553073.270685434 349
1769553073.320859671 312
1769553073.371129274 316
1769553073.420830488 334
1769553073.470738649 321
1769553073.520853281 326
1769553073.571753740 320
1769553073.620850325 322
1769553073.670734406 289
1769553073.720855236 302
1769553073.770665884 338
1769553073.820827723 372
1769553073.870779753 327
1769553073.920707703 314
1769553073.970766783 321
1769553074.020766735 327
1769553074.070697069 308
1769553074.120796919 328
1769553074.170717478 344
1769553074.220765591 354
1769553074.270603180 324
1769553074.320793629 328
1769553074.371555805 322
1769553074.420754433 319
1769553074.470648527 297
1769553074.520764112 329
1769553074.570619822 285
1769553074.620740414 330
1769553074.670632601 341
1769553074.720720291 318
1769553074.770666599 313
1769553074.820756674 307
1769553074.870600700 314
1769553074.920734167 292
1769553074.973509789 301
1769553075.020748377 280
1769553075.070612907 301
1769553075.120721340 294
1769553075.170547724 293
1769553075.238698244 292
1769553075.271395445 323
1769553075.332161903 323
1769553075.380980730 323
1769553075.420711994 310
1769553075.470726728 330
1769553075.520662069 320
1769553075.570787907 298
1769553075.620624542 344
1769553075.670734882 301
1769553075.720879793 327
1769553075.770750046 343
1769553075.820655107 318
1769553075.870730400 318
1769553075.920630217 280
1769553075.970729113 328
1769553076.020579100 303
1769553076.070706367 312
1769553076.120488882 326
1769553076.170685768 319
1769553076.221313000 296
1769553076.270734787 316
1769553076.320638895 338
1769553076.370647669 337
1769553076.420603991 333
1769553076.470661640 296
1769553076.520590305 323
1769553076.570676804 321
1769553076.620606899 324
1769553076.670697689 316
1769553076.720561743 326
1769553076.770653725 346
1769553076.821841955 306
1769553076.870646954 313
1769553076.920555830 272
1769553076.970636606 313
1769553077.023498058 286
1769553077.070622683 299
1769553077.120573997 335
1769553077.170655012 315
1769553077.220927477 332
1769553077.270458698 322
1769553077.320618391 315
1769553077.370575190 317
1769553077.420610905 333
1769553077.470515013 343
1769553077.520606279 318
1769553077.572664738 302
1769553077.620463848 284
1769553077.701371193 341
1769553077.734411478 347
1769553077.770509243 299
1769553077.820583582 332
1769553077.871599913 318
1769553077.920508385 343
1769553077.970573664 321
1769553078.020511150 326
1769553078.070671558 344
1769553078.122288942 304
1769553078.170604467 312
1769553078.221624851 324
1769553078.270563126 317
1769553078.328878641 296
1769553078.409305573 310
1769553078.436450481 287
1769553078.470454454 336
1769553078.520568132 299
1769553078.576716661 342
1769553078.620496273 343
1769553078.670542955 303
1769553078.720563889 335
1769553078.770479202 338
1769553078.820571184 365
1769553078.870419025 350
1769553078.920511007 340
1769553078.970418930 296
1769553079.020518303 317
1769553079.071119785 316
1769553079.120485783 328
1769553079.170360804 346
1769553079.220597506 325
1769553079.273245096 329
1769553079.320495844 300
1769553079.370403767 320
1769553079.420510530 299
1769553079.470506668 331
1769553079.520499229 306
1769553079.570465803 310
1769553079.620469332 318
1769553079.672027111 293
1769553079.720475674 323
1769553079.772876501 333
1769553079.820470810 333
1769553079.870376587 320
1769553079.920452595 310
1769553079.970332623 322
1769553080.020469427 313
1769553080.070378780 318
1769553080.120457888 329
1769553080.170243502 315
1769553080.220462322 328
1769553080.270306110 305
1769553080.320449114 353
1769553080.370657682 314
1769553080.420477629 303
1769553080.473153591 331
1769553080.520432711 302
1769553080.570315599 295
1769553080.620581627 348
1769553080.671630144 349
1769553080.720435381 340
1769553080.770317554 338
1769553080.820393801 330
1769553080.870304823 324
1769553080.920421362 323
1769553080.970270395 341
1769553081.020412683 281
1769553081.070264816 330
1769553081.120397329 333
1769553081.170989275 335
1769553081.220403910 305
1769553081.270275593 301
1769553081.320394516 328
1769553081.370177269 324
1769553081.420412779 318
1769553081.470282078 275
1769553081.520414829 307
1769553081.571329117 325
1769553081.620377541 326
1769553081.670230865 320
1769553081.720400810 297
1769553081.770265341 323
1769553081.820388794 334
1769553081.871113300 345
1769553081.920331717 325
1769553081.970250845 354
1769553082.020340919 359
1769553082.084043741 309
1769553082.120262384 313
1769553082.170337439 343
1769553082.220822811 307
1769553082.270311356 289
1769553082.320234776 306
1769553082.370305538 318
1769553082.420222044 282
1769553082.470305681 345
1769553082.520181656 329
1769553082.570325613 320
1769553082.620207071 356
1769553082.670292377 308
1769553082.723269939 308
1769553082.770281792 345
1769553082.820200205 335
1769553082.870298386 312
1769553082.920661449 308
1769553082.970262527 306
1769553083.021101713 333
1769553083.070307016 324
1769553083.120155811 339
1769553083.170250654 300
1769553083.220183372 320
1769553083.270241022 328
1769553083.320103884 303
1769553083.370223522 333
1769553083.420139551 347
1769553083.470226288 332
1769553083.522711277 306
1769553083.570225239 313
1769553083.620136976 328
1769553083.670217991 334
1769553083.720055342 295
1769553083.770243883 357
1769553083.820151091 333
1769553083.870270014 353
1769553083.920099497 348
1769553083.970205069 316
1769553084.024070501 308
1769553084.070177078 307
1769553084.120085478 325
1769553084.170182705 322
1769553084.220028400 317
1769553084.270177603 297
1769553084.320091248 337
1769553084.370173931 324
1769553084.420008183 325
1769553084.470152140 328
1769553084.521619081 320
1769553084.570150375 310
1769553084.620057821 290
1769553084.670154572 307
1769553084.720005035 349
1769553084.770139217 328
1769553084.820035219 340
1769553084.870129824 354
1769553084.920022726 322
1769553084.970121384 340
1769553085.021873713 344
1769553085.070138216 334
1769553085.120056868 347
1769553085.170129061 326
1769553085.222179651 350
1769553085.270063877 331
1769553085.330204010 322
1769553085.370034695 346
1769553085.420074940 369
1769553085.469985485 348
1769553085.520083904 302
1769553085.570175409 348
1769553085.620055199 360
1769553085.669913530 316
1769553085.720066547 312
1769553085.769967318 298
1769553085.820084572 324
1769553085.869963169 302
1769553085.920037746 336
1769553085.969955444 317
1769553086.020056486 305
1769553086.069956303 328
1769553086.120028019 300
1769553086.169924498 310
1769553086.220043659 328
1769553086.269932985 319
1769553086.320017099 367
1769553086.369952202 310
1769553086.419975519 313
1769553086.469895840 316
1769553086.520044565 304
1769553086.569948912 322
1769553086.620032549 346
1769553086.671678543 334
1769553086.720018625 294
1769553086.769931316 290
1769553086.820050716 295
1769553086.871392727 302
1769553086.920037031 306
1769553086.969924688 325
1769553087.020008564 347
1769553087.071002483 308
1769553087.119933605 322
1769553087.170187712 301
1769553087.219837666 299
1769553087.269956350 310
1769553087.319995642 312
1769553087.369933128 331
1769553087.419931889 322
1769553087.469947577 302
1769553087.519952536 298
1769553087.569893599 315
1769553087.619938374 341
1769553087.669904232 322
1769553087.719941378 312
1769553087.769864559 292
1769553087.819953680 325
1769553087.869807243 293
1769553087.919954062 318
1769553087.969808340 294
1769553088.019944429 321
1769553088.069813251 281
1769553088.120025635 299
1769553088.170790434 312
1769553088.219954014 290
1769553088.270787954 301
1769553088.319904327 288
1769553088.369812012 293
1769553088.419918776 326
1769553088.469751596 325
1769553088.519901276 338
1769553088.570836782 340
1769553088.619874001 330
1769553088.669783115 306
1769553088.719935417 321
1769553088.769807816 318
1769553088.819894075 285
1769553088.870353460 302
1769553088.919891119 313
1769553088.973464727 305
1769553089.019851446 322
1769553089.069813013 328
1769553089.119877815 329
1769553089.169794798 310
1769553089.219947815 344
1769553089.271966934 326
1769553089.319986582 329
1769553089.369861364 323
1769553089.419877052 310
1769553089.469756365 296
1769553089.519896030 314
1769553089.569688320 293
1769553089.619910955 334
1769553089.669930696 294
1769553089.719870090 329
1769553089.770929337 335
1769553089.819857597 306
1769553089.869744778 351
1769553089.919833899 336
1769553089.969706774 287
1769553090.019852877 315
1769553090.069824696 333
1769553090.119852304 323
1769553090.169753551 298
1769553090.219816685 310
1769553090.269751310 333
1769553090.319791794 294
1769553090.369667768 283
1769553090.419816494 299
1769553090.473524570 336
1769553090.519794941 276
1769553090.569716454 301
1769553090.619808674 304
1769553090.670756102 287
1769553090.719762325 305
1769553090.769685268 294
1769553090.819795609 279
1769553090.869550943 286
1769553090.919604063 281
1769553090.969695091 302
1769553091.019798517 278
1769553091.069974899 292
1769553091.119772434 309
1769553091.171977043 305
1769553091.219758034 302
1769553091.269654512 340
1769553091.319898367 323
1769553091.371485710 338
1769553091.419718504 324
1769553091.469626188 315
1769553091.519784927 334
1769553091.569915533 310
1769553091.619743347 310
1769553091.669620752 322
1769553091.719741344 310
1769553091.773319244 310
1769553091.819679976 339
1769553091.869655371 322
1769553091.919609308 306
1769553091.969685316 301
1769553092.019618273 314
1769553092.069708586 336
1769553092.119596243 310
1769553092.169687510 338
1769553092.219575882 320
1769553092.269665956 338
1769553092.320053101 345
1769553092.369641304 319
1769553092.419567823 346
1769553092.469628334 324
1769553092.519451857 325
1769553092.569690943 304
1769553092.620617390 327
1769553092.669668198 332
1769553092.719563246 316
1769553092.769649506 305
1769553092.819515705 356
1769553092.869681358 360
1769553092.923235893 301
1769553092.969628334 344
1769553093.019647598 321
1769553093.069645166 315
1769553093.119419336 333
1769553093.169652462 355
1769553093.221783400 322
1769553093.269619703 319
1769553093.319558144 319
1769553093.369611502 309
1769553093.419457436 321
1769553093.469624996 302
1769553093.520336390 306
1769553093.569600344 317
1769553093.619398355 315
1769553093.669585228 330
1769553093.719490528 316
1769553093.769636154 318
1769553093.820646286 329
1769553093.869621515 307
1769553093.919463158 304
1769553093.969541788 328
1769553094.019564390 316
1769553094.069627762 319
1769553094.119451761 280
1769553094.169564486 322
1769553094.219666481 312
1769553094.269617081 317
1769553094.319632053 329
1769553094.369574308 321
1769553094.419425249 306
1769553094.469504356 333
1769553094.519390821 315
1769553094.569627047 352
1769553094.620842695 324
1769553094.669562101 358
1769553094.719409466 336
1769553094.769498587 362
1769553094.819402218 346
1769553094.869594812 336
1769553094.919878721 333
1769553094.969597101 350
1769553095.019342899 324
1769553095.069576740 331
1769553095.121367693 356
1769553095.169520378 310
1769553095.219394922 304
1769553095.269496918 322
1769553095.328449726 321
1769553095.369430780 358
1769553095.419492245 331
1769553095.469400644 302
1769553095.519487381 342
1769553095.570406437 354
1769553095.619511127 328
1769553095.669383526 323
1769553095.719487429 306
1769553095.770507812 338
1769553095.819474697 338
1769553095.870256424 314
1769553095.919430971 307
1769553095.969372988 345
1769553096.019454718 318
1769553096.072059631 341
1769553096.119450808 309
1769553096.169330597 339
1769553096.219447613 336
1769553096.269574404 306
1769553096.319447994 320
1769553096.369767189 324
1769553096.419427156 310
1769553096.469554901 320
1769553096.519434690 334
1769553096.571125031 330
1769553096.619426966 333
1769553096.669316530 331
1769553096.719460011 315
1769553096.769701719 337
1769553096.819430590 329
1769553096.869271517 327
1769553096.919422865 316
1769553096.970515013 338
1769553097.019440651 313
1769553097.069190025 325
1769553097.119287491 322
1769553097.184226036 323
1769553097.219274282 326
1769553097.269384146 307
1769553097.319267273 318
1769553097.369418383 316
1769553097.421194077 305
1769553097.469328642 320
1769553097.519241333 314
1769553097.569368601 314
1769553097.621005297 313
1769553097.669330359 315
1769553097.719185114 325
1769553097.769305706 325
1769553097.819154501 327
1769553097.869313002 323
1769553097.920776606 309
1769553097.969285011 318
1769553098.019187927 321
1769553098.069299459 309
1769553098.119845629 310
1769553098.169236898 317
1769553098.219325066 329
1769553098.269178391 326
1769553098.319281340 314
1769553098.371181011 320
1769553098.419257879 317
1769553098.469157457 309
1769553098.519256353 318
1769553098.573362827 319
1769553098.619241476 302
1769553098.669153690 322
1769553098.719243765 306
1769553098.769536495 317
1769553098.819247723 321
1769553098.875494719 318
1769553098.919213057 322
1769553098.969154119 309
1769553099.019247293 308
1769553099.071653605 311
1769553099.119195223 296
1769553099.196342945 313
1769553099.224397898 324
1769553099.269053698 324
1769553099.319247007 319
1769553099.369138002 344
1769553099.419219255 325
1769553099.483240604 320
1769553099.519100666 332
1769553099.569213390 322
1769553099.619056940 326
1769553099.669192553 324
1769553099.719058275 328
1769553099.769214392 345
1769553099.819102287 331
1769553099.869177341 318
1769553099.919090748 315
1769553099.969178915 321
1769553100.020743608 319
1769553100.069171906 308
1769553100.119072199 326
1769553100.169103861 319
1769553100.219101191 316
1769553100.269163847 323
1769553100.318995237 329
1769553100.369147301 307
1769553100.420167685 318
1769553100.469160080 339
1769553100.519050837 324
1769553100.569169521 312
1769553100.622879028 328
1769553100.669137001 315
1769553100.719049454 321
1769553100.769111872 335
1769553100.819029093 310
1769553100.869066715 318
1769553100.922378063 332
1769553100.969074726 306
1769553101.019010544 320
1769553101.069084167 313
1769553101.119000435 307
1769553101.168974400 309
1769553101.219031334 320
1769553101.269036531 329
1769553101.319061041 312
1769553101.369070053 319
1769553101.419049978 308
1769553101.469057798 316
1769553101.519083261 311
1769553101.569058418 311
1769553101.619077206 303
1769553101.669039011 326
1769553101.719063282 313
1769553101.769028902 302
1769553101.819099903 307
1769553101.868979931 307
1769553101.919047594 314
1769553101.968954563 313
1769553102.019056797 301
1769553102.069862127 305
1769553102.119061947 311
1769553102.172463417 307
1769553102.219016552 305
1769553102.268971682 317
1769553102.319005966 304
1769553102.368935823 303
1769553102.419051409 314
1769553102.468886614 320
1769553102.519019604 307
1769553102.568899870 311
1769553102.618995905 317
1769553102.668891430 321
1769553102.718935251 323
1769553102.768917084 329
1769553102.819008827 336
1769553102.868897200 333
1769553102.918981314 335
1769553102.968901873 340
1769553103.018992662 353
1769553103.070430994 340
1769553103.118964195 345
1769553103.169133425 340
1769553103.219034910 322
1769553103.268884659 314
1769553103.318882704 318
1769553103.368897200 311
1769553103.418990612 311
1769553103.471549273 303
1769553103.518952608 322
1769553103.568879128 313
1769553103.618951321 334
1769553103.668779373 334
1769553103.718936920 342
1769553103.768964529 330
1769553103.818926573 356
1769553103.868842125 335
1769553103.918867111 334
1769553103.969112158 342
1769553104.018811941 324
1769553104.068817377 323
1769553104.118849277 339
1769553104.168786526 340
1769553104.218815327 330
1769553104.268936634 328
1769553104.319883585 331
1769553104.368909836 344
1769553104.418792009 342
1769553104.468876600 336
1769553104.518809080 336
1769553104.568934202 345
1769553104.618801117 332
1769553104.668891191 341
1769553104.718780756 337
1769553104.768862963 349
1769553104.819748163 335
1769553104.868770838 337
1769553104.918677807 336
1769553104.968701839 330
1769553105.018822908 340
1769553105.068838596 321
1769553105.118874788 332
1769553105.168769598 352
1769553105.218839407 321
1769553105.268753052 346
1769553105.318896055 333
