2469.725037 0.0000000 0.0000000 0.0000000 -0.0000000 -0.0000000 -0.0000000 1.0000000
2471.147519 -0.0171197 -0.0001370 -0.0027444 -0.0092557 -0.0019922 -0.0004288 0.9999551
2471.247509 -0.0179195 0.0000529 -0.0028759 -0.0080339 -0.0017844 -0.0003398 0.9999661
2471.298255 -0.0181823 -0.0003248 -0.0028782 -0.0068177 -0.0017967 -0.0001024 0.9999751
2471.804883 -0.0231961 -0.0001868 -0.0036668 -0.0179632 0.0050993 -0.0010170 0.9998251
2472.106039 -0.0273185 0.0011019 -0.0034148 -0.0272792 0.0091493 -0.0018402 0.9995843
2472.706080 -0.0352687 0.0011421 -0.0047483 -0.0305533 0.0043693 -0.0022151 0.9995211
2472.855789 -0.0369221 0.0004826 -0.0055355 -0.0309488 0.0036384 -0.0021581 0.9995120
2473.255651 -0.0412400 -0.0017113 -0.0065685 -0.0155396 -0.0028178 -0.0004651 0.9998752
2473.355662 -0.0428673 -0.0026356 -0.0073375 -0.0032120 -0.0038524 0.0001625 0.9999874
2473.454862 -0.0430648 -0.0028940 -0.0075372 0.0061306 -0.0049515 0.0008461 0.9999686
2473.852650 -0.0464600 -0.0055918 -0.0093584 0.0364832 -0.0089545 0.0025141 0.9992910
2475.832546 -0.0662406 -0.0132335 -0.0183842 0.1454738 -0.0208339 0.0077008 0.9891127
2476.029050 -0.0697222 -0.0149772 -0.0191442 0.1380700 -0.0225165 0.0072141 0.9901402
2476.724360 -0.0738637 -0.0138901 -0.0199072 0.1312176 -0.0176675 0.0084640 0.9911600
2476.874345 -0.0769235 -0.0142638 -0.0202771 0.1346494 -0.0174135 0.0084038 0.9907047
2477.074326 -0.0782850 -0.0139100 -0.0190828 0.1372877 -0.0164821 0.0083092 0.9903592
2477.324302 -0.0796882 -0.0146236 -0.0215935 0.1409597 -0.0153928 0.0088255 0.9898564
2478.274210 -0.0893207 -0.0128978 -0.0241596 0.0899701 -0.0084845 0.0059951 0.9958903
2479.074132 -0.0982063 -0.0151667 -0.0302109 0.0134748 0.0077451 0.0020901 0.9998770
2479.874055 -0.0994169 -0.0151156 -0.0312920 -0.0619023 0.0104261 -0.0019835 0.9980258
2480.224021 -0.0994423 -0.0150805 -0.0314303 -0.0900236 0.0122334 -0.0043626 0.9958550
2481.773871 -0.0995245 -0.0152989 -0.0313864 -0.1214767 0.0133651 -0.0061562 0.9924852
2481.873861 -0.0996792 -0.0150927 -0.0318509 -0.1196195 0.0126267 -0.0070603 0.9927144
