2444.927438 0.0000000 0.0000000 0.0000000 -0.0000000 -0.0000000 -0.0000000 1.0000000
2450.076940 -0.0204679 0.0017525 0.0024245 -0.0198990 -0.0306645 -0.0040548 0.9993234
2450.376911 -0.0242254 0.0017123 0.0027629 -0.0176193 -0.0389904 -0.0107890 0.9990260
2450.476901 -0.0264480 0.0016497 0.0028022 -0.0164425 -0.0420134 -0.0132758 0.9988935
2450.576891 -0.0277100 0.0016610 0.0029749 -0.0156581 -0.0446606 -0.0150802 0.9987656
2451.326819 -0.0404577 0.0015488 0.0026183 -0.0113125 -0.0625953 -0.0322642 0.9974532
2451.826770 -0.0493533 0.0016431 0.0021659 -0.0106011 -0.0763194 -0.0402098 0.9962159
2452.126741 -0.0522724 0.0021143 0.0022874 -0.0096246 -0.0854843 -0.0416210 0.9954233
2452.276727 -0.0540521 0.0017047 0.0015005 -0.0073897 -0.0883127 -0.0444079 0.9950750
2452.826673 -0.0693235 0.0031272 -0.0026234 -0.0039494 -0.1112236 -0.0511912 0.9924682
2454.776485 -0.0928996 0.0070616 -0.0039616 -0.0068236 -0.1541579 -0.0883745 0.9840624
2455.176446 -0.0994869 0.0084245 -0.0057220 -0.0082476 -0.1683202 -0.0981163 0.9808025
2455.426422 -0.1057969 0.0100678 -0.0069839 -0.0085693 -0.1732346 -0.1044731 0.9792864
2457.176252 -0.1338515 0.0184514 -0.0139357 -0.0167644 -0.2041424 -0.1452074 0.9679667
2457.276243 -0.1360557 0.0186569 -0.0150479 -0.0181529 -0.2078591 -0.1459919 0.9670323
2457.576214 -0.1424854 0.0209889 -0.0175941 -0.0167556 -0.2188407 -0.1546604 0.9632799
2457.826189 -0.1481453 0.0228252 -0.0213487 -0.0162511 -0.2273188 -0.1625316 0.9600238
2458.176155 -0.1551004 0.0242327 -0.0260617 -0.0112191 -0.2332925 -0.1705955 0.9572596
2458.226151 -0.1559037 0.0232816 -0.0274593 -0.0102881 -0.2347308 -0.1719201 0.9566813
2458.476126 -0.1632656 0.0263906 -0.0320346 0.0040131 -0.2494333 -0.1769679 0.9520763
2458.576117 -0.1665392 0.0275165 -0.0339810 0.0080251 -0.2556573 -0.1783057 0.9501484
2458.676502 -0.1698043 0.0279944 -0.0366484 0.0163299 -0.2622887 -0.1795466 0.9479984
2458.880493 -0.1742204 0.0287312 -0.0406410 0.0265344 -0.2709547 -0.1817962 0.9448966
2459.136493 -0.1802209 0.0298807 -0.0449933 0.0460142 -0.2844099 -0.1831237 0.9399253
2459.337284 -0.1828675 0.0299812 -0.0475006 0.0621982 -0.2936616 -0.1820340 0.9363536
2459.796524 -0.1915245 0.0320881 -0.0541724 0.0919068 -0.3144626 -0.1837496 0.9267700
2459.997887 -0.1948658 0.0314924 -0.0576882 0.1052258 -0.3227298 -0.1830316 0.9226443
2460.098135 -0.1967914 0.0323809 -0.0586507 0.1121890 -0.3263816 -0.1822512 0.9206917
2460.499834 -0.2016462 0.0335046 -0.0635778 0.1297979 -0.3367331 -0.1811801 0.9148427
2464.246231 -0.2417462 0.0562689 -0.1021773 0.1967577 -0.4077807 -0.1748559 0.8743150
2464.889946 -0.2557356 0.0658979 -0.1172123 0.2033568 -0.4155567 -0.1739530 0.8693095
2465.381345 -0.2539572 0.0683300 -0.1197009 0.1967158 -0.4243060 -0.1775876 0.8658695
2465.775420 -0.2530121 0.0694202 -0.1209752 0.1824153 -0.4182888 -0.1850897 0.8703453
2465.875410 -0.2528678 0.0697455 -0.1211720 0.1782583 -0.4161753 -0.1869888 0.8718127
2465.975400 -0.2529426 0.0695194 -0.1209971 0.1725196 -0.4137055 -0.1899244 0.8735064
2466.475352 -0.2579074 0.0787214 -0.1342464 0.1373242 -0.4084207 -0.2092292 0.8778142
2466.625337 -0.2574906 0.0784878 -0.1360032 0.1239291 -0.4020675 -0.2170553 0.8808350
2467.925211 -0.2671534 0.0938201 -0.1413610 0.0774795 -0.3827450 -0.2434971 0.8878133
2469.475061 -0.2761179 0.1071569 -0.1518203 0.0354766 -0.3824556 -0.2652493 0.8843709
2469.675042 -0.2784913 0.1083819 -0.1510342 0.0321613 -0.3804978 -0.2667239 0.8848986
2470.839706 -0.2855617 0.1162225 -0.1612059 0.0215000 -0.3757475 -0.2723197 0.8855471
2471.955580 -0.2919352 0.1236167 -0.1700203 0.0135399 -0.3678097 -0.2769415 0.8876013
2472.505783 -0.2957928 0.1279265 -0.1749713 0.0071179 -0.3643370 -0.2805080 0.8879883
2473.255651 -0.3009409 0.1308009 -0.1823890 0.0181301 -0.3776137 -0.2735103 0.8844610
2473.355662 -0.3009906 0.1298382 -0.1834568 0.0282118 -0.3824604 -0.2681996 0.8837404
2474.003090 -0.3052970 0.1289303 -0.1901460 0.0709975 -0.4012836 -0.2464378 0.8793175
2474.798430 -0.3088469 0.1276947 -0.1988629 0.1173890 -0.4238171 -0.2220985 0.8702133
2476.574374 -0.3172069 0.1345394 -0.2146330 0.1377483 -0.4248661 -0.2106208 0.8695706
2476.724360 -0.3176335 0.1354240 -0.2161269 0.1407226 -0.4271314 -0.2085049 0.8684939
2476.924340 -0.3181740 0.1362388 -0.2179850 0.1445725 -0.4281373 -0.2063284 0.8678858
2477.124321 -0.3196762 0.1364769 -0.2185566 0.1475259 -0.4280713 -0.2050740 0.8677187
2477.674268 -0.3193549 0.1381770 -0.2207397 0.1423710 -0.4242331 -0.2071626 0.8699658
2477.974239 -0.3212295 0.1416403 -0.2225301 0.1255480 -0.4176422 -0.2163760 0.8734953
2478.574180 -0.3241141 0.1477530 -0.2241612 0.0846247 -0.4017651 -0.2376696 0.8803049
2479.174122 -0.3268229 0.1536087 -0.2245699 0.0398911 -0.3763431 -0.2630191 0.8874658
2479.974045 -0.3238716 0.1624109 -0.2220487 -0.0188745 -0.3536932 -0.2945178 0.8875833
2480.124030 -0.3245501 0.1619830 -0.2235174 -0.0278016 -0.3499806 -0.2989608 0.8873349
2480.274016 -0.3232405 0.1628554 -0.2210744 -0.0363403 -0.3461957 -0.3033799 0.8870111
2480.424001 -0.3228410 0.1633771 -0.2218569 -0.0450922 -0.3404054 -0.3081584 0.8872030
2481.323914 -0.3228153 0.1637637 -0.2224777 -0.0612421 -0.3319345 -0.3169533 0.8863462
2481.623885 -0.3221317 0.1629774 -0.2215309 -0.0605066 -0.3350973 -0.3157671 0.8856297
