2444.927438 0.0000000 0.0000000 0.0000000 -0.0000000 -0.0000000 -0.0000000 1.0000000
2450.076940 -0.0203894 0.0016961 0.0021772 -0.0199312 -0.0306029 -0.0041059 0.9993244
2450.176930 -0.0215259 0.0015590 0.0023824 -0.0198555 -0.0333581 -0.0049049 0.9992342
2450.226925 -0.0221828 0.0014806 0.0023039 -0.0201810 -0.0343509 -0.0059477 0.9991884
2450.476901 -0.0258343 0.0012269 0.0022586 -0.0166759 -0.0421056 -0.0131079 0.9988880
2451.326819 -0.0401540 0.0014801 0.0022666 -0.0113488 -0.0625458 -0.0322850 0.9974552
2451.876765 -0.0496622 0.0016535 0.0017588 -0.0112273 -0.0778205 -0.0404048 0.9960850
2452.326722 -0.0540029 0.0013663 0.0011004 -0.0062381 -0.0888237 -0.0451719 0.9950030
2452.526702 -0.0578957 0.0017480 0.0000459 -0.0041058 -0.0948455 -0.0463576 0.9944036
2452.826673 -0.0676974 0.0027266 -0.0026123 -0.0041298 -0.1116908 -0.0508502 0.9924325
2453.026654 -0.0728650 0.0037537 -0.0038197 -0.0091465 -0.1235195 -0.0568689 0.9906691
2454.376523 -0.0873842 0.0055543 -0.0043290 -0.0087746 -0.1453137 -0.0813599 0.9859957
2456.726296 -0.1221162 0.0143527 -0.0119100 -0.0148416 -0.1910991 -0.1320841 0.9725300
2456.926276 -0.1263067 0.0152502 -0.0134029 -0.0162004 -0.1980025 -0.1376785 0.9703490
2457.576214 -0.1406363 0.0198460 -0.0186484 -0.0171681 -0.2189718 -0.1543459 0.9632933
2457.776194 -0.1450455 0.0219337 -0.0214926 -0.0167335 -0.2258747 -0.1612374 0.9605744
2457.826189 -0.1461660 0.0217397 -0.0223024 -0.0166059 -0.2275273 -0.1624826 0.9599766
2458.076165 -0.1530041 0.0226758 -0.0260271 -0.0161850 -0.2308085 -0.1672878 0.9583738
2458.276146 -0.1522350 0.0221087 -0.0277377 -0.0108311 -0.2376193 -0.1711424 0.9561015
2458.476126 -0.1608582 0.0251840 -0.0321652 0.0033743 -0.2502355 -0.1766390 0.9519294
2458.576117 -0.1641192 0.0263587 -0.0336803 0.0074321 -0.2564456 -0.1780096 0.9499964
2459.136493 -0.1768191 0.0283619 -0.0450951 0.0454709 -0.2854088 -0.1826345 0.9397441
2459.187575 -0.1769838 0.0281104 -0.0455527 0.0496996 -0.2880345 -0.1826761 0.9387202
2459.541946 -0.1833395 0.0288647 -0.0504363 0.0768392 -0.3031943 -0.1813072 0.9323608
2459.594331 -0.1840844 0.0293227 -0.0513012 0.0786079 -0.3050686 -0.1815806 0.9315484
2460.147715 -0.1939664 0.0309570 -0.0597889 0.1155512 -0.3299607 -0.1806909 0.9193067
2460.701533 -0.2003784 0.0328195 -0.0650053 0.1372195 -0.3428212 -0.1790875 0.9119058
2460.952220 -0.2039982 0.0350256 -0.0702021 0.1485582 -0.3534647 -0.1792783 0.9060091
2463.651129 -0.2347435 0.0510749 -0.0975387 0.1936658 -0.4026397 -0.1754632 0.8772614
2465.875410 -0.2502786 0.0676808 -0.1230536 0.1777284 -0.4164877 -0.1870709 0.8717541
2466.025395 -0.2512978 0.0702661 -0.1237817 0.1695306 -0.4131290 -0.1913269 0.8740582
2466.325366 -0.2562554 0.0770419 -0.1319418 0.1507980 -0.4152514 -0.2015904 0.8741782
2466.525347 -0.2564665 0.0782566 -0.1302082 0.1337200 -0.4084970 -0.2102541 0.8780902
2467.725231 -0.2642285 0.0930055 -0.1384855 0.0829161 -0.3873040 -0.2404974 0.8861611
2467.925211 -0.2653500 0.0931176 -0.1399242 0.0774704 -0.3834917 -0.2435296 0.8874829
2468.225183 -0.2673590 0.0964999 -0.1421950 0.0665899 -0.3891906 -0.2487733 0.8844254
2469.225086 -0.2721296 0.1042030 -0.1484905 0.0413491 -0.3841091 -0.2620078 0.8843655
2469.625047 -0.2747169 0.1055960 -0.1524323 0.0324705 -0.3817118 -0.2662767 0.8844990
2470.839706 -0.2811829 0.1136990 -0.1616156 0.0209888 -0.3767807 -0.2720285 0.8852098
2471.298255 -0.2840433 0.1158112 -0.1653968 0.0246779 -0.3803553 -0.2696904 0.8843008
2472.106039 -0.2890689 0.1223167 -0.1717450 0.0102777 -0.3646977 -0.2785651 0.8884208
2472.356351 -0.2906431 0.1245140 -0.1745350 0.0073908 -0.3643067 -0.2802917 0.8880667
2472.955937 -0.2938124 0.1273456 -0.1790839 0.0065023 -0.3703692 -0.2796122 0.8857774
2473.454862 -0.2978020 0.1271946 -0.1850516 0.0355256 -0.3863587 -0.2642682 0.8829650
2474.003090 -0.3004989 0.1259352 -0.1897782 0.0703474 -0.4025950 -0.2460133 0.8788891
2475.145394 -0.3056333 0.1254144 -0.2027261 0.1320235 -0.4283138 -0.2136145 0.8680357
2476.029050 -0.3104137 0.1296932 -0.2129225 0.1454220 -0.4341877 -0.2062720 0.8647459
2476.624369 -0.3124931 0.1321732 -0.2147715 0.1379179 -0.4267731 -0.2093383 0.8689194
2476.824350 -0.3126007 0.1327416 -0.2171187 0.1421237 -0.4293740 -0.2067869 0.8675702
2476.974335 -0.3143533 0.1340711 -0.2176622 0.1442517 -0.4293384 -0.2057589 0.8674810
2477.424292 -0.3140344 0.1340730 -0.2195290 0.1500865 -0.4284789 -0.2024420 0.8676965
2477.724263 -0.3169472 0.1368225 -0.2211345 0.1390183 -0.4237761 -0.2085308 0.8704037
2478.224214 -0.3193828 0.1436027 -0.2227269 0.1114930 -0.4139453 -0.2241035 0.8752121
2478.824156 -0.3217743 0.1447296 -0.2291093 0.0659395 -0.3896929 -0.2487925 0.8842476
2479.174122 -0.3218355 0.1510909 -0.2257438 0.0394281 -0.3775540 -0.2630807 0.8869538
2479.524088 -0.3216171 0.1570601 -0.2245150 0.0129968 -0.3686333 -0.2776050 0.8870603
2479.824059 -0.3202816 0.1573765 -0.2239111 -0.0083765 -0.3598694 -0.2884353 0.8872593
2480.274016 -0.3187697 0.1595937 -0.2218954 -0.0371158 -0.3472937 -0.3033839 0.8865482
2480.523992 -0.3183338 0.1612992 -0.2218379 -0.0511932 -0.3384888 -0.3115012 0.8864376
2480.923953 -0.3186769 0.1624921 -0.2219972 -0.0606870 -0.3339266 -0.3165704 0.8857727
2481.923856 -0.3185536 0.1619845 -0.2221870 -0.0590321 -0.3386157 -0.3147536 0.8847513
