2469.725037 0.0000000 0.0000000 0.0000000 -0.0000000 -0.0000000 -0.0000000 1.0000000
2470.943687 -0.0145373 0.0018093 -0.0003871 -0.0106822 -0.0012692 -0.0003279 0.9999421
2471.349495 -0.0185652 0.0015010 -0.0006374 -0.0070769 -0.0015998 -0.0001842 0.9999737
2472.055886 -0.0270288 0.0030335 -0.0006690 -0.0241099 0.0073687 -0.0014115 0.9996812
2472.356351 -0.0310808 0.0032226 -0.0009893 -0.0300965 0.0086851 -0.0021974 0.9995068
2472.755937 -0.0348478 0.0034748 -0.0011999 -0.0306370 0.0043007 -0.0020136 0.9995193
2472.855789 -0.0358635 0.0033362 -0.0015051 -0.0299343 0.0034464 -0.0019078 0.9995441
2473.155503 -0.0394185 0.0029761 -0.0017721 -0.0227992 -0.0011742 -0.0012298 0.9997386
2473.255651 -0.0409788 0.0022496 -0.0021327 -0.0140105 -0.0025660 -0.0007207 0.9998983
2473.355662 -0.0428781 0.0003008 -0.0024285 -0.0022498 -0.0034918 -0.0001733 0.9999914
2473.752897 -0.0432777 -0.0005204 -0.0039007 0.0298174 -0.0090842 0.0021462 0.9995118
2474.947112 -0.0547516 -0.0082475 -0.0083170 0.1146233 -0.0205970 0.0052718 0.9931815
2475.145394 -0.0587595 -0.0093748 -0.0088879 0.1233719 -0.0195463 0.0055196 0.9921526
2475.438708 -0.0602900 -0.0096038 -0.0102523 0.1382401 -0.0236619 0.0061230 0.9900972
2475.687479 -0.0610734 -0.0091064 -0.0105359 0.1479653 -0.0229063 0.0068401 0.9887036
2476.624369 -0.0717421 -0.0089550 -0.0114730 0.1301570 -0.0167061 0.0074291 0.9913248
2476.824350 -0.0759970 -0.0095643 -0.0117751 0.1354896 -0.0174753 0.0075989 0.9905955
2477.174316 -0.0762652 -0.0094570 -0.0118801 0.1414319 -0.0170175 0.0081451 0.9897682
2477.524282 -0.0765738 -0.0093282 -0.0121351 0.1405558 -0.0146658 0.0084046 0.9899285
2477.574277 -0.0765534 -0.0093428 -0.0121650 0.1391511 -0.0149842 0.0083088 0.9901229
2480.024040 -0.0957123 0.0097136 -0.0089864 -0.0644539 0.0102005 -0.0064196 0.9978479
2480.274016 -0.0954627 0.0117438 -0.0090365 -0.0809432 0.0118170 -0.0073532 0.9966215
2481.223924 -0.0948284 0.0127444 -0.0073635 -0.1116986 0.0163625 -0.0107326 0.9935495
2481.773871 -0.0968891 0.0126672 -0.0078416 -0.1093722 0.0135703 -0.0091028 0.9938666
