2469.725037 0.0000000 0.0000000 0.0000000 -0.0000000 -0.0000000 -0.0000000 1.0000000
2470.891756 -0.0159691 0.0006291 -0.0012181 -0.0114296 0.0000564 -0.0009059 0.9999343
2471.553643 -0.0230106 0.0009903 -0.0017883 -0.0120084 0.0045790 -0.0008778 0.9999170
2471.604231 -0.0235805 0.0010719 -0.0017634 -0.0143058 0.0051939 -0.0009984 0.9998837
2472.055886 -0.0295378 0.0028435 -0.0016942 -0.0242192 0.0073418 -0.0015474 0.9996786
2472.155896 -0.0311104 0.0030266 -0.0017384 -0.0288428 0.0111797 -0.0020545 0.9995193
2472.755937 -0.0387895 0.0027976 -0.0026907 -0.0309279 0.0045574 -0.0022462 0.9995087
2472.855789 -0.0400583 0.0024939 -0.0029162 -0.0303137 0.0037301 -0.0020560 0.9995314
2473.305508 -0.0457921 0.0003544 -0.0044925 -0.0093603 -0.0029252 -0.0004832 0.9999518
2474.053085 -0.0531443 -0.0057246 -0.0075334 0.0504719 -0.0097493 0.0026308 0.9986745
2474.252177 -0.0553037 -0.0066482 -0.0080338 0.0663237 -0.0151391 0.0034400 0.9976774
2475.095616 -0.0628608 -0.0115170 -0.0129972 0.1182277 -0.0190918 0.0053742 0.9927884
2475.930244 -0.0739859 -0.0145679 -0.0175071 0.1441193 -0.0226388 0.0071912 0.9892752
2476.474384 -0.0783573 -0.0121244 -0.0161725 0.1255971 -0.0159627 0.0072970 0.9919261
2476.824350 -0.0823271 -0.0132168 -0.0170760 0.1345122 -0.0177570 0.0080950 0.9907198
2476.924340 -0.0843678 -0.0130799 -0.0172760 0.1364269 -0.0168232 0.0079914 0.9904751
2477.174316 -0.0844331 -0.0129132 -0.0171760 0.1404736 -0.0166818 0.0083714 0.9899085
2477.624272 -0.0883873 -0.0120959 -0.0160016 0.1364351 -0.0138057 0.0079446 0.9905210
2477.724263 -0.0884697 -0.0118232 -0.0165252 0.1296621 -0.0130407 0.0082473 0.9914382
2478.824156 -0.1014399 -0.0056887 -0.0157135 0.0413598 0.0021422 0.0041876 0.9991332
2479.524088 -0.1059739 0.0033757 -0.0148284 -0.0230738 0.0071645 -0.0022960 0.9997055
2479.824059 -0.1062692 0.0053543 -0.0152735 -0.0481653 0.0094940 -0.0044649 0.9987843
2479.924050 -0.1059479 0.0051096 -0.0152602 -0.0595829 0.0104099 -0.0049319 0.9981569
2480.124030 -0.1065046 0.0079714 -0.0152092 -0.0720360 0.0110710 -0.0062611 0.9973210
2480.573987 -0.1058950 0.0112309 -0.0150443 -0.1029282 0.0161494 -0.0095547 0.9945118
2480.773967 -0.1050083 0.0132248 -0.0140372 -0.1096862 0.0160610 -0.0103431 0.9937827
