2469.725037 0.0000000 0.0000000 0.0000000 -0.0000000 -0.0000000 -0.0000000 1.0000000
2471.247509 -0.0229186 0.0013920 -0.0023132 -0.0075820 -0.0016034 -0.0002942 0.9999700
2471.451994 -0.0250778 0.0013293 -0.0025767 -0.0082905 0.0009448 -0.0004417 0.9999651
2471.604231 -0.0263963 0.0022304 -0.0022481 -0.0139448 0.0048503 -0.0008453 0.9998907
2472.505783 -0.0412685 0.0034239 -0.0031529 -0.0306288 0.0074241 -0.0019885 0.9995013
2472.706080 -0.0439174 0.0037199 -0.0032409 -0.0298950 0.0043813 -0.0020395 0.9995413
2473.205498 -0.0506170 0.0018521 -0.0049558 -0.0198789 -0.0021858 -0.0008089 0.9997997
2473.355662 -0.0527153 -0.0004369 -0.0056376 -0.0023826 -0.0041099 0.0002079 0.9999887
2473.454862 -0.0541752 -0.0008166 -0.0054622 0.0069183 -0.0047884 0.0006585 0.9999644
2473.953411 -0.0579914 -0.0045909 -0.0078501 0.0439264 -0.0098431 0.0026963 0.9989827
2474.053085 -0.0594670 -0.0063375 -0.0090708 0.0505811 -0.0104074 0.0030421 0.9986611
2475.095616 -0.0720461 -0.0119815 -0.0143462 0.1186863 -0.0193499 0.0055214 0.9927279
2476.524379 -0.0894935 -0.0120455 -0.0172777 0.1260008 -0.0156266 0.0077102 0.9918771
2476.624369 -0.0951227 -0.0119500 -0.0156948 0.1300133 -0.0155752 0.0072721 0.9913633
2476.874345 -0.0961382 -0.0119204 -0.0177889 0.1364740 -0.0174503 0.0080347 0.9904574
2477.074326 -0.0962892 -0.0118953 -0.0178183 0.1390595 -0.0170725 0.0083738 0.9901015
2477.224311 -0.0959741 -0.0120298 -0.0175314 0.1427630 -0.0174618 0.0086049 0.9895654
2477.574277 -0.0977299 -0.0113245 -0.0185631 0.1393310 -0.0150484 0.0086800 0.9900935
2478.274210 -0.1041331 -0.0152460 -0.0264000 0.0905817 -0.0103994 0.0053478 0.9958204
2479.724069 -0.1176755 -0.0171413 -0.0373025 -0.0441031 0.0070277 -0.0040661 0.9989940
2480.074035 -0.1157843 -0.0178750 -0.0349355 -0.0771435 0.0089293 -0.0057974 0.9969631
2480.773967 -0.1165414 -0.0015853 -0.0293356 -0.1148585 0.0146989 -0.0105519 0.9932171
2481.623885 -0.1180727 0.0006725 -0.0241393 -0.1143905 0.0141902 -0.0106955 0.9932770
2481.673880 -0.1187384 0.0008029 -0.0256304 -0.1142034 0.0142684 -0.0104010 0.9933005
