2469.725037 0.0000000 0.0000000 0.0000000 -0.0000000 -0.0000000 -0.0000000 1.0000000
2470.943687 -0.0143735 0.0010245 -0.0007790 -0.0110125 -0.0010478 -0.0004720 0.9999387
2471.097089 -0.0159836 0.0007103 -0.0012542 -0.0095243 -0.0016296 -0.0004395 0.9999532
2471.349495 -0.0185011 0.0009368 -0.0011989 -0.0072882 -0.0013350 -0.0003694 0.9999725
2471.553643 -0.0197150 0.0010038 -0.0011864 -0.0120593 0.0042749 -0.0007497 0.9999179
2472.656085 -0.0335444 0.0024492 -0.0019040 -0.0304884 0.0058034 -0.0020220 0.9995162
2472.855789 -0.0345960 0.0022312 -0.0022545 -0.0303817 0.0034444 -0.0017983 0.9995309
2473.255651 -0.0399142 0.0010060 -0.0030609 -0.0145285 -0.0024356 -0.0007934 0.9998912
2473.355662 -0.0403436 0.0002022 -0.0035056 -0.0021350 -0.0039487 0.0002004 0.9999899
2475.145394 -0.0550380 -0.0098295 -0.0101617 0.1230627 -0.0201763 0.0059666 0.9921758
2475.930244 -0.0653805 -0.0111477 -0.0122698 0.1447071 -0.0225736 0.0069056 0.9891930
2476.374393 -0.0671484 -0.0105005 -0.0123191 0.1284611 -0.0180171 0.0068682 0.9915271
2476.474384 -0.0678788 -0.0091690 -0.0121449 0.1261601 -0.0162988 0.0069521 0.9918516
2476.674364 -0.0699909 -0.0107103 -0.0127571 0.1317111 -0.0171586 0.0076763 0.9911099
2476.924340 -0.0726997 -0.0109155 -0.0130954 0.1366579 -0.0173898 0.0079784 0.9904335
2477.424292 -0.0762727 -0.0107609 -0.0133763 0.1431980 -0.0142892 0.0082271 0.9895567
2477.524282 -0.0763326 -0.0107895 -0.0135244 0.1397220 -0.0137382 0.0086341 0.9900578
2477.924243 -0.0782367 -0.0100219 -0.0163264 0.1164891 -0.0110931 0.0081463 0.9930966
2479.124127 -0.0909307 -0.0016844 -0.0143219 0.0139516 0.0063169 0.0005254 0.9998826
2479.924050 -0.0921586 0.0019014 -0.0115135 -0.0609569 0.0101246 -0.0043952 0.9980794
2480.074035 -0.0918952 0.0057311 -0.0114100 -0.0691918 0.0102504 -0.0053489 0.9975364
2480.124030 -0.0912882 0.0073441 -0.0111302 -0.0717870 0.0100022 -0.0054011 0.9973552
2480.523992 -0.0920143 0.0094026 -0.0116809 -0.1006374 0.0155925 -0.0090022 0.9947603
2480.723972 -0.0926489 0.0085615 -0.0119223 -0.1104937 0.0159639 -0.0100402 0.9936979
