2444.927438 0.0000000 0.0000000 0.0000000 -0.0000000 -0.0000000 -0.0000000 1.0000000
2450.076940 -0.0209102 0.0020400 0.0022707 -0.0197928 -0.0306096 -0.0039887 0.9993275
2450.176930 -0.0221351 0.0019461 0.0025232 -0.0197104 -0.0333605 -0.0049185 0.9992369
2450.476901 -0.0267707 0.0016174 0.0025625 -0.0165337 -0.0419963 -0.0131127 0.9988949
2451.226828 -0.0392744 0.0015212 0.0022546 -0.0116468 -0.0601185 -0.0303860 0.9976607
2451.626790 -0.0469876 0.0017537 0.0022032 -0.0115636 -0.0710339 -0.0369465 0.9967223
2451.876765 -0.0511278 0.0020896 0.0021348 -0.0110823 -0.0777101 -0.0404725 0.9960926
2452.326722 -0.0557043 0.0018858 0.0014584 -0.0060064 -0.0886386 -0.0452926 0.9950154
2452.776678 -0.0675726 0.0030084 -0.0013415 -0.0024953 -0.1062441 -0.0501703 0.9930704
2453.026654 -0.0748316 0.0041015 -0.0036825 -0.0090000 -0.1234353 -0.0568840 0.9906800
2454.126547 -0.0888559 0.0062327 -0.0034526 -0.0086468 -0.1392021 -0.0772991 0.9872046
2454.426519 -0.0882544 0.0064824 -0.0036219 -0.0083001 -0.1473749 -0.0801949 0.9857893
2456.926276 -0.1301753 0.0165149 -0.0130433 -0.0158641 -0.1975415 -0.1379556 0.9704092
2457.276243 -0.1381704 0.0191336 -0.0156572 -0.0180966 -0.2075490 -0.1462073 0.9670674
2457.576214 -0.1444292 0.0212493 -0.0182048 -0.0168026 -0.2186625 -0.1545595 0.9633358
2457.826189 -0.1498021 0.0233701 -0.0216209 -0.0161278 -0.2273233 -0.1626641 0.9600024
2458.076165 -0.1538629 0.0231205 -0.0253441 -0.0160031 -0.2320628 -0.1664334 0.9582227
2458.226151 -0.1569683 0.0235592 -0.0275007 -0.0102325 -0.2353746 -0.1716207 0.9565775
2458.376136 -0.1594076 0.0250573 -0.0293249 -0.0034155 -0.2428585 -0.1747196 0.9541914
2458.576117 -0.1665890 0.0269094 -0.0344462 0.0078386 -0.2566659 -0.1779843 0.9499383
2458.626112 -0.1687737 0.0277456 -0.0347307 0.0102655 -0.2594470 -0.1781369 0.9491307
2458.780107 -0.1718911 0.0275825 -0.0384698 0.0191618 -0.2683058 -0.1799717 0.9461792
2458.980345 -0.1772726 0.0288181 -0.0427093 0.0335962 -0.2773753 -0.1825257 0.9426657
2459.136493 -0.1807238 0.0296460 -0.0455745 0.0460073 -0.2853366 -0.1829499 0.9396785
2459.337284 -0.1836738 0.0300837 -0.0475231 0.0623282 -0.2946207 -0.1818354 0.9360821
2459.541946 -0.1872082 0.0299292 -0.0508955 0.0773165 -0.3032130 -0.1814690 0.9322838
2460.499834 -0.2024028 0.0337945 -0.0639137 0.1299972 -0.3377026 -0.1809956 0.9144934
2461.502147 -0.2190689 0.0419042 -0.0778222 0.1632770 -0.3693314 -0.1839857 0.8961496
2462.552065 -0.2313974 0.0472358 -0.0868094 0.1969811 -0.3912402 -0.1732687 0.8821040
2464.246231 -0.2450469 0.0581555 -0.1048826 0.1973410 -0.4080005 -0.1750409 0.8740439
2464.938993 -0.2589157 0.0678317 -0.1185525 0.2046404 -0.4168402 -0.1732995 0.8685240
2464.987724 -0.2518179 0.0628839 -0.1152790 0.2068020 -0.4214400 -0.1702897 0.8663849
2465.775420 -0.2563970 0.0706699 -0.1223508 0.1826095 -0.4188004 -0.1849459 0.8700891
2465.975400 -0.2560359 0.0711593 -0.1228460 0.1728204 -0.4142491 -0.1899401 0.8731859
2466.375362 -0.2530398 0.0752632 -0.1275458 0.1450010 -0.4154153 -0.2026056 0.8748462
2466.525347 -0.2525437 0.0756832 -0.1280523 0.1332672 -0.4107490 -0.2091223 0.8773785
2467.875216 -0.2691349 0.0948787 -0.1389631 0.0805191 -0.3837720 -0.2421844 0.8874584
2468.225183 -0.2717361 0.0991695 -0.1424214 0.0670393 -0.3892651 -0.2488247 0.8843443
2468.675139 -0.2740560 0.1032957 -0.1463950 0.0542861 -0.3850287 -0.2557594 0.8850949
2469.275081 -0.2767520 0.1066713 -0.1498552 0.0404238 -0.3843154 -0.2625225 0.8841660
2469.475061 -0.2774652 0.1079926 -0.1510678 0.0355070 -0.3836812 -0.2648061 0.8839715
2469.625047 -0.2805688 0.1094606 -0.1519359 0.0332273 -0.3819641 -0.2662100 0.8843820
2469.725037 -0.2809596 0.1093904 -0.1512102 0.0312572 -0.3809373 -0.2670831 0.8846335
2470.787973 -0.2867851 0.1169979 -0.1610429 0.0219376 -0.3756404 -0.2723405 0.8855754
2471.754572 -0.2924866 0.1228570 -0.1688695 0.0195633 -0.3724379 -0.2737805 0.8865390
2472.106039 -0.2952037 0.1262753 -0.1719657 0.0111165 -0.3648893 -0.2786577 0.8883029
2473.005933 -0.3005787 0.1316347 -0.1799482 0.0089724 -0.3723826 -0.2788555 0.8851499
2473.155503 -0.3017276 0.1324244 -0.1818793 0.0115583 -0.3751075 -0.2774003 0.8844263
2473.903416 -0.3057949 0.1297181 -0.1891283 0.0635615 -0.3992977 -0.2500471 0.8797715
2474.003090 -0.3067400 0.1303485 -0.1908361 0.0713492 -0.4026093 -0.2462299 0.8787411
2475.438708 -0.3142330 0.1299711 -0.2065469 0.1446070 -0.4346908 -0.2077431 0.8642775
2475.687479 -0.3138707 0.1302784 -0.2086633 0.1528495 -0.4358746 -0.2029620 0.8633984
2476.674364 -0.3192510 0.1355514 -0.2163606 0.1403893 -0.4281880 -0.2085735 0.8680110
2477.074326 -0.3209010 0.1376325 -0.2193995 0.1460451 -0.4292551 -0.2051981 0.8673550
2477.574277 -0.3218643 0.1395509 -0.2216470 0.1468825 -0.4268443 -0.2047855 0.8685001
2478.074229 -0.3226160 0.1433755 -0.2249383 0.1206105 -0.4174855 -0.2188467 0.8736505
2478.474190 -0.3263623 0.1484844 -0.2265736 0.0941380 -0.4066906 -0.2331787 0.8782759
2478.824156 -0.3259966 0.1497284 -0.2296283 0.0670960 -0.3901474 -0.2483990 0.8840707
2479.174122 -0.3263140 0.1538656 -0.2276004 0.0396704 -0.3780415 -0.2626418 0.8868654
2479.824059 -0.3260361 0.1605746 -0.2260261 -0.0081365 -0.3598208 -0.2882303 0.8873478
2480.224021 -0.3252532 0.1633744 -0.2249537 -0.0350994 -0.3474845 -0.3027112 0.8867855
2480.324011 -0.3249814 0.1632726 -0.2248161 -0.0405594 -0.3443841 -0.3055986 0.8867717
2480.623982 -0.3241705 0.1647273 -0.2241989 -0.0560507 -0.3362069 -0.3138926 0.8861685
2480.823963 -0.3240571 0.1655943 -0.2237026 -0.0605599 -0.3338991 -0.3164685 0.8858282
2481.923856 -0.3245299 0.1648702 -0.2246217 -0.0590054 -0.3383588 -0.3148281 0.8848248
