2469.725037 0.0000000 0.0000000 0.0000000 -0.0000000 -0.0000000 -0.0000000 1.0000000
2471.247509 -0.0228107 -0.0012836 -0.0040262 -0.0084351 -0.0015675 -0.0001700 0.9999632
2471.451994 -0.0248968 -0.0010859 -0.0041942 -0.0090437 0.0009786 -0.0002809 0.9999586
2471.604231 -0.0267620 -0.0008450 -0.0042431 -0.0149496 0.0050905 -0.0008237 0.9998749
2472.055886 -0.0373702 -0.0007023 -0.0045664 -0.0255902 0.0085556 -0.0021942 0.9996336
2472.455927 -0.0387703 -0.0011399 -0.0065237 -0.0313717 0.0067805 -0.0015900 0.9994836
2472.755937 -0.0454072 -0.0003409 -0.0068829 -0.0320560 0.0048021 -0.0021449 0.9994723
2472.955937 -0.0468827 -0.0005946 -0.0073669 -0.0302125 0.0024090 -0.0016386 0.9995393
2473.355662 -0.0531536 -0.0039230 -0.0089892 -0.0034548 -0.0038855 0.0002884 0.9999865
2473.852650 -0.0584766 -0.0081503 -0.0115042 0.0360628 -0.0086267 0.0024631 0.9993092
2474.053085 -0.0600534 -0.0103034 -0.0129002 0.0493118 -0.0100653 0.0032712 0.9987274
2474.102764 -0.0617787 -0.0109301 -0.0131432 0.0552051 -0.0108653 0.0033966 0.9984102
2474.451427 -0.0668071 -0.0129718 -0.0157520 0.0789351 -0.0214328 0.0042408 0.9966403
2475.438708 -0.0787432 -0.0191797 -0.0226057 0.1361267 -0.0228981 0.0065904 0.9904048
2476.674364 -0.0908771 -0.0187892 -0.0249095 0.1304070 -0.0173931 0.0085940 0.9912708
2476.824350 -0.0949480 -0.0185506 -0.0252779 0.1335778 -0.0176928 0.0087359 0.9908419
2477.024331 -0.1010696 -0.0191561 -0.0249158 0.1363276 -0.0159350 0.0081703 0.9905019
2477.174316 -0.1009856 -0.0191685 -0.0248540 0.1392646 -0.0157560 0.0084239 0.9900941
2477.624272 -0.1016829 -0.0181176 -0.0261198 0.1353540 -0.0138412 0.0084105 0.9906650
2480.024040 -0.1226901 0.0022158 -0.0227630 -0.0673677 0.0106160 -0.0059017 0.9976543
2480.274016 -0.1237442 0.0023606 -0.0240203 -0.0846018 0.0124211 -0.0073864 0.9963101
2480.673977 -0.1242150 0.0067708 -0.0223022 -0.1102662 0.0164518 -0.0110253 0.9937048
2480.723972 -0.1254316 0.0062123 -0.0232696 -0.1116268 0.0168523 -0.0112039 0.9935442
