2444.927438 0.0000000 0.0000000 0.0000000 -0.0000000 -0.0000000 -0.0000000 1.0000000
2450.076940 -0.0212128 0.0014461 0.0019499 -0.0200807 -0.0304940 -0.0040449 0.9993250
2450.176930 -0.0223412 0.0013849 0.0020089 -0.0199460 -0.0332695 -0.0048021 0.9992358
2450.376911 -0.0255913 0.0011521 0.0019936 -0.0178741 -0.0384380 -0.0109016 0.9990417
2450.726877 -0.0311613 0.0015907 0.0025962 -0.0130101 -0.0477541 -0.0194601 0.9985848
2451.226828 -0.0396895 0.0011840 0.0023142 -0.0117752 -0.0599578 -0.0304467 0.9976670
2451.876765 -0.0513947 0.0020133 0.0020656 -0.0111031 -0.0777148 -0.0405312 0.9960895
2452.526702 -0.0599664 0.0020749 0.0003991 -0.0039965 -0.0946874 -0.0465700 0.9944092
2452.776678 -0.0674243 0.0025664 -0.0017102 -0.0026941 -0.1063587 -0.0500962 0.9930614
2453.026654 -0.0749683 0.0039926 -0.0035309 -0.0090707 -0.1234402 -0.0569380 0.9906757
2453.176639 -0.0768286 0.0036018 -0.0038765 -0.0097992 -0.1249322 -0.0597221 0.9903177
2455.176446 -0.1014085 0.0083179 -0.0059584 -0.0083948 -0.1681458 -0.0982129 0.9808215
2455.326431 -0.1052395 0.0093683 -0.0067163 -0.0075391 -0.1717602 -0.1029939 0.9797111
2456.526315 -0.1215743 0.0142013 -0.0099142 -0.0128109 -0.1864412 -0.1274264 0.9740832
2457.526218 -0.1432803 0.0200014 -0.0181746 -0.0185912 -0.2167507 -0.1517801 0.9641765
2457.576214 -0.1441280 0.0209838 -0.0177430 -0.0169091 -0.2192022 -0.1546239 0.9632009
2457.826189 -0.1521212 0.0226694 -0.0226270 -0.0165562 -0.2266574 -0.1633384 0.9600379
2458.126160 -0.1507962 0.0247572 -0.0225280 -0.0136544 -0.2350767 -0.1668682 0.9574485
2458.226151 -0.1568714 0.0243196 -0.0263168 -0.0100251 -0.2357984 -0.1717999 0.9564431
2458.326141 -0.1591810 0.0253219 -0.0279930 -0.0083491 -0.2396509 -0.1726093 0.9553553
2458.376136 -0.1620351 0.0266064 -0.0283095 -0.0030837 -0.2424391 -0.1752309 0.9542054
2458.676502 -0.1705489 0.0273753 -0.0359689 0.0158907 -0.2636472 -0.1793234 0.9476712
2458.830833 -0.1742237 0.0285869 -0.0386977 0.0224471 -0.2701865 -0.1808801 0.9453982
2458.980345 -0.1780588 0.0290555 -0.0418571 0.0332904 -0.2775785 -0.1823626 0.9426483
2459.387891 -0.1847913 0.0298665 -0.0480792 0.0639083 -0.2953089 -0.1820593 0.9357151
2459.594331 -0.1887826 0.0306717 -0.0512418 0.0789867 -0.3052789 -0.1820365 0.9313585
2459.947655 -0.1964006 0.0323756 -0.0573914 0.1032409 -0.3218555 -0.1830023 0.9231796
2460.048337 -0.1976836 0.0324170 -0.0581964 0.1089024 -0.3254508 -0.1820593 0.9214535
2460.499834 -0.2034962 0.0339785 -0.0630959 0.1297906 -0.3378476 -0.1808570 0.9144967
2461.051855 -0.2112084 0.0364423 -0.0717149 0.1519497 -0.3560192 -0.1794844 0.9044042
2462.152440 -0.2285019 0.0437951 -0.0847622 0.1884125 -0.3830174 -0.1776572 0.8866997
2464.987724 -0.2588044 0.0662455 -0.1190412 0.2072761 -0.4197804 -0.1712805 0.8668818
2465.085364 -0.2583417 0.0665734 -0.1196068 0.2084102 -0.4234309 -0.1710197 0.8648837
2465.775420 -0.2556828 0.0701927 -0.1235739 0.1821970 -0.4190118 -0.1848055 0.8701036
2465.975400 -0.2557176 0.0699836 -0.1234661 0.1722700 -0.4146398 -0.1897159 0.8731579
2466.375362 -0.2525922 0.0742242 -0.1275778 0.1447342 -0.4155690 -0.2031097 0.8747004
2468.025202 -0.2708998 0.0957223 -0.1408599 0.0732592 -0.3874785 -0.2456426 0.8855243
2469.475061 -0.2784303 0.1078536 -0.1525079 0.0353049 -0.3836714 -0.2652394 0.8838540
2469.725037 -0.2819180 0.1099619 -0.1525850 0.0310804 -0.3808931 -0.2670333 0.8846738
2470.943687 -0.2894073 0.1184131 -0.1644099 0.0213654 -0.3787502 -0.2720375 0.8843571
2471.704715 -0.2936813 0.1226228 -0.1707211 0.0199833 -0.3722879 -0.2735581 0.8866614
2472.406208 -0.2987939 0.1289193 -0.1769979 0.0074889 -0.3647505 -0.2805993 0.8877866
2472.706080 -0.3002408 0.1307155 -0.1792953 0.0067634 -0.3683226 -0.2804229 0.8863723
2473.105646 -0.3021860 0.1322845 -0.1828820 0.0094899 -0.3740982 -0.2781908 0.8846301
2473.454862 -0.3055192 0.1312937 -0.1871629 0.0357994 -0.3865732 -0.2644653 0.8828011
2475.438708 -0.3149017 0.1301996 -0.2093470 0.1441640 -0.4345818 -0.2075759 0.8644464
2476.824350 -0.3210507 0.1365708 -0.2214804 0.1422550 -0.4292500 -0.2069648 0.8675676
2476.924340 -0.3228135 0.1379111 -0.2216102 0.1443681 -0.4289618 -0.2062781 0.8675246
2477.524282 -0.3225315 0.1392393 -0.2234707 0.1476449 -0.4270509 -0.2040508 0.8684422
2477.624272 -0.3225656 0.1386600 -0.2232650 0.1445821 -0.4267790 -0.2055220 0.8687441
2477.824253 -0.3207849 0.1414405 -0.2260634 0.1328794 -0.4213859 -0.2121650 0.8716438
2478.024234 -0.3213950 0.1414285 -0.2262123 0.1218196 -0.4186353 -0.2172316 0.8733355
2478.574180 -0.3259406 0.1477722 -0.2282490 0.0841671 -0.4033980 -0.2374509 0.8796608
2478.824156 -0.3272724 0.1506143 -0.2298736 0.0669303 -0.3903575 -0.2482314 0.8840376
2479.524088 -0.3280408 0.1602535 -0.2281383 0.0131067 -0.3687057 -0.2775007 0.8870613
2479.974045 -0.3273610 0.1624376 -0.2281177 -0.0197597 -0.3542905 -0.2950770 0.8871400
2480.723972 -0.3258804 0.1644749 -0.2274818 -0.0594432 -0.3347884 -0.3159245 0.8857624
2480.873958 -0.3251300 0.1650233 -0.2274153 -0.0620986 -0.3333313 -0.3171301 0.8856989
2481.623885 -0.3263245 0.1651472 -0.2273790 -0.0606022 -0.3352187 -0.3162966 0.8853883
