2444.927438 0.0000000 0.0000000 0.0000000 -0.0000000 -0.0000000 -0.0000000 1.0000000
2450.076940 -0.0208210 0.0019841 0.0025304 -0.0198309 -0.0306826 -0.0039182 0.9993248
2450.176930 -0.0221040 0.0016954 0.0027337 -0.0198238 -0.0334038 -0.0047829 0.9992339
2450.476901 -0.0267415 0.0011355 0.0024750 -0.0167434 -0.0420484 -0.0129636 0.9988912
2450.626886 -0.0290624 0.0014520 0.0027689 -0.0154082 -0.0460056 -0.0170238 0.9986773
2451.626790 -0.0468994 0.0015706 0.0024202 -0.0115863 -0.0711156 -0.0369075 0.9967177
2452.126741 -0.0533651 0.0023562 0.0024079 -0.0095782 -0.0853983 -0.0415096 0.9954358
2452.326722 -0.0555658 0.0019534 0.0019336 -0.0059866 -0.0888225 -0.0451568 0.9950053
2452.776678 -0.0673853 0.0030108 -0.0010802 -0.0024546 -0.1064334 -0.0498760 0.9930651
2452.826673 -0.0700999 0.0034146 -0.0023757 -0.0038507 -0.1115271 -0.0508260 0.9924533
2453.026654 -0.0746577 0.0044910 -0.0029462 -0.0088114 -0.1236898 -0.0566907 0.9906611
2453.726586 -0.0817642 0.0048385 -0.0032679 -0.0081338 -0.1351268 -0.0670717 0.9885222
2454.126547 -0.0873566 0.0059796 -0.0031301 -0.0087348 -0.1399747 -0.0766999 0.9871413
2456.276339 -0.1198289 0.0136930 -0.0093501 -0.0122071 -0.1846197 -0.1207636 0.9752860
2456.526315 -0.1198434 0.0134675 -0.0097769 -0.0130363 -0.1871931 -0.1265630 0.9740486
2456.926276 -0.1301617 0.0175742 -0.0120328 -0.0153912 -0.1977860 -0.1379547 0.9703671
2457.576214 -0.1442453 0.0210578 -0.0180597 -0.0167242 -0.2189426 -0.1547055 0.9632500
2457.826189 -0.1498962 0.0229197 -0.0217157 -0.0162690 -0.2275443 -0.1626064 0.9599574
2458.076165 -0.1539716 0.0227946 -0.0250023 -0.0160752 -0.2317662 -0.1667062 0.9582459
2458.576117 -0.1667471 0.0249845 -0.0356762 0.0072508 -0.2558953 -0.1786423 0.9500273
2458.830833 -0.1725219 0.0261807 -0.0409324 0.0219106 -0.2697043 -0.1811673 0.9454935
2459.947655 -0.1957411 0.0302168 -0.0592908 0.1026228 -0.3212492 -0.1831582 0.9234287
2460.147715 -0.1986349 0.0304931 -0.0610137 0.1155709 -0.3294627 -0.1814051 0.9193421
2460.348683 -0.2016976 0.0315928 -0.0633125 0.1240607 -0.3337961 -0.1815785 0.9166343
2461.652508 -0.2220217 0.0412968 -0.0830567 0.1712424 -0.3742146 -0.1831454 0.8928030
2462.152440 -0.2275860 0.0425276 -0.0878010 0.1881055 -0.3821389 -0.1779166 0.8870918
2463.501499 -0.2387061 0.0488708 -0.0995694 0.1916634 -0.3989676 -0.1765375 0.8791612
2465.875410 -0.2579770 0.0695121 -0.1280085 0.1777702 -0.4153522 -0.1878284 0.8721243
2465.975400 -0.2573113 0.0701811 -0.1287407 0.1722743 -0.4130391 -0.1908076 0.8736777
2466.075391 -0.2566519 0.0707108 -0.1291327 0.1672595 -0.4130265 -0.1932420 0.8741229
2467.725231 -0.2716872 0.0930785 -0.1446312 0.0821724 -0.3861675 -0.2414260 0.8864738
2467.925211 -0.2723910 0.0938505 -0.1459042 0.0770168 -0.3823216 -0.2443057 0.8878138
2468.025202 -0.2704188 0.0932965 -0.1460613 0.0723042 -0.3866345 -0.2459182 0.8858951
2468.425163 -0.2757016 0.1000475 -0.1490722 0.0591920 -0.3870839 -0.2535837 0.8845099
2469.475061 -0.2800113 0.1074488 -0.1562178 0.0349835 -0.3824173 -0.2656617 0.8842834
2469.625047 -0.2816344 0.1082586 -0.1571573 0.0325902 -0.3808932 -0.2668926 0.8846619
2469.875023 -0.2821229 0.1088712 -0.1584232 0.0286275 -0.3764240 -0.2689035 0.8861018
2470.787973 -0.2881981 0.1156198 -0.1672150 0.0209457 -0.3742138 -0.2726577 0.8861056
2471.955580 -0.2949682 0.1236216 -0.1770879 0.0129050 -0.3676764 -0.2771241 0.8876091
2472.356351 -0.2984501 0.1272168 -0.1811852 0.0071452 -0.3631398 -0.2807333 0.8884072
2473.255651 -0.3044342 0.1311942 -0.1898481 0.0176361 -0.3774310 -0.2738923 0.8844308
2473.305508 -0.3048882 0.1308005 -0.1905288 0.0219483 -0.3792135 -0.2717499 0.8842326
2473.454862 -0.3063028 0.1301984 -0.1920571 0.0352947 -0.3850318 -0.2648312 0.8833851
2474.252177 -0.3102396 0.1283745 -0.2008259 0.0838447 -0.4098128 -0.2391368 0.8762631
2476.524379 -0.3194355 0.1342740 -0.2214649 0.1346439 -0.4240241 -0.2116163 0.8702259
2476.674364 -0.3226582 0.1356261 -0.2242249 0.1397864 -0.4262331 -0.2094085 0.8688690
2476.824350 -0.3225411 0.1362700 -0.2256361 0.1420466 -0.4278180 -0.2077525 0.8681207
2477.124321 -0.3231510 0.1366488 -0.2258301 0.1467480 -0.4283359 -0.2050209 0.8677326
2477.474287 -0.3234639 0.1379303 -0.2271113 0.1491149 -0.4265168 -0.2035771 0.8685647
2477.574277 -0.3232353 0.1381108 -0.2276002 0.1459673 -0.4258071 -0.2049060 0.8691349
2477.774258 -0.3224822 0.1387141 -0.2284546 0.1350086 -0.4213377 -0.2107724 0.8716778
2478.074229 -0.3241316 0.1414849 -0.2315584 0.1196163 -0.4163969 -0.2196150 0.8741137
2478.574180 -0.3278525 0.1503985 -0.2286816 0.0846867 -0.4024936 -0.2374633 0.8800217
2479.524088 -0.3298330 0.1583422 -0.2329033 0.0121660 -0.3672687 -0.2781813 0.8874575
2479.824059 -0.3300175 0.1597361 -0.2313315 -0.0090074 -0.3580573 -0.2892039 0.8877358
2480.124030 -0.3278918 0.1617091 -0.2312544 -0.0287562 -0.3502080 -0.2992665 0.8871117
2480.424001 -0.3274772 0.1622074 -0.2310787 -0.0466513 -0.3397703 -0.3088187 0.8871363
2480.723972 -0.3268635 0.1644088 -0.2298335 -0.0594984 -0.3337708 -0.3162451 0.8860282
2481.773871 -0.3280715 0.1650517 -0.2303369 -0.0607100 -0.3354524 -0.3162379 0.8853133
