2469.725037 0.0000000 0.0000000 0.0000000 -0.0000000 -0.0000000 -0.0000000 1.0000000
2471.247509 -0.0227766 0.0001337 -0.0027010 -0.0080503 -0.0017614 -0.0002751 0.9999660
2471.349495 -0.0240617 0.0005398 -0.0026538 -0.0074730 -0.0015302 -0.0003560 0.9999709
2471.553643 -0.0263743 0.0004311 -0.0028116 -0.0123165 0.0043879 -0.0008500 0.9999142
2471.854879 -0.0304903 0.0016298 -0.0027373 -0.0203149 0.0061067 -0.0012623 0.9997742
2472.356351 -0.0397046 0.0026118 -0.0032660 -0.0305371 0.0086254 -0.0023139 0.9994938
2472.855789 -0.0459724 0.0018449 -0.0046209 -0.0306845 0.0034265 -0.0020862 0.9995211
2473.155503 -0.0502840 0.0020922 -0.0048587 -0.0233031 -0.0013142 -0.0013781 0.9997267
2473.355662 -0.0531510 -0.0010398 -0.0061957 -0.0025765 -0.0042032 0.0000948 0.9999878
2473.454862 -0.0549521 -0.0016095 -0.0060596 0.0066509 -0.0047372 0.0004532 0.9999666
2473.504185 -0.0555454 -0.0021618 -0.0066479 0.0108451 -0.0059980 0.0005267 0.9999231
2473.852650 -0.0588445 -0.0046834 -0.0081286 0.0371225 -0.0088431 0.0021997 0.9992692
2475.145394 -0.0732711 -0.0128392 -0.0148897 0.1232171 -0.0202638 0.0060629 0.9921543
2475.783953 -0.0813570 -0.0150780 -0.0177436 0.1453908 -0.0218008 0.0069654 0.9891096
2476.524379 -0.0899014 -0.0128000 -0.0182924 0.1257703 -0.0157863 0.0075965 0.9919047
2476.674364 -0.0941447 -0.0138455 -0.0180914 0.1318359 -0.0170296 0.0074437 0.9910973
2476.874345 -0.0949035 -0.0134892 -0.0193002 0.1360460 -0.0181415 0.0080480 0.9905037
2476.974335 -0.0948072 -0.0134852 -0.0192298 0.1372220 -0.0183031 0.0083050 0.9903364
2477.624272 -0.1021266 -0.0143216 -0.0204389 0.1363837 -0.0143009 0.0076290 0.9905235
2477.724263 -0.1022207 -0.0141539 -0.0208019 0.1296589 -0.0135207 0.0077750 0.9914360
2479.374103 -0.1228788 -0.0013215 -0.0186885 -0.0113865 0.0082000 -0.0016308 0.9999002
2479.924050 -0.1228165 0.0039055 -0.0175935 -0.0599079 0.0099697 -0.0058228 0.9981371
2480.124030 -0.1235549 0.0038540 -0.0184585 -0.0738452 0.0104398 -0.0075415 0.9971865
2480.374006 -0.1245988 0.0037391 -0.0193244 -0.0913413 0.0136687 -0.0079778 0.9956939
2480.923953 -0.1229798 0.0078915 -0.0192486 -0.1137365 0.0159902 -0.0107222 0.9933244
2481.423905 -0.1226457 0.0087417 -0.0183849 -0.1138020 0.0166020 -0.0112180 0.9933014
