2469.725037 0.0000000 0.0000000 0.0000000 -0.0000000 -0.0000000 -0.0000000 1.0000000
2470.891756 -0.0152226 0.0007668 -0.0015918 -0.0113867 -0.0001912 -0.0007248 0.9999349
2471.451994 -0.0212556 0.0008207 -0.0022136 -0.0084120 0.0008575 -0.0004995 0.9999642
2471.553643 -0.0223408 0.0007646 -0.0022286 -0.0120981 0.0043554 -0.0008448 0.9999170
2471.604231 -0.0228284 0.0009977 -0.0020804 -0.0143454 0.0049648 -0.0009705 0.9998843
2471.904874 -0.0267090 0.0020418 -0.0023395 -0.0213346 0.0059651 -0.0015569 0.9997534
2472.505783 -0.0355873 0.0022089 -0.0033466 -0.0309140 0.0075549 -0.0021988 0.9994911
2472.755937 -0.0382614 0.0020956 -0.0037151 -0.0311868 0.0044626 -0.0021787 0.9995013
2472.855789 -0.0391175 0.0018676 -0.0037929 -0.0305440 0.0035334 -0.0020076 0.9995252
2473.305508 -0.0448020 -0.0002213 -0.0053943 -0.0095494 -0.0031403 -0.0002732 0.9999495
2474.102764 -0.0528958 -0.0065806 -0.0083673 0.0562560 -0.0109827 0.0031322 0.9983510
2474.252177 -0.0543988 -0.0071601 -0.0090664 0.0661340 -0.0152882 0.0036017 0.9976872
2475.095616 -0.0624881 -0.0116699 -0.0133994 0.1181288 -0.0190842 0.0055715 0.9927993
2476.574374 -0.0787326 -0.0126099 -0.0167270 0.1279760 -0.0158234 0.0075494 0.9916223
2476.674364 -0.0803557 -0.0133336 -0.0166456 0.1312608 -0.0168103 0.0077879 0.9911748
2476.824350 -0.0824398 -0.0126332 -0.0169581 0.1346539 -0.0175671 0.0080691 0.9907041
2476.974335 -0.0844390 -0.0102060 -0.0149462 0.1375857 -0.0168245 0.0078417 0.9903160
2477.274306 -0.0846392 -0.0106307 -0.0154740 0.1435049 -0.0162331 0.0086594 0.9894786
2477.574277 -0.0858990 -0.0099630 -0.0161568 0.1391368 -0.0140570 0.0085929 0.9901361
2478.274210 -0.0905606 -0.0134595 -0.0211980 0.0902659 -0.0099431 0.0055803 0.9958524
2479.524088 -0.1037858 -0.0151162 -0.0329080 -0.0286624 0.0071941 -0.0028199 0.9995593
2481.623885 -0.1051390 -0.0161914 -0.0338128 -0.1218688 0.0155151 -0.0075379 0.9923963
2481.723875 -0.1056178 -0.0159956 -0.0347869 -0.1210905 0.0146499 -0.0075255 0.9925048
2481.923856 -0.1057065 -0.0158081 -0.0353862 -0.1192265 0.0131511 -0.0069729 0.9927555
