2469.675042 0.0000000 0.0000000 0.0000000 -0.0000000 -0.0000000 -0.0000000 1.0000000
2471.097089 -0.0153371 0.0010279 -0.0007632 -0.0105670 -0.0011838 -0.0004591 0.9999434
2471.197514 -0.0165116 0.0007762 -0.0009341 -0.0093690 -0.0013373 -0.0005486 0.9999551
2472.755937 -0.0321870 0.0026480 -0.0016079 -0.0320138 0.0048671 -0.0019538 0.9994737
2472.955937 -0.0335373 0.0027609 -0.0018081 -0.0300014 0.0025442 -0.0015686 0.9995454
2473.155503 -0.0363761 0.0021371 -0.0021309 -0.0241671 -0.0005979 -0.0011774 0.9997071
2473.355662 -0.0382606 0.0004809 -0.0027359 -0.0031904 -0.0035719 0.0001010 0.9999886
2473.405519 -0.0388435 0.0001520 -0.0030475 0.0007118 -0.0038709 0.0002107 0.9999923
2473.454862 -0.0394954 -0.0000617 -0.0028228 0.0059735 -0.0041767 0.0004789 0.9999733
2473.852650 -0.0421490 -0.0024803 -0.0041964 0.0363030 -0.0083552 0.0021604 0.9993036
2473.953411 -0.0423465 -0.0030573 -0.0046362 0.0427933 -0.0091791 0.0024881 0.9990387
2474.947112 -0.0500103 -0.0075924 -0.0076300 0.1134956 -0.0201921 0.0052840 0.9933193
2475.046588 -0.0512712 -0.0076740 -0.0081111 0.1146854 -0.0181756 0.0053415 0.9932212
2476.674364 -0.0670818 -0.0097040 -0.0105478 0.1307351 -0.0165470 0.0073989 0.9912516
2476.824350 -0.0681515 -0.0090550 -0.0105126 0.1341462 -0.0175280 0.0079080 0.9907750
2476.924340 -0.0690251 -0.0093052 -0.0103397 0.1359854 -0.0169614 0.0081841 0.9905318
2477.074326 -0.0693643 -0.0093931 -0.0099975 0.1376030 -0.0165794 0.0082216 0.9903145
2477.524282 -0.0726670 -0.0088077 -0.0103451 0.1392022 -0.0132042 0.0083316 0.9901409
2477.624272 -0.0726916 -0.0095980 -0.0098846 0.1355683 -0.0137060 0.0083093 0.9906384
2479.174122 -0.0865645 -0.0005933 -0.0084694 0.0068848 0.0072584 0.0006422 0.9999498
2480.024040 -0.0879203 0.0078717 -0.0079119 -0.0661171 0.0108092 -0.0053388 0.9977391
2480.623982 -0.0865687 0.0095166 -0.0078459 -0.1075342 0.0156860 -0.0092867 0.9940343
2480.773967 -0.0868617 0.0102459 -0.0069351 -0.1113473 0.0160767 -0.0094477 0.9936066
2481.073938 -0.0867936 0.0101139 -0.0065658 -0.1124846 0.0169776 -0.0099724 0.9934584
2481.623885 -0.0861852 0.0127603 -0.0069530 -0.1103343 0.0143536 -0.0092268 0.9937481
