2461.802790 0.0000000 0.0000000 0.0000000 -0.0000000 -0.0000000 -0.0000000 1.0000000
2462.951493 -0.0049403 -0.0006235 0.0002415 0.0212894 -0.0134466 0.0013419 0.9996821
2463.051681 -0.0049424 -0.0006128 0.0002347 0.0212778 -0.0148187 0.0016464 0.9996625
2463.151691 -0.0049867 -0.0005878 0.0001411 0.0226016 -0.0163259 0.0020523 0.9996091
2464.494153 -0.0060334 0.0002096 -0.0018829 0.0312075 -0.0338258 0.0064072 0.9989198
2465.133957 -0.0166157 -0.0008375 -0.0009877 0.0421815 -0.0410395 0.0016458 0.9982654
2465.875410 -0.0175358 0.0000156 -0.0030745 0.0103255 -0.0396352 -0.0016821 0.9991595
2465.925405 -0.0175243 -0.0001314 -0.0028062 0.0071572 -0.0387557 -0.0015590 0.9992219
2466.075391 -0.0171412 -0.0004944 -0.0022799 -0.0030181 -0.0400688 -0.0016138 0.9991910
2466.125386 -0.0166198 -0.0009135 -0.0014509 -0.0068316 -0.0430091 -0.0007346 0.9990511
2467.625241 -0.0204735 -0.0001065 -0.0076013 -0.1011425 -0.0397892 -0.0138711 0.9939792
2468.425163 -0.0210665 0.0001813 -0.0091785 -0.1298452 -0.0490964 -0.0150923 0.9902030
2468.725134 -0.0214251 -0.0001802 -0.0097159 -0.1381989 -0.0477739 -0.0156937 0.9891272
2468.875119 -0.0214184 -0.0001901 -0.0096544 -0.1427621 -0.0475978 -0.0163895 0.9884760
2469.675042 -0.0216443 -0.0008558 -0.0102009 -0.1622380 -0.0544529 -0.0177515 0.9850881
2469.875023 -0.0218236 -0.0018550 -0.0100410 -0.1680887 -0.0518258 -0.0186233 0.9842324
2470.229730 -0.0279747 0.0007844 -0.0096641 -0.1709989 -0.0494680 -0.0217009 0.9837893
2470.787973 -0.0295314 0.0009791 -0.0098430 -0.1741471 -0.0472002 -0.0221209 0.9833390
2471.502878 -0.0322507 0.0012910 -0.0100445 -0.1712643 -0.0471759 -0.0219400 0.9838504
2471.854879 -0.0326212 0.0011495 -0.0104617 -0.1821134 -0.0436745 -0.0230684 0.9820362
2472.256203 -0.0348382 0.0017405 -0.0106040 -0.1924514 -0.0394772 -0.0253529 0.9801843
2472.605932 -0.0360304 0.0016081 -0.0110467 -0.1915834 -0.0426218 -0.0249510 0.9802330
2473.454862 -0.0386869 0.0006876 -0.0113987 -0.1555337 -0.0544474 -0.0183675 0.9861579
2474.003090 -0.0398440 -0.0005960 -0.0118947 -0.1139949 -0.0607271 -0.0129771 0.9915387
2474.252177 -0.0403885 -0.0012457 -0.0122855 -0.0969086 -0.0658937 -0.0104398 0.9930548
2476.674364 -0.0462577 -0.0035782 -0.0152120 -0.0317633 -0.0689059 -0.0022237 0.9971149
2476.874345 -0.0469307 -0.0036583 -0.0154860 -0.0276807 -0.0693657 -0.0013623 0.9972063
2476.974335 -0.0472288 -0.0033185 -0.0153459 -0.0260966 -0.0691446 -0.0014900 0.9972641
2477.274306 -0.0472502 -0.0034971 -0.0154117 -0.0202852 -0.0684737 -0.0006568 0.9974465
2477.574277 -0.0482209 -0.0033670 -0.0154185 -0.0246561 -0.0655739 -0.0011258 0.9975424
2477.774258 -0.0487785 -0.0031782 -0.0158036 -0.0378543 -0.0633307 -0.0027461 0.9972706
2478.324205 -0.0505131 -0.0021140 -0.0155355 -0.0750675 -0.0605241 -0.0074387 0.9953122
2478.824156 -0.0521937 -0.0016104 -0.0156850 -0.1216558 -0.0491939 -0.0145560 0.9912457
2479.174122 -0.0523963 -0.0007437 -0.0160188 -0.1542114 -0.0450497 -0.0189223 0.9868289
2480.124030 -0.0529603 0.0015722 -0.0164203 -0.2331143 -0.0403995 -0.0303581 0.9711354
2480.324011 -0.0527714 0.0019875 -0.0164191 -0.2480043 -0.0379982 -0.0332063 0.9674438
2480.823963 -0.0526623 0.0022773 -0.0167004 -0.2721683 -0.0347265 -0.0369380 0.9609132
2481.623885 -0.0524290 0.0026017 -0.0164846 -0.2705568 -0.0365409 -0.0361546 0.9613307
