2444.927438 0.0000000 0.0000000 0.0000000 -0.0000000 -0.0000000 -0.0000000 1.0000000
2450.076940 -0.0199579 0.0017210 0.0022057 -0.0199168 -0.0307850 -0.0039692 0.9993197
2450.126935 -0.0206884 0.0017081 0.0022492 -0.0207393 -0.0318622 -0.0037006 0.9992703
2450.476901 -0.0258158 0.0011203 0.0021399 -0.0166910 -0.0421129 -0.0130969 0.9988876
2450.626886 -0.0282323 0.0014557 0.0023322 -0.0153928 -0.0460129 -0.0170791 0.9986762
2451.326819 -0.0401896 0.0011717 0.0020068 -0.0115206 -0.0624269 -0.0322426 0.9974621
2451.826770 -0.0496911 0.0016864 0.0017131 -0.0106057 -0.0758157 -0.0403729 0.9962477
2452.626693 -0.0608693 0.0018099 -0.0006574 -0.0030539 -0.0965692 -0.0477026 0.9941778
2452.826673 -0.0688701 0.0030721 -0.0032109 -0.0039385 -0.1109593 -0.0509627 0.9925096
2453.026654 -0.0732046 0.0038292 -0.0041299 -0.0091016 -0.1231999 -0.0567471 0.9907163
2454.376523 -0.0879650 0.0054226 -0.0045184 -0.0088538 -0.1449686 -0.0813500 0.9860466
2454.776485 -0.0927428 0.0064102 -0.0050271 -0.0070771 -0.1536426 -0.0883280 0.9841453
2456.826286 -0.1251376 0.0149495 -0.0129509 -0.0164526 -0.1937963 -0.1339515 0.9717146
2456.926276 -0.1277381 0.0152707 -0.0141359 -0.0162381 -0.1971637 -0.1377587 0.9705077
2457.576214 -0.1420068 0.0200064 -0.0191612 -0.0171143 -0.2181441 -0.1545212 0.9634539
2457.776194 -0.1462746 0.0218010 -0.0215341 -0.0168943 -0.2251953 -0.1611874 0.9607394
2457.826189 -0.1475524 0.0218748 -0.0228013 -0.0166132 -0.2266462 -0.1623453 0.9602081
2458.276146 -0.1572602 0.0248848 -0.0287494 -0.0094055 -0.2351621 -0.1725604 0.9564691
2458.376136 -0.1560114 0.0261630 -0.0305051 -0.0025733 -0.2421919 -0.1747741 0.9543535
2458.476126 -0.1607987 0.0252362 -0.0323937 0.0036804 -0.2498894 -0.1765963 0.9520270
2458.676502 -0.1679095 0.0267156 -0.0387930 0.0161819 -0.2620670 -0.1797503 0.9480237
2458.880493 -0.1720144 0.0270783 -0.0419887 0.0259334 -0.2710668 -0.1815347 0.9449314
2458.929619 -0.1732278 0.0279672 -0.0419056 0.0291410 -0.2735485 -0.1821989 0.9439945
2459.084542 -0.1765919 0.0281868 -0.0452363 0.0415195 -0.2821543 -0.1822804 0.9409776
2459.594331 -0.1851505 0.0289554 -0.0533090 0.0787484 -0.3040222 -0.1822694 0.9317441
2459.695586 -0.1873837 0.0293270 -0.0547547 0.0847919 -0.3096204 -0.1832355 0.9291772
2459.997887 -0.1928239 0.0301774 -0.0597697 0.1048744 -0.3225788 -0.1829213 0.9227589
2460.499834 -0.1996571 0.0331872 -0.0650880 0.1297985 -0.3365878 -0.1811031 0.9149113
2460.852763 -0.2041159 0.0345534 -0.0700485 0.1449863 -0.3491881 -0.1791577 0.9082671
2461.302502 -0.2127676 0.0353819 -0.0769212 0.1572978 -0.3613424 -0.1814160 0.9009869
2462.401704 -0.2265210 0.0439060 -0.0884505 0.1948578 -0.3880618 -0.1743411 0.8837668
2462.502070 -0.2260818 0.0435871 -0.0894297 0.1958721 -0.3896542 -0.1737169 0.8829644
2465.575439 -0.2544255 0.0666723 -0.1268709 0.1876749 -0.4193541 -0.1834548 0.8690596
2465.875410 -0.2536086 0.0718501 -0.1276680 0.1789990 -0.4143573 -0.1878313 0.8723456
2465.975400 -0.2534614 0.0723000 -0.1283058 0.1733205 -0.4117820 -0.1906053 0.8741083
2466.525347 -0.2517423 0.0731530 -0.1317622 0.1325269 -0.4089223 -0.2096065 0.8782279
2467.225279 -0.2618434 0.0864177 -0.1381836 0.0967285 -0.3967130 -0.2316591 0.8829476
2467.925211 -0.2652836 0.0883545 -0.1465741 0.0759115 -0.3819750 -0.2440458 0.8881296
2468.225183 -0.2681108 0.0952226 -0.1452807 0.0660802 -0.3879601 -0.2489338 0.8849590
2469.375071 -0.2740071 0.1041331 -0.1530207 0.0370283 -0.3825612 -0.2637480 0.8847106
2469.625047 -0.2761962 0.1061678 -0.1553866 0.0325485 -0.3802916 -0.2664975 0.8850413
2469.975013 -0.2783291 0.1091827 -0.1552873 0.0265874 -0.3759202 -0.2697139 0.8861329
2470.686165 -0.2824318 0.1137327 -0.1610446 0.0215918 -0.3731663 -0.2722369 0.8866611
2470.891756 -0.2845425 0.1154673 -0.1640510 0.0212962 -0.3762845 -0.2721857 0.8853651
2471.451994 -0.2877051 0.1181262 -0.1687784 0.0240429 -0.3759282 -0.2708189 0.8858652
2472.505783 -0.2943087 0.1278506 -0.1772395 0.0073144 -0.3638102 -0.2803817 0.8882425
2472.605932 -0.2942030 0.1278477 -0.1773222 0.0074642 -0.3651010 -0.2800662 0.8878111
2473.454862 -0.3009118 0.1292750 -0.1869116 0.0359294 -0.3848587 -0.2642453 0.8836104
2474.749304 -0.3075074 0.1271191 -0.2009075 0.1147883 -0.4227812 -0.2234760 0.8707113
2475.438708 -0.3098447 0.1273210 -0.2075392 0.1440890 -0.4332790 -0.2077694 0.8650662
2476.924340 -0.3165992 0.1345652 -0.2200000 0.1441702 -0.4278648 -0.2061716 0.8681244
2477.074326 -0.3169348 0.1342924 -0.2204247 0.1455054 -0.4277288 -0.2053210 0.8681702
2477.674268 -0.3175244 0.1362745 -0.2236640 0.1418662 -0.4238563 -0.2071247 0.8702409
2478.324205 -0.3208178 0.1418077 -0.2276626 0.1037968 -0.4095915 -0.2279294 0.8772168
2478.474190 -0.3206472 0.1434176 -0.2277590 0.0930705 -0.4056665 -0.2327970 0.8789642
2478.824156 -0.3238246 0.1491812 -0.2287198 0.0674802 -0.3882415 -0.2486232 0.8848172
2480.074035 -0.3223054 0.1589187 -0.2258808 -0.0257491 -0.3509831 -0.2971926 0.8875948
2480.424001 -0.3214254 0.1616152 -0.2245197 -0.0455479 -0.3397378 -0.3079306 0.8875148
2480.723972 -0.3206190 0.1616884 -0.2248865 -0.0593987 -0.3336828 -0.3153416 0.8863900
2480.923953 -0.3205634 0.1618069 -0.2243199 -0.0612955 -0.3326292 -0.3160370 0.8864092
2481.773871 -0.3192707 0.1611176 -0.2244982 -0.0608822 -0.3363335 -0.3149348 0.8854317
