2469.725037 0.0000000 0.0000000 0.0000000 -0.0000000 -0.0000000 -0.0000000 1.0000000
2470.891756 -0.0155926 0.0015744 -0.0017727 -0.0109908 -0.0001524 -0.0007746 0.9999393
2471.298255 -0.0198374 0.0018770 -0.0018829 -0.0059310 -0.0017653 -0.0002258 0.9999809
2471.704715 -0.0239045 0.0019393 -0.0025856 -0.0142072 0.0044327 -0.0007256 0.9998890
2471.955580 -0.0272561 0.0023845 -0.0027824 -0.0225206 0.0057748 -0.0013299 0.9997289
2472.605932 -0.0364375 0.0021866 -0.0039348 -0.0302614 0.0064994 -0.0020635 0.9995188
2472.656085 -0.0377738 0.0024673 -0.0040689 -0.0304820 0.0056505 -0.0020833 0.9995172
2472.855789 -0.0396281 0.0021087 -0.0043726 -0.0304161 0.0036056 -0.0021445 0.9995285
2473.355662 -0.0477420 -0.0005431 -0.0062004 -0.0023207 -0.0032329 -0.0004224 0.9999920
2473.454862 -0.0466326 -0.0015520 -0.0062132 0.0066769 -0.0048664 0.0007538 0.9999656
2474.053085 -0.0487734 -0.0027788 -0.0096471 0.0518847 -0.0113826 0.0034467 0.9985822
2475.145394 -0.0618511 -0.0119741 -0.0145302 0.1229358 -0.0205578 0.0064711 0.9921806
2476.029050 -0.0731483 -0.0140680 -0.0179119 0.1388747 -0.0231218 0.0073642 0.9900126
2476.229050 -0.0750884 -0.0134460 -0.0182043 0.1308792 -0.0201400 0.0071943 0.9911676
2476.325840 -0.0761677 -0.0129986 -0.0188912 0.1291170 -0.0184731 0.0071743 0.9914314
2477.074326 -0.0826937 -0.0138660 -0.0202361 0.1379191 -0.0172009 0.0084359 0.9902582
2477.174316 -0.0831683 -0.0144021 -0.0203677 0.1400013 -0.0171327 0.0087796 0.9899641
2477.324302 -0.0849267 -0.0139151 -0.0212803 0.1417698 -0.0159315 0.0083743 0.9897361
2477.624272 -0.0872748 -0.0143603 -0.0216245 0.1359269 -0.0142812 0.0080376 0.9905833
2479.724069 -0.1045218 -0.0032931 -0.0228226 -0.0399470 0.0075402 -0.0030835 0.9991686
2479.924050 -0.1039681 -0.0034249 -0.0218389 -0.0621810 0.0095668 -0.0041786 0.9980103
2480.623982 -0.1047675 -0.0036253 -0.0227143 -0.1119866 0.0158159 -0.0097624 0.9935359
2480.723972 -0.1045699 -0.0035088 -0.0228229 -0.1152404 0.0153634 -0.0106147 0.9931622
2481.773871 -0.1060911 -0.0031855 -0.0250442 -0.1156752 0.0135757 -0.0095191 0.9931487
