2461.752795 0.0000000 0.0000000 0.0000000 -0.0000000 -0.0000000 -0.0000000 1.0000000
2463.151691 -0.0076701 -0.0008969 0.0004243 0.0246193 -0.0155600 0.0007603 0.9995755
2463.251326 -0.0076666 -0.0009099 0.0004554 0.0243430 -0.0164827 0.0008371 0.9995674
2463.301321 -0.0076610 -0.0009525 0.0004648 0.0235641 -0.0167145 0.0009921 0.9995821
2464.395328 -0.0086835 -0.0000913 -0.0015156 0.0324415 -0.0309932 0.0045969 0.9989824
2464.987724 -0.0188460 -0.0012462 -0.0006446 0.0450402 -0.0370209 0.0017158 0.9982975
2465.525819 -0.0194606 -0.0006483 -0.0022069 0.0276963 -0.0447691 0.0005067 0.9986132
2465.875410 -0.0198075 -0.0004153 -0.0027389 0.0120105 -0.0407205 -0.0008247 0.9990981
2466.075391 -0.0202608 -0.0000604 -0.0035966 -0.0001870 -0.0403687 -0.0012662 0.9991841
2466.375362 -0.0204253 0.0003891 -0.0046926 -0.0244966 -0.0469181 -0.0023132 0.9985957
2469.675042 -0.0379402 0.0053195 -0.0050936 -0.1566029 -0.0445630 -0.0203732 0.9864455
2469.725037 -0.0378614 0.0054645 -0.0049097 -0.1578351 -0.0442654 -0.0203258 0.9862634
2469.775032 -0.0380365 0.0057297 -0.0048946 -0.1584765 -0.0433061 -0.0207405 0.9861945
2470.075398 -0.0397390 0.0056170 -0.0053519 -0.1643056 -0.0427828 -0.0216572 0.9852433
2471.349495 -0.0445028 0.0055664 -0.0062823 -0.1650799 -0.0456807 -0.0208113 0.9850019
2471.502878 -0.0451249 0.0055301 -0.0063221 -0.1670522 -0.0421682 -0.0216212 0.9848086
2472.106039 -0.0477820 0.0060559 -0.0068606 -0.1840829 -0.0344507 -0.0250557 0.9819872
2472.605932 -0.0499332 0.0062704 -0.0073273 -0.1870622 -0.0371520 -0.0251277 0.9813237
2472.955937 -0.0511515 0.0060243 -0.0076430 -0.1863636 -0.0414101 -0.0240147 0.9813140
2473.454862 -0.0532925 0.0048405 -0.0079011 -0.1513126 -0.0486671 -0.0190127 0.9871041
2474.053085 -0.0549954 0.0030951 -0.0087049 -0.1081474 -0.0543956 -0.0138526 0.9925489
2475.537454 -0.0603961 0.0002270 -0.0101550 -0.0153163 -0.0675068 -0.0043472 0.9975918
2476.624369 -0.0648925 0.0007245 -0.0109651 -0.0295523 -0.0604233 -0.0053095 0.9977212
2477.024331 -0.0652925 0.0002794 -0.0120851 -0.0211325 -0.0619165 -0.0032745 0.9978523
2477.124321 -0.0652801 0.0002223 -0.0120584 -0.0189869 -0.0614637 -0.0028437 0.9979247
2477.574277 -0.0658219 0.0002942 -0.0124282 -0.0204515 -0.0589306 -0.0029859 0.9980481
2477.774258 -0.0658599 0.0004364 -0.0130212 -0.0336072 -0.0569988 -0.0039538 0.9978006
2478.074229 -0.0677543 0.0004549 -0.0133548 -0.0520310 -0.0556297 -0.0066248 0.9970728
2478.824156 -0.0707479 0.0025527 -0.0130630 -0.1170923 -0.0421871 -0.0158593 0.9920979
2479.174122 -0.0711532 0.0038840 -0.0139482 -0.1496109 -0.0375427 -0.0191883 0.9878456
2479.824059 -0.0726069 0.0037083 -0.0147574 -0.2071621 -0.0339854 -0.0275725 0.9773273
2480.074035 -0.0722435 0.0068795 -0.0132729 -0.2250735 -0.0327285 -0.0306031 0.9733109
2480.723972 -0.0713503 0.0076730 -0.0141536 -0.2649094 -0.0279934 -0.0366479 0.9631699
2480.923953 -0.0713903 0.0077731 -0.0144209 -0.2670617 -0.0272923 -0.0369301 0.9625847
2481.023943 -0.0714498 0.0077282 -0.0140594 -0.2658849 -0.0269491 -0.0368046 0.9629250
