2444.927438 0.0000000 0.0000000 0.0000000 -0.0000000 -0.0000000 -0.0000000 1.0000000
2450.076940 -0.0205035 0.0016443 0.0020961 -0.0199564 -0.0304069 -0.0041808 0.9993296
2450.126935 -0.0209649 0.0018278 0.0023283 -0.0206785 -0.0316431 -0.0036599 0.9992786
2450.276920 -0.0225016 0.0013025 0.0021994 -0.0185050 -0.0354499 -0.0073521 0.9991731
2451.626790 -0.0448140 0.0012537 0.0020622 -0.0117488 -0.0712942 -0.0367280 0.9967097
2451.676785 -0.0463501 0.0013150 0.0019251 -0.0120120 -0.0719748 -0.0374554 0.9966305
2452.026751 -0.0512806 0.0015726 0.0016452 -0.0106991 -0.0821798 -0.0414477 0.9956978
2452.726683 -0.0635209 0.0021674 -0.0011720 -0.0038540 -0.1022277 -0.0481493 0.9935876
2452.826673 -0.0685873 0.0027563 -0.0029642 -0.0041307 -0.1108551 -0.0512138 0.9925076
2453.026654 -0.0725249 0.0037813 -0.0037750 -0.0091195 -0.1232577 -0.0569949 0.9906947
2454.726489 -0.0907693 0.0069865 -0.0041164 -0.0093861 -0.1533365 -0.0855961 0.9844152
2456.076359 -0.1132197 0.0121631 -0.0095024 -0.0115081 -0.1827424 -0.1169386 0.9761138
2456.226344 -0.1147664 0.0118506 -0.0099797 -0.0124991 -0.1841656 -0.1195571 0.9755167
2456.926276 -0.1259807 0.0153430 -0.0130853 -0.0161609 -0.1975018 -0.1379033 0.9704198
2457.276243 -0.1337832 0.0178569 -0.0153401 -0.0184459 -0.2075390 -0.1459123 0.9671075
2457.576214 -0.1399948 0.0198964 -0.0177925 -0.0170961 -0.2186043 -0.1545634 0.9633431
2457.826189 -0.1454345 0.0222426 -0.0211742 -0.0163540 -0.2270724 -0.1624855 0.9600881
2458.176155 -0.1524137 0.0231162 -0.0261567 -0.0114725 -0.2330720 -0.1707072 0.9572904
2458.276146 -0.1526706 0.0228145 -0.0275175 -0.0101925 -0.2364055 -0.1717322 0.9563036
2458.376136 -0.1553586 0.0253842 -0.0297130 -0.0028896 -0.2419098 -0.1749035 0.9544004
2458.476126 -0.1600795 0.0252879 -0.0328988 0.0041378 -0.2491180 -0.1773680 0.9520838
2458.626112 -0.1637892 0.0262330 -0.0350253 0.0101239 -0.2586247 -0.1783592 0.9493149
2458.880493 -0.1700521 0.0272810 -0.0407424 0.0264103 -0.2711129 -0.1819547 0.9448242
2458.980345 -0.1724208 0.0275052 -0.0422489 0.0334545 -0.2766593 -0.1827218 0.9428431
2459.136493 -0.1757535 0.0294291 -0.0448824 0.0463035 -0.2844665 -0.1829429 0.9399291
2459.287288 -0.1782066 0.0281969 -0.0469293 0.0591356 -0.2918625 -0.1824539 0.9370325
2460.398896 -0.1966838 0.0333690 -0.0620116 0.1273493 -0.3343852 -0.1810490 0.9160731
2460.499834 -0.1967505 0.0327515 -0.0625701 0.1299338 -0.3368982 -0.1810052 0.9147972
2461.502147 -0.2133130 0.0397800 -0.0769679 0.1629312 -0.3682300 -0.1842892 0.8966033
2462.152440 -0.2217440 0.0431525 -0.0834127 0.1889180 -0.3817831 -0.1780372 0.8870481
2462.302070 -0.2218432 0.0434066 -0.0843295 0.1929594 -0.3861723 -0.1756989 0.8847415
2463.551494 -0.2314985 0.0501721 -0.0949368 0.1936323 -0.3996372 -0.1761806 0.8784971
2465.775420 -0.2509856 0.0692474 -0.1226766 0.1828598 -0.4168974 -0.1859471 0.8707368
2465.975400 -0.2508388 0.0695726 -0.1228836 0.1731197 -0.4124045 -0.1910755 0.8737518
2466.075391 -0.2504625 0.0697161 -0.1234243 0.1675754 -0.4126134 -0.1930546 0.8742989
2466.375362 -0.2475228 0.0739054 -0.1272923 0.1450575 -0.4138575 -0.2032765 0.8754194
2467.625241 -0.2612310 0.0910825 -0.1361499 0.0861049 -0.3883945 -0.2386329 0.8858837
2468.075197 -0.2633688 0.0942763 -0.1384397 0.0718993 -0.3866737 -0.2463388 0.8857941
2468.175187 -0.2639053 0.0950993 -0.1398389 0.0681336 -0.3881137 -0.2478919 0.8850284
2470.483498 -0.2763227 0.1112618 -0.1548488 0.0220958 -0.3734052 -0.2726372 0.8864250
2470.839706 -0.2787071 0.1131824 -0.1581028 0.0215488 -0.3760146 -0.2722412 0.8854566
2470.943687 -0.2798543 0.1138658 -0.1592678 0.0215063 -0.3777798 -0.2722321 0.8847088
2472.356351 -0.2881931 0.1242805 -0.1705692 0.0080423 -0.3634965 -0.2805257 0.8883192
2472.955937 -0.2914278 0.1272041 -0.1754496 0.0073019 -0.3693327 -0.2799579 0.8860946
2473.105646 -0.2915220 0.1274809 -0.1763090 0.0097720 -0.3734140 -0.2780889 0.8849481
2474.053085 -0.2976048 0.1254634 -0.1872022 0.0725947 -0.4016661 -0.2455204 0.8792691
2474.252177 -0.2997704 0.1259841 -0.1893791 0.0849737 -0.4100319 -0.2391331 0.8760529
2476.624369 -0.3105717 0.1310427 -0.2111038 0.1384049 -0.4256364 -0.2100849 0.8692192
2476.774355 -0.3105243 0.1316319 -0.2121841 0.1416355 -0.4285263 -0.2077631 0.8678359
2476.974335 -0.3116584 0.1330810 -0.2141001 0.1447779 -0.4281978 -0.2063550 0.8678155
2477.124321 -0.3117687 0.1327857 -0.2140313 0.1473554 -0.4284318 -0.2045205 0.8677004
2477.774258 -0.3139732 0.1372942 -0.2185484 0.1360539 -0.4205588 -0.2105954 0.8719342
2477.874248 -0.3144292 0.1372709 -0.2190960 0.1308781 -0.4187793 -0.2135112 0.8728733
2478.024234 -0.3135512 0.1375852 -0.2201833 0.1220019 -0.4168347 -0.2178882 0.8740075
2478.824156 -0.3194284 0.1470090 -0.2231797 0.0675104 -0.3884293 -0.2486122 0.8847356
2479.174122 -0.3187715 0.1497277 -0.2220016 0.0397004 -0.3765763 -0.2625923 0.8875018
2480.424001 -0.3160351 0.1605578 -0.2185194 -0.0448910 -0.3401291 -0.3080010 0.8873739
2480.623982 -0.3152805 0.1601391 -0.2180534 -0.0559551 -0.3354262 -0.3137667 0.8865150
2481.623885 -0.3151291 0.1601381 -0.2177141 -0.0602735 -0.3351273 -0.3153993 0.8857653
2481.923856 -0.3147127 0.1602955 -0.2168224 -0.0588479 -0.3382276 -0.3141402 0.8851299
