2444.927438 0.0000000 0.0000000 0.0000000 -0.0000000 -0.0000000 -0.0000000 1.0000000
2450.076940 -0.0216017 0.0016789 0.0021966 -0.0199058 -0.0303241 -0.0041289 0.9993334
2450.376911 -0.0254582 0.0014029 0.0024904 -0.0177864 -0.0385653 -0.0106994 0.9990405
2450.476901 -0.0272487 0.0010907 0.0023122 -0.0167156 -0.0418501 -0.0130550 0.9988988
2450.576891 -0.0286047 0.0009507 0.0022815 -0.0159459 -0.0444606 -0.0149527 0.9987720
2450.976852 -0.0352014 0.0008237 0.0024570 -0.0124805 -0.0534176 -0.0247542 0.9981874
2451.826770 -0.0511221 0.0014738 0.0018578 -0.0106665 -0.0759500 -0.0402307 0.9962426
2452.126741 -0.0539141 0.0018588 0.0019058 -0.0097661 -0.0851787 -0.0415269 0.9954520
2452.726683 -0.0662901 0.0019569 -0.0013320 -0.0039831 -0.1020506 -0.0481545 0.9936051
2452.826673 -0.0709343 0.0027534 -0.0029702 -0.0041507 -0.1111546 -0.0509412 0.9924880
2453.026654 -0.0756121 0.0036504 -0.0038820 -0.0092166 -0.1233476 -0.0568460 0.9906912
2453.176639 -0.0774914 0.0039398 -0.0036349 -0.0096682 -0.1248279 -0.0595509 0.9903425
2454.376523 -0.0907100 0.0055023 -0.0043511 -0.0088501 -0.1451042 -0.0812423 0.9860356
2457.026267 -0.1334014 0.0165429 -0.0146372 -0.0171067 -0.1997991 -0.1388808 0.9697937
2457.576214 -0.1456163 0.0200053 -0.0193798 -0.0173480 -0.2187259 -0.1542608 0.9633596
2457.776194 -0.1504664 0.0219253 -0.0221131 -0.0170948 -0.2255208 -0.1611041 0.9606735
2457.826189 -0.1513880 0.0222580 -0.0230178 -0.0166287 -0.2271760 -0.1623526 0.9600814
2458.126160 -0.1568517 0.0239028 -0.0249244 -0.0139586 -0.2327383 -0.1679825 0.9578204
2458.276146 -0.1604039 0.0255047 -0.0268162 -0.0093197 -0.2364243 -0.1720146 0.9562572
2458.476126 -0.1656831 0.0246904 -0.0320383 0.0032251 -0.2503396 -0.1764689 0.9519341
2458.526122 -0.1677805 0.0261322 -0.0327525 0.0048946 -0.2529228 -0.1768754 0.9511684
2458.576117 -0.1693402 0.0261439 -0.0345455 0.0073835 -0.2563227 -0.1779428 0.9500424
2458.728235 -0.1733256 0.0261624 -0.0374707 0.0165788 -0.2657759 -0.1791346 0.9471004
2458.880493 -0.1813047 0.0273364 -0.0433200 0.0258311 -0.2698044 -0.1826535 0.9450799
2458.980345 -0.1810671 0.0267148 -0.0442792 0.0325086 -0.2765668 -0.1825299 0.9429405
2459.187575 -0.1812401 0.0270777 -0.0457936 0.0493010 -0.2886341 -0.1819868 0.9386909
2459.337284 -0.1812070 0.0265199 -0.0464708 0.0608070 -0.2964765 -0.1802454 0.9359037
2459.594331 -0.1888869 0.0285846 -0.0520607 0.0783305 -0.3054749 -0.1813036 0.9314926
2460.398896 -0.2041200 0.0329515 -0.0637855 0.1266816 -0.3353386 -0.1803765 0.9159498
2460.651143 -0.2046797 0.0294472 -0.0666875 0.1334889 -0.3415342 -0.1793311 0.9128940
2461.352873 -0.2174585 0.0366579 -0.0768702 0.1600565 -0.3643889 -0.1803452 0.8994878
2463.101874 -0.2398921 0.0490840 -0.0980427 0.1919669 -0.3963485 -0.1758848 0.8804097
2463.701124 -0.2394168 0.0497094 -0.0982547 0.1928614 -0.4044024 -0.1748514 0.8767498
2465.332179 -0.2574098 0.0662405 -0.1243211 0.1978943 -0.4252673 -0.1757663 0.8655009
2465.381345 -0.2574054 0.0663650 -0.1246237 0.1957105 -0.4252575 -0.1767218 0.8658077
2465.875410 -0.2643401 0.0706919 -0.1303482 0.1779376 -0.4147413 -0.1878099 0.8723849
2466.075391 -0.2627610 0.0720330 -0.1316074 0.1673120 -0.4125032 -0.1931473 0.8743809
2466.375362 -0.2603326 0.0759686 -0.1353921 0.1446980 -0.4137671 -0.2031186 0.8755582
2466.525347 -0.2602213 0.0759365 -0.1357455 0.1325982 -0.4092646 -0.2092930 0.8781325
2466.675333 -0.2632588 0.0808660 -0.1346634 0.1201405 -0.4015629 -0.2179576 0.8813671
2468.825124 -0.2786644 0.1028515 -0.1509675 0.0508371 -0.3836651 -0.2567308 0.8856105
2469.475061 -0.2822118 0.1075219 -0.1565462 0.0346201 -0.3831945 -0.2646073 0.8842773
2469.625047 -0.2844256 0.1087673 -0.1568187 0.0324035 -0.3816938 -0.2660148 0.8845881
2470.686165 -0.2903202 0.1154067 -0.1647240 0.0211317 -0.3742177 -0.2719659 0.8863121
2470.891756 -0.2921569 0.1173478 -0.1679174 0.0209945 -0.3774214 -0.2718838 0.8849811
2472.505783 -0.3016561 0.1284115 -0.1815687 0.0063178 -0.3652638 -0.2800343 0.8877631
2473.305508 -0.3075020 0.1308158 -0.1900890 0.0216268 -0.3802637 -0.2709468 0.8840361
2473.454862 -0.3084539 0.1304962 -0.1913598 0.0352212 -0.3863363 -0.2638935 0.8830990
2474.749304 -0.3159575 0.1289601 -0.2062862 0.1142694 -0.4237335 -0.2231635 0.8703967
2475.145394 -0.3173157 0.1294075 -0.2105986 0.1320700 -0.4277010 -0.2134166 0.8683794
2476.574374 -0.3243423 0.1363737 -0.2220756 0.1372309 -0.4255786 -0.2097818 0.8695068
2476.674364 -0.3245771 0.1355861 -0.2232838 0.1395354 -0.4275153 -0.2081610 0.8685790
2477.024331 -0.3264462 0.1370125 -0.2269064 0.1444828 -0.4286275 -0.2053067 0.8679011
2477.524282 -0.3263759 0.1385456 -0.2278151 0.1470488 -0.4265726 -0.2035231 0.8689021
2478.724166 -0.3327459 0.1511493 -0.2345306 0.0742785 -0.3945216 -0.2434104 0.8829421
2478.874151 -0.3333475 0.1529543 -0.2359474 0.0635534 -0.3863939 -0.2503300 0.8854353
2479.824059 -0.3325681 0.1606866 -0.2330422 -0.0090717 -0.3590247 -0.2881922 0.8876736
2480.024040 -0.3320294 0.1633429 -0.2326736 -0.0232454 -0.3524505 -0.2957690 0.8875579
2480.723972 -0.3301138 0.1657863 -0.2310482 -0.0595980 -0.3345387 -0.3154034 0.8860320
2481.473900 -0.3297771 0.1659117 -0.2303777 -0.0612967 -0.3330592 -0.3163692 0.8861291
2481.773871 -0.3300582 0.1650290 -0.2323104 -0.0612560 -0.3365701 -0.3154609 0.8851286
