2469.725037 0.0000000 0.0000000 0.0000000 -0.0000000 -0.0000000 -0.0000000 1.0000000
2471.147519 -0.0166916 0.0007454 -0.0016349 -0.0088939 -0.0019076 -0.0005738 0.9999585
2471.247509 -0.0175807 0.0007096 -0.0016546 -0.0077999 -0.0016589 -0.0004209 0.9999681
2471.604231 -0.0208897 0.0007685 -0.0020235 -0.0143987 0.0050635 -0.0011723 0.9998829
2472.055886 -0.0266479 0.0018873 -0.0024025 -0.0245179 0.0074582 -0.0017888 0.9996700
2472.206050 -0.0283621 0.0025961 -0.0019515 -0.0294713 0.0102239 -0.0020075 0.9995113
2473.055789 -0.0373420 0.0015407 -0.0038722 -0.0275625 0.0006763 -0.0017524 0.9996184
2473.105646 -0.0379468 0.0016294 -0.0036381 -0.0253945 -0.0005609 -0.0016367 0.9996760
2473.255651 -0.0399723 0.0004206 -0.0041370 -0.0147267 -0.0027603 -0.0008221 0.9998874
2473.355662 -0.0409857 -0.0002882 -0.0045219 -0.0023122 -0.0040271 -0.0000016 0.9999892
2473.653795 -0.0432014 -0.0027007 -0.0059053 0.0245860 -0.0084802 0.0016040 0.9996605
2474.003090 -0.0459841 -0.0046452 -0.0069260 0.0489061 -0.0107302 0.0027970 0.9987418
2476.325840 -0.0684168 -0.0114785 -0.0153763 0.1291614 -0.0184897 0.0070554 0.9914261
2476.624369 -0.0707083 -0.0110357 -0.0151942 0.1292290 -0.0166424 0.0077450 0.9914449
2476.774355 -0.0721503 -0.0121315 -0.0163237 0.1332534 -0.0187248 0.0080765 0.9908722
2476.974335 -0.0737365 -0.0122415 -0.0162625 0.1365569 -0.0178291 0.0081098 0.9904386
2477.074326 -0.0746790 -0.0122863 -0.0158543 0.1379413 -0.0170082 0.0082083 0.9902604
2477.574277 -0.0776460 -0.0113259 -0.0151878 0.1383986 -0.0142305 0.0081972 0.9902405
2480.124030 -0.0962489 0.0050653 -0.0143508 -0.0724205 0.0112570 -0.0060111 0.9972926
2480.274016 -0.0939816 0.0082595 -0.0122816 -0.0821292 0.0121079 -0.0075741 0.9965194
2481.223924 -0.0937353 0.0074408 -0.0115545 -0.1139599 0.0164970 -0.0111172 0.9932862
2481.523895 -0.0940714 0.0067308 -0.0122297 -0.1133305 0.0161860 -0.0111710 0.9933627
2481.723875 -0.0951520 0.0068687 -0.0142459 -0.1119699 0.0144378 -0.0103931 0.9935524
