2469.725037 0.0000000 0.0000000 0.0000000 -0.0000000 -0.0000000 -0.0000000 1.0000000
2471.247509 -0.0204614 -0.0012148 -0.0033902 -0.0085049 -0.0016393 -0.0003436 0.9999624
2471.451994 -0.0221947 -0.0007498 -0.0035984 -0.0090019 0.0008553 -0.0005112 0.9999590
2471.804883 -0.0265149 -0.0003360 -0.0040804 -0.0180234 0.0053376 -0.0011856 0.9998226
2471.904874 -0.0277726 0.0000509 -0.0041880 -0.0220853 0.0059231 -0.0013794 0.9997376
2472.356351 -0.0353463 0.0006435 -0.0044995 -0.0311024 0.0086572 -0.0023267 0.9994760
2472.706080 -0.0394794 0.0006596 -0.0051123 -0.0308585 0.0044155 -0.0022291 0.9995115
2473.255651 -0.0464954 -0.0017302 -0.0068599 -0.0155277 -0.0026820 -0.0006248 0.9998757
2473.355662 -0.0473796 -0.0034201 -0.0076111 -0.0034538 -0.0041015 0.0001634 0.9999856
2473.454862 -0.0489350 -0.0039424 -0.0077900 0.0058002 -0.0047138 0.0006561 0.9999719
2473.653795 -0.0507730 -0.0056746 -0.0089685 0.0236501 -0.0082690 0.0015297 0.9996849
2474.102764 -0.0547180 -0.0094130 -0.0107649 0.0553177 -0.0112770 0.0033795 0.9983994
2474.202182 -0.0560822 -0.0093347 -0.0117016 0.0630692 -0.0134337 0.0039601 0.9979109
2476.029050 -0.0772208 -0.0165894 -0.0209927 0.1380862 -0.0228188 0.0073618 0.9901299
2476.374393 -0.0790988 -0.0164329 -0.0212628 0.1270859 -0.0181683 0.0074879 0.9916970
2476.824350 -0.0842622 -0.0164516 -0.0229199 0.1335710 -0.0182333 0.0084837 0.9908352
2476.974335 -0.0853979 -0.0164039 -0.0225593 0.1357621 -0.0177620 0.0086860 0.9905441
2477.324302 -0.0899585 -0.0164023 -0.0230341 0.1409557 -0.0153179 0.0084895 0.9898610
2477.574277 -0.0918691 -0.0156389 -0.0230391 0.1373444 -0.0136079 0.0084735 0.9903936
2477.624272 -0.0920162 -0.0157659 -0.0232379 0.1353804 -0.0137672 0.0085885 0.9906608
2479.524088 -0.1121396 -0.0031805 -0.0271503 -0.0254067 0.0076686 -0.0023147 0.9996451
2479.574084 -0.1112590 -0.0033098 -0.0257571 -0.0317234 0.0075289 -0.0030667 0.9994636
2480.124030 -0.1112185 -0.0033537 -0.0259617 -0.0762118 0.0109483 -0.0062280 0.9970121
2481.623885 -0.1099219 -0.0037491 -0.0245653 -0.1168952 0.0143367 -0.0101894 0.9929885
2481.773871 -0.1116509 -0.0033478 -0.0268669 -0.1162257 0.0134756 -0.0095865 0.9930851
