2444.927438 0.0000000 0.0000000 0.0000000 -0.0000000 -0.0000000 -0.0000000 1.0000000
2450.076940 -0.0199236 0.0018332 0.0022465 -0.0198201 -0.0306692 -0.0040429 0.9993249
2450.126935 -0.0204262 0.0018280 0.0023593 -0.0206671 -0.0319183 -0.0037721 0.9992697
2450.376911 -0.0235209 0.0015287 0.0025292 -0.0177369 -0.0389817 -0.0106614 0.9990256
2450.626886 -0.0275276 0.0015991 0.0024963 -0.0153411 -0.0461946 -0.0170241 0.9986696
2450.976852 -0.0330752 0.0012755 0.0025372 -0.0122806 -0.0537149 -0.0248125 0.9981725
2451.226828 -0.0373422 0.0013723 0.0022251 -0.0116604 -0.0602938 -0.0303392 0.9976513
2451.326819 -0.0390646 0.0015730 0.0023714 -0.0113146 -0.0627918 -0.0322311 0.9974419
2451.826770 -0.0477419 0.0017185 0.0020295 -0.0105783 -0.0765604 -0.0401923 0.9961984
2452.326722 -0.0528619 0.0017706 0.0015479 -0.0060581 -0.0890608 -0.0451784 0.9949826
2453.026654 -0.0711468 0.0038072 -0.0033948 -0.0090727 -0.1239532 -0.0567012 0.9906252
2453.176639 -0.0728242 0.0040834 -0.0032150 -0.0094909 -0.1254718 -0.0594408 0.9902694
2453.726586 -0.0780278 0.0046208 -0.0031442 -0.0081671 -0.1354220 -0.0670951 0.9884799
2457.126257 -0.1280438 0.0168180 -0.0136758 -0.0166439 -0.2029621 -0.1426586 0.9685959
2457.276243 -0.1317757 0.0189240 -0.0141695 -0.0178270 -0.2084040 -0.1460569 0.9669113
2457.576214 -0.1376366 0.0192860 -0.0180004 -0.0172130 -0.2196125 -0.1544872 0.9631240
2457.826189 -0.1428333 0.0213569 -0.0216719 -0.0165422 -0.2281808 -0.1623504 0.9598449
2457.976175 -0.1449696 0.0210709 -0.0239564 -0.0169215 -0.2314413 -0.1656078 0.9585002
2458.326141 -0.1510195 0.0233836 -0.0284727 -0.0086194 -0.2402588 -0.1721854 0.9552767
2458.376136 -0.1533420 0.0248175 -0.0291807 -0.0029313 -0.2429808 -0.1749404 0.9541214
2458.626112 -0.1610015 0.0255377 -0.0344846 0.0099013 -0.2602456 -0.1780119 0.9489394
2458.676502 -0.1625401 0.0260707 -0.0359084 0.0159164 -0.2641083 -0.1789636 0.9476104
2458.880493 -0.1668240 0.0268952 -0.0401211 0.0261298 -0.2726669 -0.1810427 0.9445600
2459.187575 -0.1732656 0.0291626 -0.0451605 0.0507897 -0.2885305 -0.1826723 0.9385102
2459.337284 -0.1758083 0.0281895 -0.0467449 0.0618945 -0.2953219 -0.1814168 0.9359712
2459.594331 -0.1799272 0.0286872 -0.0506225 0.0788335 -0.3058364 -0.1814799 0.9312972
2459.746055 -0.1827856 0.0281500 -0.0534021 0.0879089 -0.3142446 -0.1824044 0.9274972
2460.048337 -0.1888880 0.0304929 -0.0570403 0.1088381 -0.3260718 -0.1816816 0.9213160
2461.752795 -0.2141000 0.0408176 -0.0803389 0.1746693 -0.3794315 -0.1830046 0.8899616
2463.101874 -0.2261004 0.0472559 -0.0916878 0.1922141 -0.3979833 -0.1752803 0.8797385
2464.296009 -0.2323437 0.0538441 -0.1015379 0.1964162 -0.4100862 -0.1735209 0.8735791
2465.775420 -0.2456941 0.0679321 -0.1219828 0.1824331 -0.4192303 -0.1844922 0.8700154
2465.875410 -0.2457950 0.0678231 -0.1218203 0.1782272 -0.4171233 -0.1866982 0.8714281
2465.975400 -0.2452767 0.0684488 -0.1223608 0.1725971 -0.4147878 -0.1893747 0.8730971
2466.075391 -0.2451178 0.0684380 -0.1225082 0.1673408 -0.4148465 -0.1916896 0.8735873
2467.675236 -0.2581047 0.0884675 -0.1398237 0.0835073 -0.3885565 -0.2396415 0.8857892
2467.925211 -0.2592104 0.0894164 -0.1410597 0.0768664 -0.3840322 -0.2434691 0.8873183
2468.025202 -0.2570354 0.0888917 -0.1406882 0.0723165 -0.3884652 -0.2450420 0.8853358
2468.475158 -0.2622292 0.0964718 -0.1431432 0.0589079 -0.3889098 -0.2521705 0.8841318
2470.635558 -0.2739379 0.1104531 -0.1574225 0.0215368 -0.3750420 -0.2719836 0.8859484
2470.839706 -0.2756602 0.1120492 -0.1601890 0.0212213 -0.3777933 -0.2718383 0.8848310
2471.451994 -0.2794834 0.1152726 -0.1653418 0.0239673 -0.3782830 -0.2704172 0.8849871
2472.306356 -0.2850550 0.1222140 -0.1720599 0.0076094 -0.3651485 -0.2797228 0.8878986
2472.605932 -0.2864067 0.1238650 -0.1748043 0.0069925 -0.3672111 -0.2800243 0.8869575
2473.454862 -0.2920173 0.1253558 -0.1831852 0.0355611 -0.3874636 -0.2638401 0.8826074
2473.553627 -0.2928922 0.1247514 -0.1853206 0.0438061 -0.3922417 -0.2596961 0.8813544
2475.145394 -0.3005668 0.1238505 -0.2012165 0.1321365 -0.4290420 -0.2133657 0.8677201
2475.438708 -0.3012431 0.1245569 -0.2047868 0.1439409 -0.4354262 -0.2069313 0.8642132
2476.824350 -0.3087392 0.1318752 -0.2166200 0.1423814 -0.4296360 -0.2066376 0.8674338
2476.924340 -0.3086895 0.1324626 -0.2168701 0.1443175 -0.4297897 -0.2057384 0.8672515
2477.274306 -0.3089794 0.1320193 -0.2168841 0.1494949 -0.4306605 -0.2026231 0.8666757
2477.674268 -0.3089935 0.1334115 -0.2186012 0.1417593 -0.4261985 -0.2061719 0.8693401
2477.774258 -0.3088788 0.1354982 -0.2202592 0.1356662 -0.4227455 -0.2097965 0.8711294
2478.324205 -0.3094864 0.1361909 -0.2232367 0.1031059 -0.4127536 -0.2270158 0.8760523
2478.574180 -0.3128321 0.1424439 -0.2211941 0.0842477 -0.4043204 -0.2366806 0.8794371
2478.824156 -0.3142967 0.1447790 -0.2236963 0.0670306 -0.3910137 -0.2478690 0.8838418
2480.024040 -0.3130516 0.1560883 -0.2201584 -0.0227729 -0.3545528 -0.2958301 0.8867121
2480.224021 -0.3123725 0.1570647 -0.2210672 -0.0353243 -0.3486251 -0.3026074 0.8863642
2480.424001 -0.3119275 0.1579183 -0.2201514 -0.0455662 -0.3423935 -0.3079330 0.8864918
2480.723972 -0.3118165 0.1584581 -0.2206359 -0.0591031 -0.3360612 -0.3155526 0.8854356
2481.723875 -0.3097666 0.1570024 -0.2198628 -0.0609677 -0.3384488 -0.3153330 0.8844775
2481.923856 -0.3116989 0.1581723 -0.2207491 -0.0592824 -0.3394338 -0.3147243 0.8844314
