2461.602137 0.0000000 0.0000000 0.0000000 -0.0000000 -0.0000000 -0.0000000 1.0000000
2463.251326 -0.0107381 -0.0009588 -0.0009322 0.0331599 -0.0222161 -0.0007820 0.9992028
2463.351316 -0.0109306 -0.0010312 -0.0012105 0.0333087 -0.0226103 -0.0005647 0.9991892
2463.501499 -0.0108868 -0.0010344 -0.0012260 0.0329583 -0.0239958 -0.0002129 0.9991686
2464.296009 -0.0156380 -0.0011962 -0.0020595 0.0396704 -0.0330457 0.0000875 0.9986662
2465.525819 -0.0286137 -0.0012622 -0.0041365 0.0359590 -0.0490536 -0.0027311 0.9981449
2465.925405 -0.0289242 -0.0008748 -0.0048966 0.0171698 -0.0442121 -0.0040390 0.9988664
2465.975400 -0.0289369 -0.0008765 -0.0049136 0.0133057 -0.0437731 -0.0045046 0.9989427
2466.125386 -0.0297565 -0.0001508 -0.0064731 0.0047469 -0.0467463 -0.0044999 0.9988854
2466.625337 -0.0317636 -0.0010051 -0.0092371 -0.0435583 -0.0454023 -0.0105558 0.9979629
2467.975207 -0.0350679 -0.0022136 -0.0145581 -0.1035331 -0.0459563 -0.0179818 0.9934011
2468.775129 -0.0365535 -0.0028607 -0.0174771 -0.1291500 -0.0509839 -0.0199429 0.9901127
2469.525057 -0.0469228 0.0035914 -0.0124022 -0.1473524 -0.0512416 -0.0234535 0.9874774
2469.975013 -0.0522727 0.0069176 -0.0088033 -0.1552124 -0.0466197 -0.0250989 0.9864612
2470.075398 -0.0531712 0.0066793 -0.0091258 -0.1562975 -0.0474596 -0.0251867 0.9862476
2471.451994 -0.0601084 0.0066503 -0.0106273 -0.1580665 -0.0476823 -0.0250413 0.9859586
2471.804883 -0.0618339 0.0065147 -0.0109757 -0.1670953 -0.0431085 -0.0268057 0.9846331
2472.256203 -0.0652005 0.0075319 -0.0113708 -0.1801030 -0.0380466 -0.0294675 0.9824699
2472.356351 -0.0654660 0.0074527 -0.0116443 -0.1793928 -0.0396028 -0.0292152 0.9825459
2473.454862 -0.0709555 0.0059410 -0.0125459 -0.1432315 -0.0534085 -0.0225009 0.9879909
2474.252177 -0.0742302 0.0032697 -0.0138144 -0.0844903 -0.0646947 -0.0148734 0.9942107
2474.798430 -0.0765772 0.0023325 -0.0142893 -0.0449966 -0.0702428 -0.0108269 0.9964557
2475.145394 -0.0776683 0.0009308 -0.0155018 -0.0277423 -0.0701830 -0.0088682 0.9971089
2476.674364 -0.0852843 0.0003201 -0.0174785 -0.0191342 -0.0669235 -0.0075106 0.9975464
2476.774355 -0.0857534 0.0006706 -0.0174819 -0.0170017 -0.0681314 -0.0069524 0.9975073
2476.974335 -0.0862612 0.0007308 -0.0180643 -0.0135296 -0.0673899 -0.0061763 0.9976159
2477.274306 -0.0866702 0.0006587 -0.0181997 -0.0076063 -0.0665531 -0.0059282 0.9977363
2478.474190 -0.0922545 0.0019584 -0.0197033 -0.0756541 -0.0569309 -0.0131355 0.9954209
2478.574180 -0.0927604 0.0027811 -0.0197837 -0.0862792 -0.0551129 -0.0145622 0.9946389
2478.774161 -0.0939605 0.0041948 -0.0195281 -0.1035621 -0.0484030 -0.0183189 0.9932756
2479.324108 -0.0952633 0.0061597 -0.0198648 -0.1549482 -0.0404208 -0.0261675 0.9867485
2479.824059 -0.0953925 0.0081744 -0.0197989 -0.1971047 -0.0390370 -0.0310356 0.9791132
2479.924050 -0.0956446 0.0072903 -0.0200844 -0.2086701 -0.0376521 -0.0332053 0.9766967
2480.124030 -0.0953174 0.0092200 -0.0204312 -0.2199299 -0.0373729 -0.0343463 0.9741943
2480.424001 -0.0946905 0.0101951 -0.0211763 -0.2405103 -0.0334440 -0.0379710 0.9693269
2480.773967 -0.0951667 0.0108825 -0.0210570 -0.2568519 -0.0314647 -0.0401487 0.9651037
