2469.725037 0.0000000 0.0000000 0.0000000 -0.0000000 -0.0000000 -0.0000000 1.0000000
2470.891756 -0.0160809 0.0007426 -0.0012602 -0.0114336 -0.0002377 -0.0006734 0.9999344
2471.553643 -0.0235310 0.0009641 -0.0016171 -0.0121222 0.0043036 -0.0007464 0.9999170
2472.155896 -0.0324138 0.0033842 -0.0012351 -0.0288365 0.0111254 -0.0020080 0.9995202
2472.206050 -0.0329789 0.0034387 -0.0015079 -0.0293673 0.0101749 -0.0021021 0.9995147
2472.505783 -0.0375696 0.0027073 -0.0026525 -0.0307692 0.0076037 -0.0021592 0.9994953
2472.755937 -0.0401837 0.0032138 -0.0024444 -0.0308875 0.0043987 -0.0021312 0.9995109
2472.855789 -0.0409617 0.0026886 -0.0028666 -0.0303041 0.0034010 -0.0018944 0.9995332
2473.355662 -0.0481358 -0.0002374 -0.0042439 -0.0023517 -0.0038911 0.0001177 0.9999897
2473.454862 -0.0492685 -0.0006220 -0.0045653 0.0069267 -0.0046955 0.0004796 0.9999649
2473.852650 -0.0528931 -0.0033646 -0.0058377 0.0374390 -0.0088100 0.0022181 0.9992576
2473.953411 -0.0528600 -0.0046592 -0.0063014 0.0436273 -0.0096994 0.0025175 0.9989976
2475.145394 -0.0668564 -0.0113456 -0.0123683 0.1232262 -0.0197076 0.0058503 0.9921657
2475.930244 -0.0791076 -0.0125819 -0.0145827 0.1448683 -0.0221115 0.0067241 0.9891810
2476.029050 -0.0796788 -0.0127732 -0.0146451 0.1393723 -0.0222378 0.0065356 0.9899688
2476.674364 -0.0824194 -0.0121220 -0.0159359 0.1319177 -0.0175361 0.0079654 0.9910735
2476.824350 -0.0837611 -0.0115830 -0.0167624 0.1352515 -0.0184538 0.0083506 0.9906043
2476.974335 -0.0857873 -0.0113502 -0.0155266 0.1374806 -0.0177647 0.0082699 0.9903106
2477.424292 -0.0897939 -0.0118240 -0.0160493 0.1435533 -0.0145729 0.0084449 0.9894993
2477.524282 -0.0907875 -0.0116144 -0.0160384 0.1401628 -0.0138149 0.0085264 0.9899954
2477.774258 -0.0928958 -0.0123132 -0.0157554 0.1253502 -0.0120550 0.0074262 0.9920115
2479.524088 -0.1103211 0.0029199 -0.0155850 -0.0232392 0.0069278 -0.0017152 0.9997045
2479.774064 -0.1105091 0.0038507 -0.0143936 -0.0440480 0.0084850 -0.0038014 0.9989862
2480.024040 -0.1092358 0.0071794 -0.0133090 -0.0656702 0.0099484 -0.0053942 0.9977772
2480.124030 -0.1095612 0.0111774 -0.0132474 -0.0706934 0.0101775 -0.0062257 0.9974267
2480.424001 -0.1086242 0.0134328 -0.0129947 -0.0922350 0.0138459 -0.0087979 0.9956022
2481.773871 -0.1103431 0.0122679 -0.0125957 -0.1100419 0.0131492 -0.0096215 0.9937934
