2469.725037 0.0000000 0.0000000 0.0000000 -0.0000000 -0.0000000 -0.0000000 1.0000000
2471.247509 -0.0204013 0.0006492 -0.0020076 -0.0078305 -0.0015812 -0.0002336 0.9999681
2471.349495 -0.0208250 0.0006117 -0.0021956 -0.0074393 -0.0016514 -0.0002237 0.9999710
2471.804883 -0.0265434 0.0016089 -0.0024021 -0.0172807 0.0053922 -0.0012216 0.9998354
2471.904874 -0.0278066 0.0017555 -0.0023555 -0.0214919 0.0060342 -0.0013821 0.9997499
2472.656085 -0.0393805 0.0021646 -0.0035872 -0.0306310 0.0059012 -0.0022282 0.9995109
2472.855789 -0.0405783 0.0022091 -0.0039992 -0.0304111 0.0035556 -0.0020143 0.9995291
2473.355662 -0.0469052 -0.0012255 -0.0058079 -0.0026329 -0.0040498 0.0002107 0.9999883
2473.454862 -0.0480797 -0.0019093 -0.0058351 0.0064768 -0.0048126 0.0005493 0.9999673
2473.653795 -0.0496304 -0.0036744 -0.0071683 0.0244145 -0.0084396 0.0015961 0.9996650
2474.053085 -0.0528798 -0.0068251 -0.0091648 0.0501527 -0.0103109 0.0031949 0.9986832
2475.095616 -0.0642372 -0.0123392 -0.0144484 0.1180257 -0.0192082 0.0056205 0.9928088
2476.029050 -0.0761849 -0.0154541 -0.0183042 0.1383676 -0.0229279 0.0070722 0.9900903
2476.624369 -0.0832434 -0.0135261 -0.0180057 0.1289256 -0.0159162 0.0075152 0.9914981
2476.824350 -0.0833988 -0.0135253 -0.0186738 0.1345051 -0.0181262 0.0083729 0.9907117
2477.024331 -0.0851718 -0.0139877 -0.0186364 0.1373065 -0.0173867 0.0084647 0.9903398
2477.274306 -0.0862031 -0.0133260 -0.0187363 0.1427204 -0.0166947 0.0087881 0.9895833
2477.574277 -0.0902409 -0.0132733 -0.0178608 0.1381759 -0.0137937 0.0081591 0.9902781
2479.524088 -0.1094958 -0.0011605 -0.0190439 -0.0245926 0.0073357 -0.0026028 0.9996673
2479.774064 -0.1076369 0.0043562 -0.0170162 -0.0438637 0.0082598 -0.0036525 0.9989967
2479.924050 -0.1077284 0.0044034 -0.0170518 -0.0597079 0.0101297 -0.0050113 0.9981519
2481.123934 -0.1075522 0.0068345 -0.0167265 -0.1125567 0.0164782 -0.0115369 0.9934417
2481.773871 -0.1097527 0.0044467 -0.0197096 -0.1133593 0.0135076 -0.0103686 0.9934081
