2444.927438 0.0000000 0.0000000 0.0000000 -0.0000000 -0.0000000 -0.0000000 1.0000000
2450.076940 -0.0210013 0.0019132 0.0024019 -0.0198764 -0.0305046 -0.0041470 0.9993284
2450.176930 -0.0221666 0.0017440 0.0025922 -0.0198397 -0.0332966 -0.0050632 0.9992357
2450.626886 -0.0287114 0.0012063 0.0025468 -0.0155589 -0.0460407 -0.0169582 0.9986745
2451.326819 -0.0409725 0.0010391 0.0022018 -0.0116305 -0.0625476 -0.0322088 0.9974543
2452.226731 -0.0543564 0.0012141 0.0008492 -0.0082636 -0.0870164 -0.0433512 0.9952289
2452.476707 -0.0579986 0.0012794 0.0002879 -0.0049455 -0.0920329 -0.0454613 0.9947054
2452.726683 -0.0656930 0.0020038 -0.0014678 -0.0040406 -0.1020989 -0.0481686 0.9935992
2452.826673 -0.0701394 0.0028084 -0.0030326 -0.0041555 -0.1111505 -0.0508311 0.9924941
2453.026654 -0.0749334 0.0035804 -0.0041164 -0.0092765 -0.1232648 -0.0567791 0.9907048
2454.076552 -0.0860029 0.0047375 -0.0043823 -0.0092884 -0.1394299 -0.0755478 0.9873022
2456.426325 -0.1207067 0.0128213 -0.0108820 -0.0122556 -0.1854781 -0.1252924 0.9745509
2456.926276 -0.1301487 0.0156303 -0.0138312 -0.0162616 -0.1975178 -0.1378757 0.9704188
2457.176252 -0.1358762 0.0175664 -0.0155963 -0.0172926 -0.2038804 -0.1451817 0.9680166
2457.576214 -0.1443924 0.0204739 -0.0185957 -0.0172033 -0.2186646 -0.1544703 0.9633425
2457.826189 -0.1526291 0.0225890 -0.0229508 -0.0166841 -0.2260398 -0.1633516 0.9601791
2458.076165 -0.1525153 0.0225878 -0.0245253 -0.0162886 -0.2325065 -0.1663053 0.9581326
2458.226151 -0.1525345 0.0227079 -0.0260535 -0.0106804 -0.2371162 -0.1704120 0.9563585
2458.326141 -0.1572057 0.0238970 -0.0275286 -0.0090161 -0.2401074 -0.1719211 0.9553587
2458.476126 -0.1639958 0.0263153 -0.0309175 0.0037138 -0.2503292 -0.1765773 0.9519149
2458.676502 -0.1697384 0.0271915 -0.0358566 0.0158486 -0.2633733 -0.1788930 0.9478294
2458.880493 -0.1746511 0.0279039 -0.0401878 0.0259289 -0.2717950 -0.1811534 0.9447955
2459.084542 -0.1792201 0.0299533 -0.0429510 0.0418827 -0.2830966 -0.1818160 0.9407684
2459.489521 -0.1848632 0.0297658 -0.0487938 0.0722102 -0.3003081 -0.1811095 0.9337024
2459.594331 -0.1871042 0.0304211 -0.0508647 0.0789513 -0.3051945 -0.1814865 0.9314964
2459.997887 -0.1949117 0.0311989 -0.0572472 0.1049294 -0.3236909 -0.1822200 0.9225020
2460.098135 -0.1967479 0.0319496 -0.0583227 0.1118541 -0.3273479 -0.1814122 0.9205551
2461.902424 -0.2242678 0.0440249 -0.0839296 0.1804735 -0.3791417 -0.1819144 0.8891503
2462.152440 -0.2254259 0.0433343 -0.0836485 0.1883680 -0.3832394 -0.1766666 0.8868111
2465.675429 -0.2567096 0.0700778 -0.1242165 0.1859121 -0.4198247 -0.1832842 0.8692473
2465.775420 -0.2564138 0.0705547 -0.1247962 0.1824320 -0.4182218 -0.1850682 0.8703786
2465.875410 -0.2565080 0.0702939 -0.1243923 0.1781002 -0.4161879 -0.1871203 0.8718107
2465.975400 -0.2563116 0.0703020 -0.1246778 0.1723466 -0.4138635 -0.1898573 0.8734804
2466.375362 -0.2529442 0.0754820 -0.1297933 0.1448682 -0.4148918 -0.2028736 0.8750544
2467.025299 -0.2633143 0.0862385 -0.1352825 0.1051884 -0.3993391 -0.2267957 0.8820586
2468.075197 -0.2695689 0.0962249 -0.1423460 0.0716022 -0.3876711 -0.2462479 0.8854073
2468.225183 -0.2710783 0.0985892 -0.1430131 0.0667093 -0.3894660 -0.2485838 0.8843485
2469.475061 -0.2773913 0.1074785 -0.1519878 0.0351663 -0.3835958 -0.2648200 0.8840181
2469.625047 -0.2787110 0.1080843 -0.1525130 0.0327464 -0.3823912 -0.2659117 0.8843052
2470.943687 -0.2874428 0.1177837 -0.1631968 0.0214896 -0.3789279 -0.2715672 0.8844225
2471.654562 -0.2912606 0.1214643 -0.1683557 0.0211779 -0.3734316 -0.2723089 0.8865372
2472.805794 -0.2981381 0.1297693 -0.1793361 0.0055781 -0.3682940 -0.2806579 0.8863180
2473.205498 -0.3014005 0.1316608 -0.1830404 0.0136386 -0.3769812 -0.2753653 0.8842359
2473.454862 -0.3033659 0.1307374 -0.1858846 0.0358883 -0.3867043 -0.2638641 0.8829199
2474.003090 -0.3062617 0.1296093 -0.1918842 0.0708159 -0.4025570 -0.2457944 0.8789302
2474.252177 -0.3081399 0.1295976 -0.1948494 0.0846278 -0.4110337 -0.2383985 0.8758171
2475.145394 -0.3127339 0.1286988 -0.2050340 0.1324074 -0.4280508 -0.2135620 0.8681198
2475.438708 -0.3133129 0.1324365 -0.2062603 0.1451328 -0.4346886 -0.2068412 0.8644067
2476.774355 -0.3199201 0.1359652 -0.2187125 0.1413611 -0.4293461 -0.2072922 0.8675880
2476.874345 -0.3199980 0.1360725 -0.2199312 0.1431763 -0.4292009 -0.2061680 0.8676300
2476.974335 -0.3201094 0.1363999 -0.2202737 0.1442584 -0.4294741 -0.2055669 0.8674582
2477.524282 -0.3229870 0.1403209 -0.2221049 0.1481874 -0.4265970 -0.2037766 0.8686373
2477.874248 -0.3223028 0.1404291 -0.2260708 0.1305285 -0.4198375 -0.2134234 0.8724387
2478.324205 -0.3215673 0.1417176 -0.2277360 0.1032629 -0.4117912 -0.2271575 0.8764498
2478.574180 -0.3208545 0.1428138 -0.2303380 0.0827925 -0.4036201 -0.2367003 0.8798916
2479.174122 -0.3256747 0.1531146 -0.2284523 0.0394500 -0.3779140 -0.2625400 0.8869597
2479.524088 -0.3254043 0.1579027 -0.2272640 0.0126199 -0.3690369 -0.2772200 0.8870184
2480.074035 -0.3252131 0.1610213 -0.2259335 -0.0255350 -0.3525595 -0.2975049 0.8868713
2480.723972 -0.3234598 0.1630325 -0.2256256 -0.0595933 -0.3351886 -0.3155543 0.8857329
2480.923953 -0.3227483 0.1643056 -0.2246143 -0.0609072 -0.3343085 -0.3163396 0.8856960
2481.773871 -0.3239706 0.1640811 -0.2255151 -0.0606047 -0.3371294 -0.3155217 0.8849389
