2470.736931 0.0000000 0.0000000 0.0000000 -0.0000000 -0.0000000 -0.0000000 1.0000000
2471.804883 -0.0097344 -0.0000937 -0.0007307 -0.0059409 0.0020259 -0.0000585 0.9999803
2471.904874 -0.0111925 0.0007128 -0.0005889 -0.0097347 0.0029089 -0.0005659 0.9999483
2472.455927 -0.0175263 0.0015136 -0.0005764 -0.0182494 0.0043105 -0.0012529 0.9998234
2473.005933 -0.0220158 0.0010722 -0.0012481 -0.0151839 -0.0023093 -0.0008367 0.9998817
2473.055789 -0.0227767 0.0014531 -0.0012868 -0.0154690 -0.0023423 -0.0009285 0.9998772
2473.355662 -0.0261155 -0.0004554 -0.0019679 0.0095543 -0.0068794 0.0005715 0.9999306
2473.454862 -0.0261586 -0.0006411 -0.0021957 0.0189449 -0.0081081 0.0013433 0.9997867
2473.504185 -0.0263545 -0.0010619 -0.0026224 0.0231795 -0.0093916 0.0016653 0.9996858
2473.653795 -0.0266117 -0.0011678 -0.0032713 0.0373094 -0.0121000 0.0025529 0.9992273
2473.852650 -0.0289434 -0.0031877 -0.0036546 0.0491434 -0.0120237 0.0030043 0.9987149
2475.095616 -0.0378980 -0.0084797 -0.0083385 0.1302769 -0.0225962 0.0065339 0.9911986
2476.029050 -0.0476418 -0.0091298 -0.0101440 0.1514383 -0.0258681 0.0079254 0.9880964
2476.129395 -0.0472881 -0.0091840 -0.0109340 0.1465739 -0.0250194 0.0077858 0.9888526
2476.524379 -0.0491021 -0.0082961 -0.0106501 0.1377161 -0.0190214 0.0085619 0.9902521
2477.174316 -0.0548320 -0.0098434 -0.0107327 0.1522453 -0.0201328 0.0097592 0.9880895
2477.624272 -0.0571570 -0.0103020 -0.0111243 0.1477795 -0.0174340 0.0094872 0.9888211
2480.074035 -0.0722699 0.0054460 -0.0069036 -0.0570015 0.0076937 -0.0055211 0.9983292
2480.124030 -0.0718667 0.0070662 -0.0087370 -0.0594704 0.0072200 -0.0059334 0.9981863
2480.873958 -0.0715565 0.0077748 -0.0083891 -0.1019112 0.0133955 -0.0090164 0.9946625
2481.073938 -0.0695293 0.0060165 -0.0075550 -0.1011691 0.0125690 -0.0090377 0.9947488
