2469.725037 0.0000000 0.0000000 0.0000000 -0.0000000 -0.0000000 -0.0000000 1.0000000
2471.147519 -0.0172189 0.0011936 -0.0008093 -0.0087384 -0.0018155 -0.0004723 0.9999601
2471.247509 -0.0176623 0.0012079 -0.0007497 -0.0076482 -0.0017225 -0.0002914 0.9999692
2471.804883 -0.0236865 0.0021665 -0.0009671 -0.0170266 0.0055135 -0.0013000 0.9998390
2472.055886 -0.0265005 0.0028974 -0.0009072 -0.0241725 0.0072690 -0.0014813 0.9996803
2472.706080 -0.0343947 0.0039245 -0.0011079 -0.0294815 0.0043692 -0.0021202 0.9995536
2472.955937 -0.0362186 0.0031025 -0.0018325 -0.0288163 0.0021076 -0.0016856 0.9995811
2473.255651 -0.0405146 0.0017176 -0.0023162 -0.0142287 -0.0026890 -0.0006053 0.9998950
2473.355662 -0.0417837 0.0006704 -0.0028486 -0.0019820 -0.0038763 0.0000312 0.9999905
2473.454862 -0.0417345 0.0004764 -0.0030286 0.0073969 -0.0051184 0.0007636 0.9999592
2474.102764 -0.0482331 -0.0040127 -0.0053260 0.0569917 -0.0110368 0.0029819 0.9983092
2474.202182 -0.0490278 -0.0041087 -0.0055318 0.0646694 -0.0134590 0.0035216 0.9978098
2476.624369 -0.0723228 -0.0092259 -0.0122487 0.1299906 -0.0163019 0.0072993 0.9913543
2476.724360 -0.0722595 -0.0092150 -0.0122075 0.1328886 -0.0176797 0.0078340 0.9909424
2476.874345 -0.0743065 -0.0102108 -0.0130722 0.1361082 -0.0177118 0.0078947 0.9905042
2477.274306 -0.0774788 -0.0100302 -0.0121828 0.1432861 -0.0161749 0.0080668 0.9895163
2477.474287 -0.0786256 -0.0098434 -0.0131302 0.1425014 -0.0138441 0.0082171 0.9896637
2477.574277 -0.0788816 -0.0091596 -0.0131072 0.1391354 -0.0139963 0.0079948 0.9901422
2479.374103 -0.0948775 0.0014123 -0.0073937 -0.0102415 0.0084649 -0.0006368 0.9999115
2479.524088 -0.0962506 0.0009396 -0.0109984 -0.0241291 0.0070429 -0.0019424 0.9996822
2480.024040 -0.0968434 0.0072893 -0.0092561 -0.0652532 0.0108552 -0.0057722 0.9977930
2480.424001 -0.0942138 0.0123547 -0.0090634 -0.0917855 0.0137363 -0.0080224 0.9956517
2480.773967 -0.0959401 0.0129737 -0.0095324 -0.1094166 0.0161742 -0.0094541 0.9938194
