2469.725037 0.0000000 0.0000000 0.0000000 -0.0000000 -0.0000000 -0.0000000 1.0000000
2470.891756 -0.0149765 0.0012368 -0.0014967 -0.0111958 -0.0005721 -0.0006706 0.9999370
2471.553643 -0.0219223 0.0011390 -0.0021260 -0.0120016 0.0038367 -0.0007495 0.9999204
2471.604231 -0.0223877 0.0013707 -0.0020896 -0.0141990 0.0044170 -0.0008279 0.9998891
2471.955580 -0.0273253 0.0024244 -0.0023772 -0.0225875 0.0055878 -0.0014095 0.9997283
2472.155896 -0.0298871 0.0033340 -0.0017463 -0.0288064 0.0103537 -0.0019091 0.9995295
2472.356351 -0.0336593 0.0021457 -0.0033263 -0.0305429 0.0082145 -0.0022331 0.9994972
2472.755937 -0.0378062 0.0028010 -0.0032442 -0.0309848 0.0037585 -0.0019238 0.9995109
2473.355662 -0.0447025 -0.0009222 -0.0055250 -0.0025502 -0.0048637 0.0003452 0.9999849
2473.454862 -0.0461272 -0.0012964 -0.0054905 0.0067414 -0.0055567 0.0006540 0.9999616
2474.202182 -0.0530493 -0.0056921 -0.0083983 0.0643775 -0.0144155 0.0038316 0.9978142
2474.352365 -0.0562751 -0.0069922 -0.0091704 0.0738569 -0.0197601 0.0036757 0.9970663
2475.145394 -0.0627669 -0.0119310 -0.0138326 0.1230286 -0.0208871 0.0065210 0.9921619
2476.424389 -0.0761982 -0.0116885 -0.0165251 0.1273119 -0.0182976 0.0073377 0.9916668
2476.574374 -0.0777228 -0.0117773 -0.0168327 0.1284351 -0.0170471 0.0077185 0.9915414
2476.674364 -0.0789765 -0.0123997 -0.0169476 0.1317919 -0.0182472 0.0080483 0.9910768
2476.824350 -0.0820966 -0.0109586 -0.0170391 0.1354337 -0.0187160 0.0081762 0.9905759
2477.024331 -0.0845882 -0.0100322 -0.0159362 0.1387452 -0.0178080 0.0082711 0.9901335
2477.524282 -0.0858711 -0.0100674 -0.0169442 0.1407317 -0.0149192 0.0089433 0.9898950
2477.624272 -0.0857884 -0.0100454 -0.0166378 0.1375360 -0.0154360 0.0088601 0.9903369
2477.774258 -0.0867654 -0.0099752 -0.0174887 0.1260544 -0.0134887 0.0085120 0.9918951
2479.824059 -0.1076802 -0.0029094 -0.0242843 -0.0508417 0.0086289 -0.0042864 0.9986603
2479.874055 -0.1062815 -0.0024924 -0.0225223 -0.0569259 0.0090686 -0.0051227 0.9983241
2479.924050 -0.1069890 -0.0030446 -0.0232254 -0.0622769 0.0095118 -0.0050345 0.9980009
2480.673977 -0.1069872 -0.0030272 -0.0234572 -0.1139785 0.0152469 -0.0106190 0.9933095
2481.273919 -0.1064703 -0.0002804 -0.0226741 -0.1176084 0.0160856 -0.0107799 0.9928712
