2444.927438 0.0000000 0.0000000 0.0000000 -0.0000000 -0.0000000 -0.0000000 1.0000000
2450.076940 -0.0216862 0.0019861 0.0027100 -0.0198668 -0.0303905 -0.0040042 0.9993327
2450.176930 -0.0229906 0.0022231 0.0032451 -0.0196393 -0.0331447 -0.0048878 0.9992456
2450.876862 -0.0344910 0.0012560 0.0027643 -0.0130319 -0.0503924 -0.0219861 0.9984024
2450.976852 -0.0354870 0.0015018 0.0033083 -0.0122652 -0.0534784 -0.0246732 0.9981888
2451.326819 -0.0420445 0.0017895 0.0028711 -0.0112868 -0.0624131 -0.0321035 0.9974701
2451.526799 -0.0462866 0.0012530 0.0025057 -0.0104535 -0.0670596 -0.0351369 0.9970753
2452.726683 -0.0673358 0.0029144 -0.0003469 -0.0036932 -0.1019627 -0.0479992 0.9936227
2452.826673 -0.0718331 0.0035295 -0.0021941 -0.0038932 -0.1109362 -0.0508211 0.9925197
2452.976659 -0.0765865 0.0038336 -0.0031749 -0.0075277 -0.1199277 -0.0558983 0.9911792
2453.726586 -0.0842045 0.0051008 -0.0031328 -0.0081584 -0.1343690 -0.0671747 0.9886183
2455.026460 -0.1014569 0.0086789 -0.0048821 -0.0095288 -0.1624164 -0.0935327 0.9822330
2456.826286 -0.1302958 0.0163601 -0.0113469 -0.0161924 -0.1936691 -0.1339114 0.9717499
2457.426228 -0.1441701 0.0206466 -0.0159531 -0.0176953 -0.2127476 -0.1492690 0.9654761
2457.576214 -0.1478413 0.0214038 -0.0180626 -0.0169521 -0.2180155 -0.1544004 0.9635053
2457.776194 -0.1523846 0.0235498 -0.0204343 -0.0166170 -0.2249970 -0.1610102 0.9608204
2458.076165 -0.1589163 0.0231250 -0.0259395 -0.0161648 -0.2307551 -0.1668563 0.9584622
2458.276146 -0.1625411 0.0244563 -0.0282525 -0.0100923 -0.2355436 -0.1719095 0.9564855
2458.576117 -0.1732743 0.0278193 -0.0349532 0.0078422 -0.2548778 -0.1783893 0.9503437
2458.676502 -0.1767482 0.0288334 -0.0374006 0.0163241 -0.2614740 -0.1793591 0.9482590
2458.880493 -0.1799667 0.0283801 -0.0416549 0.0260447 -0.2706161 -0.1815346 0.9450576
2459.187575 -0.1875876 0.0296985 -0.0476188 0.0501650 -0.2860775 -0.1833664 0.9391592
2459.337284 -0.1898590 0.0305174 -0.0489340 0.0621657 -0.2930519 -0.1821298 0.9365281
2459.541946 -0.1932345 0.0305241 -0.0519935 0.0772529 -0.3017725 -0.1815769 0.9327354
2459.746055 -0.1975603 0.0316171 -0.0551950 0.0885721 -0.3118580 -0.1832328 0.9280761
2459.796524 -0.1987764 0.0323572 -0.0563982 0.0917611 -0.3136625 -0.1840239 0.9270011
2460.701533 -0.2117558 0.0355923 -0.0667170 0.1378943 -0.3411257 -0.1798076 0.9122980
2464.444750 -0.2523266 0.0608025 -0.1071277 0.1973210 -0.4092974 -0.1746415 0.8735219
2465.625434 -0.2674831 0.0743115 -0.1272857 0.1881406 -0.4178003 -0.1833828 0.8697222
2465.775420 -0.2672566 0.0744209 -0.1274111 0.1831817 -0.4158519 -0.1861081 0.8711346
2465.975400 -0.2675663 0.0734653 -0.1266641 0.1728970 -0.4114740 -0.1909117 0.8742703
2466.075391 -0.2664342 0.0751113 -0.1283332 0.1680857 -0.4112221 -0.1934334 0.8747726
2466.375362 -0.2636307 0.0790482 -0.1320637 0.1453011 -0.4126452 -0.2036964 0.8758535
2466.475352 -0.2640018 0.0789356 -0.1332394 0.1366113 -0.4088093 -0.2082839 0.8779694
2467.925211 -0.2784434 0.0980491 -0.1421938 0.0778345 -0.3817969 -0.2433239 0.8882378
2468.525153 -0.2826947 0.1046443 -0.1477790 0.0577956 -0.3848634 -0.2533802 0.8856288
2469.225086 -0.2849586 0.1089000 -0.1516422 0.0414710 -0.3824138 -0.2616281 0.8852065
2469.625047 -0.2889711 0.1122207 -0.1547632 0.0332875 -0.3799565 -0.2662641 0.8852279
2470.787973 -0.2972872 0.1203582 -0.1652066 0.0218353 -0.3727575 -0.2724062 0.8867751
2471.349495 -0.3006384 0.1232504 -0.1700168 0.0247393 -0.3774507 -0.2704227 0.8853194
2471.754572 -0.3023313 0.1259531 -0.1729482 0.0194741 -0.3698222 -0.2737479 0.8876454
2472.505783 -0.3079051 0.1325328 -0.1797912 0.0072986 -0.3628038 -0.2804937 0.8886188
2472.706080 -0.3092396 0.1341451 -0.1812581 0.0072361 -0.3657751 -0.2802488 0.8874778
2473.355662 -0.3134576 0.1343231 -0.1890164 0.0284031 -0.3808095 -0.2682833 0.8844215
2473.903416 -0.3164619 0.1333534 -0.1939251 0.0636218 -0.3964550 -0.2501494 0.8810226
2474.202182 -0.3190624 0.1331936 -0.1976745 0.0833837 -0.4061508 -0.2399285 0.8777944
2475.638036 -0.3254988 0.1341041 -0.2132805 0.1535646 -0.4331297 -0.2032475 0.8645849
2476.774355 -0.3315589 0.1406636 -0.2214114 0.1420476 -0.4268071 -0.2078939 0.8685841
2476.974335 -0.3327950 0.1419080 -0.2241413 0.1450955 -0.4263605 -0.2063921 0.8686578
2477.124321 -0.3328649 0.1413294 -0.2239627 0.1476362 -0.4266502 -0.2047611 0.8684734
2477.574277 -0.3331957 0.1425868 -0.2255563 0.1467469 -0.4241640 -0.2048456 0.8698210
2477.774258 -0.3325091 0.1449538 -0.2274676 0.1361805 -0.4193893 -0.2102941 0.8725502
2478.074229 -0.3337242 0.1451832 -0.2302697 0.1199334 -0.4148147 -0.2188109 0.8750238
2478.724166 -0.3384078 0.1546023 -0.2324933 0.0749557 -0.3922987 -0.2436523 0.8838083
2478.824156 -0.3389719 0.1558431 -0.2331719 0.0676483 -0.3870177 -0.2484400 0.8853918
2479.824059 -0.3382894 0.1650699 -0.2307132 -0.0082072 -0.3566216 -0.2880419 0.8886988
2480.074035 -0.3376924 0.1673624 -0.2298007 -0.0250068 -0.3494923 -0.2972142 0.8881968
2480.324011 -0.3367237 0.1690768 -0.2289837 -0.0401453 -0.3415069 -0.3052866 0.8880099
2480.473997 -0.3368192 0.1690250 -0.2288751 -0.0477420 -0.3372681 -0.3088387 0.8880257
2480.773967 -0.3354838 0.1703620 -0.2282720 -0.0591817 -0.3321224 -0.3149632 0.8871248
2481.923856 -0.3358967 0.1704146 -0.2288468 -0.0587042 -0.3356856 -0.3139404 0.8861774
