2469.725037 0.0000000 0.0000000 0.0000000 -0.0000000 -0.0000000 -0.0000000 1.0000000
2471.247509 -0.0224176 0.0011280 -0.0019720 -0.0077474 -0.0017210 -0.0002578 0.9999685
2471.349495 -0.0231966 0.0009158 -0.0019928 -0.0074219 -0.0016667 -0.0002691 0.9999710
2471.553643 -0.0265944 0.0008502 -0.0021087 -0.0122031 0.0045822 -0.0010360 0.9999145
2472.106039 -0.0344073 0.0026886 -0.0022240 -0.0269194 0.0092821 -0.0019636 0.9995926
2472.306356 -0.0382898 0.0028368 -0.0024375 -0.0300239 0.0090216 -0.0022142 0.9995061
2472.955937 -0.0461535 0.0029226 -0.0036749 -0.0291578 0.0021165 -0.0019242 0.9995707
2473.105646 -0.0485465 0.0028394 -0.0037176 -0.0251882 -0.0006849 -0.0015256 0.9996814
2473.653795 -0.0556951 -0.0032862 -0.0067754 0.0246077 -0.0083802 0.0014509 0.9996610
2474.053085 -0.0595420 -0.0066481 -0.0087971 0.0504514 -0.0102363 0.0028685 0.9986699
2474.997107 -0.0712514 -0.0122710 -0.0131189 0.1149377 -0.0197527 0.0052236 0.9931626
2475.095616 -0.0717174 -0.0115791 -0.0136523 0.1187571 -0.0193823 0.0054714 0.9927191
2476.029050 -0.0852422 -0.0143546 -0.0177741 0.1393227 -0.0230171 0.0068406 0.9899558
2476.474384 -0.0874197 -0.0122911 -0.0168489 0.1260762 -0.0167902 0.0073434 0.9918513
2476.824350 -0.0927255 -0.0127967 -0.0175886 0.1352104 -0.0184833 0.0080796 0.9906116
2476.974335 -0.0928836 -0.0125623 -0.0174874 0.1374225 -0.0183639 0.0083388 0.9903072
2477.074326 -0.0943673 -0.0126176 -0.0173097 0.1387672 -0.0174218 0.0080629 0.9901389
2477.574277 -0.0989571 -0.0134204 -0.0184918 0.1385567 -0.0144737 0.0081981 0.9902148
2477.924243 -0.1028947 -0.0088333 -0.0160466 0.1177656 -0.0115487 0.0075647 0.9929454
2479.574084 -0.1209519 0.0016396 -0.0164371 -0.0299683 0.0069643 -0.0039510 0.9995188
2479.674074 -0.1189874 0.0039364 -0.0153294 -0.0351420 0.0064603 -0.0032980 0.9993560
2480.024040 -0.1194102 0.0048460 -0.0162332 -0.0665831 0.0097527 -0.0059124 0.9977157
2480.124030 -0.1192906 0.0046829 -0.0160904 -0.0734015 0.0098091 -0.0068734 0.9972306
2480.723972 -0.1228812 0.0081126 -0.0150964 -0.1117728 0.0165318 -0.0108118 0.9935374
2481.273919 -0.1205224 0.0082458 -0.0167137 -0.1147959 0.0167857 -0.0109923 0.9931865
