2469.725037 0.0000000 0.0000000 0.0000000 -0.0000000 -0.0000000 -0.0000000 1.0000000
2470.787973 -0.0114026 0.0002805 -0.0011630 -0.0123160 0.0020757 -0.0006688 0.9999218
2470.891756 -0.0131377 0.0004476 -0.0013119 -0.0114880 -0.0001862 -0.0007486 0.9999337
2472.055886 -0.0253192 0.0023530 -0.0016941 -0.0242739 0.0074401 -0.0015278 0.9996765
2472.356351 -0.0298783 0.0022425 -0.0021408 -0.0303877 0.0091103 -0.0024120 0.9994938
2472.505783 -0.0301113 0.0020465 -0.0025524 -0.0308451 0.0073791 -0.0019870 0.9994950
2472.855789 -0.0334787 0.0018296 -0.0030897 -0.0304577 0.0034913 -0.0019620 0.9995281
2473.005933 -0.0350531 0.0017899 -0.0029780 -0.0269654 0.0009351 -0.0015649 0.9996347
2473.454862 -0.0401758 -0.0010272 -0.0041603 0.0067064 -0.0046705 0.0004485 0.9999665
2473.653795 -0.0415729 -0.0023550 -0.0050925 0.0246589 -0.0082271 0.0014954 0.9996610
2474.252177 -0.0467764 -0.0046225 -0.0070341 0.0668240 -0.0152259 0.0035356 0.9976424
2475.145394 -0.0543183 -0.0101788 -0.0109119 0.1228717 -0.0198377 0.0059117 0.9922067
2475.930244 -0.0642451 -0.0094840 -0.0125834 0.1453429 -0.0221830 0.0069585 0.9891082
2476.029050 -0.0642560 -0.0095191 -0.0124748 0.1398248 -0.0224642 0.0067101 0.9898987
2476.524379 -0.0657095 -0.0101288 -0.0135068 0.1253822 -0.0155940 0.0076186 0.9919567
2476.674364 -0.0679567 -0.0108621 -0.0136455 0.1315317 -0.0171468 0.0078135 0.9911329
2476.824350 -0.0699859 -0.0105703 -0.0144461 0.1347355 -0.0177856 0.0079941 0.9906898
2477.174316 -0.0733034 -0.0091835 -0.0119720 0.1412626 -0.0162636 0.0081840 0.9898047
2477.274306 -0.0737424 -0.0092657 -0.0125898 0.1434516 -0.0158864 0.0083371 0.9894947
2477.524282 -0.0745956 -0.0099465 -0.0141352 0.1401368 -0.0135205 0.0087386 0.9900013
2477.974239 -0.0768592 -0.0115554 -0.0158133 0.1120857 -0.0114405 0.0074300 0.9936049
2478.774161 -0.0861329 -0.0131133 -0.0241629 0.0431141 0.0008107 0.0043014 0.9990606
2479.824059 -0.0915243 -0.0136122 -0.0287432 -0.0551087 0.0099514 -0.0036807 0.9984240
2480.473997 -0.0867104 -0.0034335 -0.0232471 -0.1014136 0.0131533 -0.0085064 0.9947211
2480.623982 -0.0863328 -0.0037027 -0.0218755 -0.1122218 0.0138467 -0.0090109 0.9935458
2481.673880 -0.0904304 0.0003854 -0.0199190 -0.1144359 0.0147099 -0.0089282 0.9932816
