2444.927438 0.0000000 0.0000000 0.0000000 -0.0000000 -0.0000000 -0.0000000 1.0000000
2450.076940 -0.0219472 0.0021223 0.0024065 -0.0197439 -0.0302866 -0.0042023 0.9993374
2450.176930 -0.0230989 0.0020161 0.0026448 -0.0196821 -0.0330923 -0.0049376 0.9992463
2450.226925 -0.0234641 0.0017832 0.0028034 -0.0200576 -0.0341357 -0.0058650 0.9991987
2450.576891 -0.0289365 0.0013748 0.0029783 -0.0158131 -0.0443490 -0.0149347 0.9987793
2450.976852 -0.0355392 0.0013451 0.0028423 -0.0123064 -0.0534229 -0.0248087 0.9981879
2451.876765 -0.0521479 0.0018586 0.0022640 -0.0112188 -0.0776212 -0.0404582 0.9960985
2452.476707 -0.0596778 0.0016390 0.0007619 -0.0047409 -0.0917579 -0.0454636 0.9947317
2452.726683 -0.0671360 0.0026151 -0.0006525 -0.0037738 -0.1020126 -0.0480952 0.9936126
2452.826673 -0.0718461 0.0031120 -0.0029637 -0.0040272 -0.1110044 -0.0507900 0.9925131
2454.026557 -0.0876361 0.0052189 -0.0035883 -0.0090056 -0.1382140 -0.0741159 0.9875842
2454.776485 -0.0965435 0.0069096 -0.0045069 -0.0069602 -0.1535995 -0.0883136 0.9841542
2456.126354 -0.1191036 0.0121146 -0.0096837 -0.0120517 -0.1835487 -0.1177228 0.9758617
2456.426325 -0.1225029 0.0129961 -0.0104728 -0.0122470 -0.1855972 -0.1249008 0.9745786
2457.576214 -0.1465727 0.0204243 -0.0188359 -0.0173097 -0.2187043 -0.1541701 0.9633797
2457.826189 -0.1523181 0.0222799 -0.0226415 -0.0167475 -0.2272839 -0.1619987 0.9601135
2457.876184 -0.1536552 0.0223533 -0.0233543 -0.0168439 -0.2280968 -0.1641267 0.9595575
2458.076165 -0.1583411 0.0234579 -0.0259777 -0.0159175 -0.2311911 -0.1667608 0.9583779
2458.276146 -0.1589155 0.0226605 -0.0292728 -0.0105834 -0.2370587 -0.1712872 0.9562175
2458.376136 -0.1634116 0.0268115 -0.0306150 -0.0029600 -0.2420471 -0.1746752 0.9544072
2458.880493 -0.1793535 0.0287846 -0.0419174 0.0263411 -0.2712226 -0.1814731 0.9448873
2458.980345 -0.1793190 0.0274903 -0.0433551 0.0328954 -0.2777413 -0.1818662 0.9427102
2459.187575 -0.1843506 0.0292033 -0.0475710 0.0500723 -0.2874824 -0.1827567 0.9388539
2459.337284 -0.1873000 0.0293577 -0.0493291 0.0618015 -0.2942263 -0.1814404 0.9363177
2459.594331 -0.1919251 0.0295502 -0.0535300 0.0786244 -0.3046354 -0.1816846 0.9316685
2459.796524 -0.1965800 0.0312384 -0.0566815 0.0915006 -0.3148205 -0.1836367 0.9267110
2459.897087 -0.1984056 0.0319316 -0.0579162 0.0984131 -0.3188851 -0.1834094 0.9246557
2460.651143 -0.2085355 0.0343490 -0.0672895 0.1352439 -0.3404821 -0.1798509 0.9129264
2461.302502 -0.2191280 0.0397251 -0.0763069 0.1585485 -0.3621590 -0.1806784 0.9005879
2463.301321 -0.2431674 0.0520094 -0.0990486 0.1926401 -0.3974113 -0.1763678 0.8796867
2463.751119 -0.2436631 0.0525599 -0.0993666 0.1941115 -0.4042186 -0.1750959 0.8765098
2465.675429 -0.2640130 0.0715080 -0.1272474 0.1861259 -0.4189811 -0.1834602 0.8695714
2465.975400 -0.2631291 0.0725997 -0.1286218 0.1727910 -0.4128117 -0.1902669 0.8738011
2466.075391 -0.2621741 0.0736363 -0.1300796 0.1678552 -0.4126355 -0.1928011 0.8742908
2466.375362 -0.2604434 0.0757254 -0.1324289 0.1445955 -0.4140975 -0.2028678 0.8754771
2466.625337 -0.2664516 0.0819464 -0.1340938 0.1242338 -0.4027680 -0.2162765 0.8806636
2467.925211 -0.2752033 0.0964223 -0.1437934 0.0775640 -0.3832364 -0.2432397 0.8876644
2469.625047 -0.2859140 0.1104199 -0.1557975 0.0329009 -0.3814485 -0.2659031 0.8847091
2469.875023 -0.2863760 0.1117476 -0.1562225 0.0293493 -0.3772176 -0.2681414 0.8859717
2470.635558 -0.2911631 0.1165137 -0.1631747 0.0217180 -0.3736393 -0.2721118 0.8864971
2470.943687 -0.2940943 0.1193857 -0.1669638 0.0215137 -0.3781634 -0.2717271 0.8846999
2472.106039 -0.3011021 0.1271951 -0.1763025 0.0106603 -0.3642329 -0.2783562 0.8886724
2472.406208 -0.3034604 0.1299565 -0.1797706 0.0076388 -0.3641736 -0.2801248 0.8881719
2473.155503 -0.3075954 0.1336430 -0.1863184 0.0111484 -0.3745534 -0.2769457 0.8848088
2473.903416 -0.3121387 0.1308314 -0.1944316 0.0631979 -0.3984669 -0.2498549 0.8802288
2475.145394 -0.3195382 0.1307849 -0.2091231 0.1325336 -0.4274583 -0.2136938 0.8683601
2476.624369 -0.3257358 0.1373545 -0.2215645 0.1383828 -0.4261241 -0.2094364 0.8691403
2476.824350 -0.3269407 0.1384185 -0.2239067 0.1426374 -0.4284876 -0.2068405 0.8679113
2476.974335 -0.3270643 0.1391107 -0.2248813 0.1446157 -0.4286511 -0.2058517 0.8677382
2477.574277 -0.3284283 0.1407403 -0.2276557 0.1465153 -0.4259795 -0.2045391 0.8690447
2477.674268 -0.3285471 0.1407034 -0.2279939 0.1419482 -0.4245528 -0.2065605 0.8700221
2477.974239 -0.3279168 0.1425122 -0.2304356 0.1247063 -0.4183456 -0.2154448 0.8735095
2478.474190 -0.3343232 0.1494200 -0.2314725 0.0934225 -0.4058397 -0.2326416 0.8788881
2478.824156 -0.3342623 0.1534297 -0.2325962 0.0672213 -0.3895015 -0.2478632 0.8844964
2479.824059 -0.3346462 0.1627330 -0.2310236 -0.0085789 -0.3587097 -0.2880445 0.8878537
2480.074035 -0.3335925 0.1648787 -0.2298740 -0.0253157 -0.3517298 -0.2972323 0.8872983
2480.374006 -0.3312994 0.1660653 -0.2284097 -0.0419860 -0.3436721 -0.3056378 0.8869680
2480.723972 -0.3318353 0.1681265 -0.2292465 -0.0588619 -0.3344179 -0.3150071 0.8862677
2481.923856 -0.3319263 0.1680334 -0.2303533 -0.0590268 -0.3374616 -0.3143668 0.8853300
