2469.725037 0.0000000 0.0000000 0.0000000 -0.0000000 -0.0000000 -0.0000000 1.0000000
2471.147519 -0.0170044 0.0004523 -0.0017580 -0.0090442 -0.0016650 -0.0004887 0.9999576
2471.247509 -0.0176800 0.0003913 -0.0017658 -0.0079416 -0.0014794 -0.0004173 0.9999673
2471.298255 -0.0178214 0.0005367 -0.0017549 -0.0064803 -0.0015623 -0.0002466 0.9999778
2471.804883 -0.0226876 0.0012031 -0.0021816 -0.0173518 0.0053469 -0.0011682 0.9998345
2472.406208 -0.0319535 0.0019645 -0.0022549 -0.0305611 0.0088280 -0.0024088 0.9994910
2472.505783 -0.0324046 0.0019961 -0.0026952 -0.0308955 0.0078812 -0.0022217 0.9994891
2472.955937 -0.0363257 0.0020853 -0.0031145 -0.0292196 0.0025090 -0.0018621 0.9995682
2473.355662 -0.0413625 -0.0006165 -0.0044511 -0.0025102 -0.0035587 0.0000374 0.9999905
2473.454862 -0.0421305 -0.0010959 -0.0045303 0.0067373 -0.0044575 0.0004400 0.9999673
2473.752897 -0.0443112 -0.0027713 -0.0055762 0.0288285 -0.0080046 0.0016906 0.9995509
2474.202182 -0.0484572 -0.0056315 -0.0072616 0.0640067 -0.0130874 0.0035492 0.9978573
2476.029050 -0.0664722 -0.0122470 -0.0149117 0.1388319 -0.0225616 0.0069709 0.9900344
2476.424389 -0.0679540 -0.0107118 -0.0139437 0.1269925 -0.0172382 0.0070683 0.9917287
2476.824350 -0.0728506 -0.0116042 -0.0156026 0.1345186 -0.0176358 0.0082508 0.9907198
2476.924340 -0.0738995 -0.0120118 -0.0159803 0.1363218 -0.0170690 0.0081368 0.9904842
2477.074326 -0.0741576 -0.0120211 -0.0154668 0.1378893 -0.0166481 0.0082486 0.9902734
2477.324302 -0.0755626 -0.0120369 -0.0161608 0.1417409 -0.0155468 0.0082584 0.9897473
2478.674171 -0.0894993 -0.0078422 -0.0184898 0.0538434 -0.0025257 0.0043558 0.9985367
2479.774064 -0.0940342 0.0036722 -0.0143180 -0.0438753 0.0089038 -0.0039771 0.9989895
2479.874055 -0.0914158 0.0031602 -0.0136474 -0.0545171 0.0091276 -0.0040779 0.9984628
2480.124030 -0.0949978 0.0046160 -0.0143694 -0.0727489 0.0112874 -0.0063924 0.9972659
2480.573987 -0.0941791 0.0062073 -0.0139175 -0.1046409 0.0162842 -0.0093643 0.9943327
2481.923856 -0.0945981 0.0052019 -0.0131173 -0.1108218 0.0128172 -0.0090943 0.9937161
