2461.602137 0.0000000 0.0000000 0.0000000 -0.0000000 -0.0000000 -0.0000000 1.0000000
2463.251326 -0.0105462 -0.0011183 -0.0015024 0.0331144 -0.0220171 -0.0009968 0.9992085
2463.351316 -0.0106191 -0.0011570 -0.0016209 0.0333230 -0.0224617 -0.0006267 0.9991920
2463.501499 -0.0105971 -0.0011870 -0.0016476 0.0329567 -0.0238860 -0.0002127 0.9991713
2464.345787 -0.0164795 -0.0015708 -0.0027937 0.0400174 -0.0328784 0.0000345 0.9986579
2465.775420 -0.0284825 -0.0010684 -0.0048339 0.0252366 -0.0458753 -0.0038712 0.9986209
2465.975400 -0.0286456 -0.0009683 -0.0051636 0.0132078 -0.0431028 -0.0046229 0.9989727
2466.125386 -0.0289006 -0.0006568 -0.0058279 0.0044971 -0.0462847 -0.0046021 0.9989076
2466.275371 -0.0293293 -0.0002334 -0.0067505 -0.0069429 -0.0514489 -0.0043831 0.9986419
2466.675333 -0.0321892 0.0018408 -0.0055825 -0.0471904 -0.0436257 -0.0104144 0.9978785
2470.686165 -0.0551095 0.0070974 -0.0092731 -0.1610549 -0.0442494 -0.0257668 0.9856163
2471.804883 -0.0610219 0.0070727 -0.0104372 -0.1665022 -0.0419585 -0.0265445 0.9847903
2471.904874 -0.0616286 0.0073208 -0.0104756 -0.1704375 -0.0412104 -0.0272330 0.9841296
2472.106039 -0.0629400 0.0076412 -0.0106482 -0.1756027 -0.0377459 -0.0283705 0.9833281
2472.505783 -0.0654034 0.0076426 -0.0111546 -0.1795704 -0.0394406 -0.0286935 0.9825353
2472.605932 -0.0657369 0.0077213 -0.0112400 -0.1788529 -0.0403906 -0.0285712 0.9826311
2473.255651 -0.0692531 0.0072259 -0.0118299 -0.1636804 -0.0495912 -0.0250591 0.9849474
2473.355662 -0.0696710 0.0064131 -0.0119867 -0.1518874 -0.0510844 -0.0235546 0.9867957
2473.553627 -0.0706227 0.0056126 -0.0122808 -0.1327410 -0.0547103 -0.0210226 0.9894164
2474.152601 -0.0731058 0.0037586 -0.0128500 -0.0921592 -0.0593677 -0.0162845 0.9938395
2474.252177 -0.0735577 0.0034874 -0.0129895 -0.0843196 -0.0631791 -0.0149644 0.9943212
2476.079045 -0.0821762 0.0004909 -0.0159584 -0.0141017 -0.0703867 -0.0074405 0.9973924
2476.724360 -0.0843250 0.0006903 -0.0167585 -0.0183645 -0.0656314 -0.0072479 0.9976486
2476.924340 -0.0852079 0.0005475 -0.0168930 -0.0139581 -0.0655904 -0.0066745 0.9977267
2477.224311 -0.0856645 0.0004390 -0.0170067 -0.0087435 -0.0653054 -0.0059719 0.9978092
2477.524282 -0.0868889 0.0005130 -0.0173124 -0.0109523 -0.0619559 -0.0064880 0.9979977
2477.624272 -0.0868355 0.0005955 -0.0174153 -0.0141537 -0.0624496 -0.0066035 0.9979259
2477.824253 -0.0874907 0.0007417 -0.0178368 -0.0290598 -0.0598430 -0.0081170 0.9977517
2478.324205 -0.0897930 0.0021817 -0.0171201 -0.0627348 -0.0571250 -0.0118847 0.9963232
2478.474190 -0.0908922 0.0031045 -0.0173828 -0.0751275 -0.0552784 -0.0128525 0.9955577
2479.074132 -0.0938582 0.0048567 -0.0174528 -0.1319336 -0.0399179 -0.0232274 0.9901821
2479.524088 -0.0938544 0.0074283 -0.0181060 -0.1723504 -0.0400865 -0.0277958 0.9838271
2480.074035 -0.0945296 0.0074121 -0.0188282 -0.2181222 -0.0353594 -0.0348484 0.9746579
2480.324011 -0.0931365 0.0094185 -0.0190350 -0.2351351 -0.0334388 -0.0365934 0.9706978
2480.723972 -0.0938262 0.0097687 -0.0185231 -0.2573619 -0.0299983 -0.0407267 0.9649903
