2469.725037 0.0000000 0.0000000 0.0000000 -0.0000000 -0.0000000 -0.0000000 1.0000000
2471.247509 -0.0179459 0.0009466 -0.0014095 -0.0077019 -0.0020592 -0.0002207 0.9999682
2471.349495 -0.0181855 0.0012251 -0.0014986 -0.0071333 -0.0021350 -0.0001494 0.9999723
2471.804883 -0.0234094 0.0018649 -0.0016748 -0.0171602 0.0048346 -0.0010693 0.9998405
2472.055886 -0.0272160 0.0023889 -0.0018424 -0.0244163 0.0068758 -0.0016425 0.9996769
2472.356351 -0.0311793 0.0027322 -0.0020770 -0.0302535 0.0080384 -0.0023070 0.9995073
2472.755937 -0.0350814 0.0030907 -0.0025714 -0.0308100 0.0035900 -0.0019781 0.9995168
2472.955937 -0.0366470 0.0024981 -0.0030754 -0.0291179 0.0013822 -0.0016798 0.9995736
2473.355662 -0.0419334 -0.0000512 -0.0042890 -0.0022308 -0.0048561 0.0001868 0.9999857
2473.454862 -0.0432048 -0.0005037 -0.0042822 0.0070272 -0.0054976 0.0005307 0.9999601
2473.653795 -0.0445787 -0.0020166 -0.0053292 0.0249306 -0.0092121 0.0015082 0.9996456
2474.053085 -0.0470423 -0.0051924 -0.0073846 0.0506628 -0.0112574 0.0031876 0.9986473
2475.687479 -0.0648987 -0.0103701 -0.0129309 0.1477841 -0.0229491 0.0067770 0.9887301
2475.930244 -0.0652125 -0.0100983 -0.0139002 0.1455438 -0.0248760 0.0075051 0.9890106
2476.029050 -0.0663188 -0.0103680 -0.0142879 0.1399883 -0.0248104 0.0072975 0.9898154
2476.624369 -0.0720444 -0.0101586 -0.0141558 0.1299538 -0.0180183 0.0075932 0.9913272
2476.674364 -0.0726045 -0.0113453 -0.0152566 0.1319502 -0.0187254 0.0078724 0.9910482
2476.924340 -0.0777608 -0.0093467 -0.0142410 0.1376936 -0.0182987 0.0081434 0.9902723
2476.974335 -0.0779066 -0.0092688 -0.0145108 0.1378996 -0.0183462 0.0079602 0.9902443
2477.274306 -0.0785199 -0.0095897 -0.0153702 0.1438449 -0.0177718 0.0084566 0.9894046
2477.574277 -0.0796909 -0.0090708 -0.0162610 0.1394302 -0.0155260 0.0090119 0.9900692
2477.924243 -0.0837612 -0.0119940 -0.0208806 0.1163661 -0.0120213 0.0075096 0.9931052
2479.274113 -0.0967998 -0.0141294 -0.0321624 -0.0061986 0.0068138 -0.0001359 0.9999576
2479.524088 -0.0991867 -0.0137019 -0.0356215 -0.0286302 0.0060562 -0.0021732 0.9995694
2479.824059 -0.1004786 -0.0142989 -0.0363749 -0.0550652 0.0088944 -0.0036899 0.9984363
2480.424001 -0.0975938 0.0017570 -0.0237251 -0.0959625 0.0130532 -0.0087870 0.9952605
2480.723972 -0.1017753 0.0033202 -0.0218698 -0.1125116 0.0161955 -0.0117832 0.9934486
2481.073938 -0.1002065 0.0054398 -0.0220276 -0.1131194 0.0168051 -0.0118653 0.9933684
2481.923856 -0.1010042 0.0014401 -0.0238886 -0.1120974 0.0122996 -0.0096335 0.9935744
