2469.725037 0.0000000 0.0000000 0.0000000 -0.0000000 -0.0000000 -0.0000000 1.0000000
2471.247509 -0.0242259 0.0012223 -0.0016471 -0.0076816 -0.0014225 -0.0002902 0.9999695
2471.349495 -0.0248658 0.0015851 -0.0017336 -0.0071185 -0.0013875 -0.0003446 0.9999737
2471.654562 -0.0291840 0.0022766 -0.0014064 -0.0128025 0.0046451 -0.0008372 0.9999069
2471.904874 -0.0326649 0.0030267 -0.0017819 -0.0211628 0.0061028 -0.0013555 0.9997565
2472.005891 -0.0339355 0.0032976 -0.0018065 -0.0226648 0.0062969 -0.0012556 0.9997225
2472.706080 -0.0464154 0.0046182 -0.0019859 -0.0296313 0.0047704 -0.0021864 0.9995471
2472.855789 -0.0476499 0.0038787 -0.0026404 -0.0300103 0.0037972 -0.0020667 0.9995403
2473.355662 -0.0554902 0.0003880 -0.0043913 -0.0021505 -0.0036838 -0.0000288 0.9999909
2473.653795 -0.0592107 -0.0018974 -0.0056414 0.0251171 -0.0078515 0.0013030 0.9996529
2473.852650 -0.0610667 -0.0034545 -0.0064433 0.0375475 -0.0084523 0.0021182 0.9992568
2474.053085 -0.0624685 -0.0057774 -0.0076994 0.0507742 -0.0099204 0.0029926 0.9986565
2475.145394 -0.0747480 -0.0126993 -0.0139871 0.1233370 -0.0201115 0.0059164 0.9921434
2476.524379 -0.0920407 -0.0115718 -0.0162164 0.1261745 -0.0155079 0.0074441 0.9918589
2476.674364 -0.0967109 -0.0130326 -0.0159681 0.1321196 -0.0165913 0.0074906 0.9910666
2476.824350 -0.0973555 -0.0128986 -0.0170513 0.1353188 -0.0178763 0.0080839 0.9906079
2476.974335 -0.1001430 -0.0123175 -0.0150776 0.1376423 -0.0171286 0.0079470 0.9903020
2477.074326 -0.1003627 -0.0126995 -0.0151829 0.1388948 -0.0165423 0.0076878 0.9901391
2477.574277 -0.1025586 -0.0118410 -0.0173279 0.1392148 -0.0142821 0.0081154 0.9901260
2477.774258 -0.1035659 -0.0118529 -0.0180148 0.1258358 -0.0124180 0.0076893 0.9919436
2478.674171 -0.1209035 -0.0038667 -0.0149239 0.0557653 -0.0017798 0.0041401 0.9984338
2479.824059 -0.1262199 0.0085929 -0.0125239 -0.0476339 0.0096965 -0.0042553 0.9988087
2479.924050 -0.1251894 0.0067007 -0.0119300 -0.0592834 0.0103565 -0.0053616 0.9981731
2480.224021 -0.1246992 0.0130841 -0.0095017 -0.0798214 0.0117159 -0.0070622 0.9967153
2481.273919 -0.1267622 0.0149933 -0.0119458 -0.1125875 0.0175741 -0.0110932 0.9934245
2481.773871 -0.1233730 0.0179761 -0.0096407 -0.1088507 0.0127096 -0.0094735 0.9939317
