2469.675042 0.0000000 0.0000000 0.0000000 -0.0000000 -0.0000000 -0.0000000 1.0000000
2471.147519 -0.0127823 0.0015121 -0.0006325 -0.0095423 -0.0015547 -0.0003401 0.9999532
2471.247509 -0.0133773 0.0015055 -0.0006667 -0.0083853 -0.0013651 -0.0003037 0.9999639
2471.804883 -0.0177577 0.0023653 -0.0005771 -0.0177077 0.0058672 -0.0012599 0.9998252
2471.955580 -0.0191066 0.0026393 -0.0006216 -0.0231336 0.0064870 -0.0013515 0.9997104
2472.356351 -0.0231686 0.0029117 -0.0006158 -0.0308834 0.0090052 -0.0022760 0.9994798
2472.955937 -0.0275374 0.0031727 -0.0010697 -0.0294618 0.0025589 -0.0017453 0.9995611
2473.255651 -0.0314030 0.0019581 -0.0010010 -0.0150895 -0.0018138 -0.0009895 0.9998841
2473.454862 -0.0316374 0.0014183 -0.0017347 0.0068626 -0.0046320 0.0006086 0.9999655
2473.653795 -0.0317001 0.0007472 -0.0024787 0.0250693 -0.0088516 0.0019358 0.9996446
2474.202182 -0.0366582 -0.0021506 -0.0034624 0.0641198 -0.0132491 0.0035087 0.9978481
2476.029050 -0.0509216 -0.0066224 -0.0075609 0.1393457 -0.0225745 0.0065308 0.9899649
2476.724360 -0.0553227 -0.0070722 -0.0087629 0.1317393 -0.0170817 0.0074914 0.9911090
2476.824350 -0.0555443 -0.0071502 -0.0086916 0.1343622 -0.0178524 0.0080865 0.9907385
2476.924340 -0.0563095 -0.0072775 -0.0084550 0.1362039 -0.0172647 0.0080070 0.9904980
2477.024331 -0.0578355 -0.0070284 -0.0076826 0.1373988 -0.0167084 0.0078795 0.9903436
2477.474287 -0.0589045 -0.0072893 -0.0087532 0.1415239 -0.0137544 0.0081183 0.9898060
2477.524282 -0.0590226 -0.0068772 -0.0086473 0.1394846 -0.0137290 0.0082135 0.9900950
2477.624272 -0.0588625 -0.0068256 -0.0084860 0.1361662 -0.0141925 0.0083260 0.9905494
2477.924243 -0.0616216 -0.0091725 -0.0117559 0.1146743 -0.0106106 0.0071837 0.9933205
2479.274113 -0.0715480 0.0015148 -0.0061312 -0.0022708 0.0088704 -0.0002918 0.9999580
2479.924050 -0.0710607 0.0052033 -0.0062644 -0.0599166 0.0101300 -0.0034774 0.9981459
2480.074035 -0.0709677 0.0053423 -0.0069101 -0.0697536 0.0102652 -0.0051990 0.9974979
2480.773967 -0.0705642 0.0078793 -0.0069950 -0.1119109 0.0155706 -0.0088000 0.9935573
2480.873958 -0.0708962 0.0091324 -0.0073275 -0.1139698 0.0161083 -0.0094466 0.9933087
