2469.725037 0.0000000 0.0000000 0.0000000 -0.0000000 -0.0000000 -0.0000000 1.0000000
2471.247509 -0.0214987 0.0005436 -0.0022057 -0.0078955 -0.0014666 -0.0003442 0.9999677
2471.349495 -0.0221994 0.0005672 -0.0022683 -0.0074610 -0.0013948 -0.0003185 0.9999712
2471.804883 -0.0279553 0.0010259 -0.0028609 -0.0175665 0.0056449 -0.0012025 0.9998291
2472.055886 -0.0321228 0.0021342 -0.0027122 -0.0245662 0.0075631 -0.0016388 0.9996682
2472.306356 -0.0359578 0.0024699 -0.0026147 -0.0300602 0.0091870 -0.0022015 0.9995035
2472.706080 -0.0410824 0.0026863 -0.0034334 -0.0301270 0.0045833 -0.0021966 0.9995332
2472.955937 -0.0436982 0.0021010 -0.0042240 -0.0293208 0.0025031 -0.0018933 0.9995651
2473.355662 -0.0491602 -0.0013226 -0.0057443 -0.0027105 -0.0039198 0.0001325 0.9999886
2473.454862 -0.0504300 -0.0016477 -0.0056479 0.0066275 -0.0046620 0.0005396 0.9999670
2474.053085 -0.0556876 -0.0069410 -0.0088920 0.0501910 -0.0100835 0.0030613 0.9986840
2474.451427 -0.0619668 -0.0094083 -0.0113599 0.0797602 -0.0214349 0.0040200 0.9965755
2475.095616 -0.0666294 -0.0110116 -0.0139784 0.1186485 -0.0192733 0.0056868 0.9927330
2476.129395 -0.0801875 -0.0140589 -0.0184597 0.1342456 -0.0214921 0.0069780 0.9906904
2476.624369 -0.0854027 -0.0133646 -0.0181057 0.1291454 -0.0163071 0.0075990 0.9914625
2476.774355 -0.0869124 -0.0142407 -0.0188102 0.1333023 -0.0183374 0.0079389 0.9908740
2476.924340 -0.0894890 -0.0142191 -0.0194773 0.1363881 -0.0170774 0.0080816 0.9904753
2477.374297 -0.0919126 -0.0111943 -0.0185510 0.1439215 -0.0151431 0.0084225 0.9894374
2477.574277 -0.0928153 -0.0105475 -0.0197068 0.1392516 -0.0139471 0.0085752 0.9901217
2477.824253 -0.1008167 -0.0161054 -0.0192401 0.1202423 -0.0098374 0.0070315 0.9926710
2479.374103 -0.1122046 -0.0165157 -0.0370848 -0.0160558 0.0088102 -0.0007818 0.9998320
2479.524088 -0.1130099 -0.0163577 -0.0386809 -0.0293867 0.0077109 -0.0019467 0.9995365
2480.024040 -0.1125936 -0.0164905 -0.0378133 -0.0736195 0.0109179 -0.0049547 0.9972143
2481.723875 -0.1141141 -0.0164132 -0.0397931 -0.1205800 0.0147949 -0.0090584 0.9925520
