2469.725037 0.0000000 0.0000000 0.0000000 -0.0000000 -0.0000000 -0.0000000 1.0000000
2470.787973 -0.0098397 0.0005329 -0.0011865 -0.0120719 0.0021768 -0.0006245 0.9999246
2470.891756 -0.0111208 0.0006849 -0.0008169 -0.0113095 -0.0002246 -0.0005746 0.9999359
2471.451994 -0.0153450 0.0005381 -0.0012683 -0.0084571 0.0008403 -0.0002939 0.9999639
2471.804883 -0.0184650 0.0011575 -0.0013894 -0.0174038 0.0052972 -0.0010275 0.9998340
2471.955580 -0.0197747 0.0013452 -0.0015005 -0.0228623 0.0059137 -0.0012871 0.9997203
2472.055886 -0.0209882 0.0019112 -0.0014009 -0.0243926 0.0071530 -0.0012717 0.9996760
2473.005933 -0.0295131 0.0017812 -0.0020320 -0.0268943 0.0007174 -0.0016235 0.9996367
2473.355662 -0.0326592 -0.0000332 -0.0030942 -0.0022934 -0.0043169 0.0002174 0.9999880
2473.653795 -0.0348593 -0.0020140 -0.0041760 0.0246098 -0.0085642 0.0016259 0.9996591
2474.053085 -0.0378925 -0.0040974 -0.0054561 0.0504710 -0.0100214 0.0028557 0.9986712
2475.438708 -0.0472727 -0.0091091 -0.0101396 0.1375123 -0.0240010 0.0062700 0.9901894
2475.979054 -0.0537329 -0.0092114 -0.0106950 0.1413120 -0.0227038 0.0071614 0.9896789
2476.474384 -0.0564851 -0.0085941 -0.0106879 0.1256440 -0.0161536 0.0070922 0.9919185
2476.774355 -0.0600531 -0.0093039 -0.0111450 0.1334367 -0.0177861 0.0076181 0.9908684
2476.874345 -0.0600912 -0.0092744 -0.0112031 0.1355893 -0.0174132 0.0079806 0.9905800
2476.974335 -0.0599974 -0.0092040 -0.0112492 0.1367732 -0.0176068 0.0080109 0.9904135
2477.124321 -0.0601361 -0.0091442 -0.0113449 0.1398547 -0.0170663 0.0083567 0.9899897
2477.624272 -0.0601517 -0.0090563 -0.0115169 0.1363027 -0.0156774 0.0083925 0.9905076
2479.074132 -0.0748871 -0.0010425 -0.0095780 0.0181455 0.0068533 0.0007721 0.9998116
2479.874055 -0.0741453 0.0023466 -0.0094465 -0.0549657 0.0084406 -0.0045448 0.9984422
2480.074035 -0.0760364 0.0046619 -0.0086996 -0.0693849 0.0101259 -0.0057280 0.9975222
2480.873958 -0.0738279 0.0079294 -0.0085791 -0.1134665 0.0150885 -0.0098188 0.9933787
2481.173929 -0.0744894 0.0091426 -0.0088981 -0.1115270 0.0160191 -0.0109774 0.9935717
