2444.927438 0.0000000 0.0000000 0.0000000 -0.0000000 -0.0000000 -0.0000000 1.0000000
2449.776969 -0.0150038 0.0014901 0.0019756 -0.0224594 -0.0247034 -0.0018139 0.9994409
2449.876959 -0.0159452 0.0014649 0.0016631 -0.0219410 -0.0262742 -0.0021355 0.9994117
2450.426906 -0.0234747 0.0014464 0.0020751 -0.0168853 -0.0406169 -0.0122547 0.9989570
2450.926857 -0.0311768 0.0010768 0.0019252 -0.0122300 -0.0518201 -0.0243410 0.9982849
2451.276823 -0.0363138 0.0013947 0.0024142 -0.0117427 -0.0610219 -0.0308598 0.9975902
2451.526799 -0.0408061 0.0015885 0.0023674 -0.0101051 -0.0670770 -0.0352485 0.9970738
2452.076746 -0.0481961 0.0018286 0.0017149 -0.0089472 -0.0835151 -0.0418301 0.9955880
2452.826673 -0.0640407 0.0033941 -0.0016093 -0.0037067 -0.1106953 -0.0512043 0.9925275
2453.276630 -0.0696297 0.0044749 -0.0024812 -0.0083373 -0.1259686 -0.0616887 0.9900793
2454.026557 -0.0773438 0.0058547 -0.0021384 -0.0083930 -0.1383013 -0.0743727 0.9875581
2456.226344 -0.1063395 0.0117835 -0.0085993 -0.0120640 -0.1841527 -0.1201460 0.9754523
2456.676301 -0.1112953 0.0135532 -0.0093037 -0.0141098 -0.1897436 -0.1316736 0.9728619
2456.776291 -0.1140166 0.0144513 -0.0101958 -0.0158471 -0.1921786 -0.1328426 0.9721981
2457.126257 -0.1210357 0.0166210 -0.0123787 -0.0163469 -0.2018212 -0.1431354 0.9687690
2457.826189 -0.1344405 0.0212445 -0.0187243 -0.0161577 -0.2272815 -0.1626281 0.9600178
2457.876184 -0.1362789 0.0215549 -0.0195351 -0.0161709 -0.2277670 -0.1647945 0.9595330
2457.976175 -0.1359541 0.0209950 -0.0201698 -0.0162871 -0.2308088 -0.1658377 0.9586239
2458.326141 -0.1430283 0.0229922 -0.0233267 -0.0083382 -0.2391648 -0.1725277 0.9554920
2458.426131 -0.1465079 0.0238256 -0.0259351 0.0006865 -0.2461064 -0.1752582 0.9532658
2458.476126 -0.1481885 0.0243215 -0.0271592 0.0042238 -0.2497994 -0.1769604 0.9519808
2458.576117 -0.1508866 0.0256058 -0.0289004 0.0083223 -0.2560216 -0.1782071 0.9500663
2458.780107 -0.1557496 0.0263162 -0.0329679 0.0198710 -0.2674675 -0.1805823 0.9462855
2459.084542 -0.1616825 0.0271216 -0.0376427 0.0420871 -0.2827341 -0.1825052 0.9407348
2459.187575 -0.1634540 0.0277738 -0.0392402 0.0507695 -0.2873484 -0.1829727 0.9388154
2459.387891 -0.1658778 0.0275835 -0.0415813 0.0644011 -0.2946758 -0.1824475 0.9358053
2459.695586 -0.1708221 0.0287870 -0.0457092 0.0855407 -0.3104073 -0.1832021 0.9288526
2460.198480 -0.1796757 0.0294997 -0.0529706 0.1190650 -0.3309802 -0.1810804 0.9184147
2461.302502 -0.1928654 0.0355633 -0.0655768 0.1585899 -0.3622579 -0.1812415 0.9004276
2461.552142 -0.1972606 0.0365767 -0.0695270 0.1643547 -0.3709371 -0.1842046 0.8952440
2464.987724 -0.2244294 0.0557806 -0.1032282 0.2065205 -0.4211558 -0.1706271 0.8665238
2465.477859 -0.2300627 0.0622698 -0.1095596 0.1929730 -0.4235061 -0.1800911 0.8665860
2465.575439 -0.2299235 0.0627744 -0.1089907 0.1881230 -0.4207349 -0.1824217 0.8685127
2465.975400 -0.2329097 0.0645737 -0.1114453 0.1729815 -0.4126722 -0.1907167 0.8737313
2466.175381 -0.2316783 0.0651620 -0.1131125 0.1604910 -0.4156356 -0.1958675 0.8735706
2466.475352 -0.2287363 0.0717973 -0.1170319 0.1377019 -0.4101470 -0.2082634 0.8771796
2466.675333 -0.2390086 0.0794519 -0.1127591 0.1226011 -0.4000895 -0.2192607 0.8813751
2467.325270 -0.2375147 0.0811051 -0.1217304 0.0960930 -0.3956056 -0.2327001 0.8832400
2467.925211 -0.2380444 0.0822686 -0.1257381 0.0770901 -0.3843625 -0.2432625 0.8872125
2469.675042 -0.2515464 0.0976894 -0.1349077 0.0320499 -0.3811416 -0.2666809 0.8846385
2470.330964 -0.2548533 0.1027470 -0.1405715 0.0218516 -0.3766004 -0.2722692 0.8851916
2470.839706 -0.2578847 0.1049664 -0.1444392 0.0214412 -0.3763278 -0.2725009 0.8852463
2471.349495 -0.2606915 0.1076454 -0.1486474 0.0246694 -0.3792928 -0.2706001 0.8844795
2471.754572 -0.2623105 0.1097156 -0.1510203 0.0191690 -0.3718959 -0.2738833 0.8867435
2472.955937 -0.2689273 0.1175102 -0.1606359 0.0070846 -0.3699057 -0.2799543 0.8858584
2473.155503 -0.2705177 0.1183438 -0.1627775 0.0112176 -0.3744648 -0.2774525 0.8846866
2474.997107 -0.2805180 0.1162860 -0.1806004 0.1257036 -0.4255996 -0.2179786 0.8692232
2475.145394 -0.2803731 0.1157779 -0.1821000 0.1325837 -0.4276830 -0.2141048 0.8681405
2475.638036 -0.2829719 0.1175329 -0.1876689 0.1534100 -0.4348089 -0.2032810 0.8637612
2476.029050 -0.2849121 0.1201274 -0.1912583 0.1460996 -0.4335034 -0.2066166 0.8648927
2476.774355 -0.2874069 0.1228039 -0.1953313 0.1418421 -0.4285653 -0.2080147 0.8677226
2476.874345 -0.2876679 0.1232476 -0.1958125 0.1437040 -0.4285569 -0.2066500 0.8677465
2477.324302 -0.2880577 0.1242074 -0.1970678 0.1497991 -0.4285457 -0.2035634 0.8674507
2477.824253 -0.2896177 0.1261318 -0.2007423 0.1329769 -0.4200365 -0.2128250 0.8721193
2478.574180 -0.2926533 0.1325999 -0.2037348 0.0844349 -0.4019232 -0.2381981 0.8801081
2479.274113 -0.2936703 0.1409755 -0.2028023 0.0322992 -0.3727311 -0.2680984 0.8877790
2479.974045 -0.2919121 0.1459402 -0.2011814 -0.0193562 -0.3539961 -0.2947691 0.8873688
2480.124030 -0.2904290 0.1461419 -0.2008110 -0.0276984 -0.3513313 -0.2988442 0.8868434
2480.473997 -0.2914540 0.1464183 -0.2014631 -0.0481007 -0.3396168 -0.3096950 0.8868122
2480.773967 -0.2914234 0.1460152 -0.2032172 -0.0603585 -0.3334342 -0.3161013 0.8861482
2481.223924 -0.2908731 0.1478177 -0.2013718 -0.0611965 -0.3322531 -0.3175910 0.8860016
2481.923856 -0.2907418 0.1476447 -0.2006356 -0.0589261 -0.3380753 -0.3151755 0.8848148
