2469.725037 0.0000000 0.0000000 0.0000000 -0.0000000 -0.0000000 -0.0000000 1.0000000
2470.943687 -0.0132741 0.0028112 -0.0001660 -0.0100757 -0.0013627 -0.0003059 0.9999483
2471.247509 -0.0157187 0.0025590 -0.0004129 -0.0068506 -0.0021086 0.0000379 0.9999743
2471.704715 -0.0196183 0.0030967 -0.0007172 -0.0136031 0.0042432 -0.0006291 0.9998983
2472.055886 -0.0235829 0.0044966 -0.0002196 -0.0232680 0.0067035 -0.0011285 0.9997061
2472.206050 -0.0253932 0.0047416 -0.0003161 -0.0283991 0.0095567 -0.0015178 0.9995499
2472.256203 -0.0265445 0.0048541 0.0001983 -0.0298757 0.0094997 -0.0017086 0.9995070
2472.706080 -0.0306917 0.0048267 -0.0005665 -0.0289234 0.0036908 -0.0016948 0.9995734
2473.355662 -0.0370325 0.0030363 -0.0017081 -0.0008031 -0.0048504 0.0003507 0.9999878
2473.405519 -0.0375596 0.0037992 -0.0015273 0.0036801 -0.0051670 0.0005096 0.9999797
2473.504185 -0.0379342 0.0015475 -0.0023180 0.0123491 -0.0070131 0.0013699 0.9998983
2474.053085 -0.0422779 -0.0018502 -0.0043560 0.0518836 -0.0108677 0.0030816 0.9985893
2474.102764 -0.0426077 -0.0018073 -0.0040920 0.0580264 -0.0121644 0.0034176 0.9982351
2476.029050 -0.0607530 -0.0074462 -0.0105604 0.1407965 -0.0236644 0.0069968 0.9897310
2476.524379 -0.0627424 -0.0058595 -0.0100183 0.1273111 -0.0167009 0.0077394 0.9916921
2476.824350 -0.0663360 -0.0079191 -0.0109796 0.1359906 -0.0191618 0.0083530 0.9904896
2476.974335 -0.0667427 -0.0081804 -0.0111074 0.1380133 -0.0188702 0.0085128 0.9902140
2477.324302 -0.0697857 -0.0074616 -0.0112317 0.1435688 -0.0166187 0.0085842 0.9894636
2477.424292 -0.0703595 -0.0079270 -0.0115279 0.1443144 -0.0155736 0.0086600 0.9893715
2477.524282 -0.0716954 -0.0079223 -0.0109774 0.1408538 -0.0145327 0.0083064 0.9898889
2477.624272 -0.0713100 -0.0077252 -0.0110479 0.1376461 -0.0151334 0.0082348 0.9903316
2479.174122 -0.0831967 0.0013961 -0.0089824 0.0095877 0.0046609 0.0013436 0.9999423
2479.874055 -0.0865727 0.0051656 -0.0097455 -0.0536990 0.0087689 -0.0045330 0.9985084
2480.124030 -0.0858413 0.0051044 -0.0086003 -0.0728998 0.0092912 -0.0056904 0.9972798
2481.523895 -0.0872739 0.0100640 -0.0084965 -0.1118064 0.0157733 -0.0101531 0.9935530
2481.573890 -0.0875096 0.0096877 -0.0088577 -0.1115879 0.0149307 -0.0097113 0.9935949
