2444.927438 0.0000000 0.0000000 0.0000000 -0.0000000 -0.0000000 -0.0000000 1.0000000
2449.776969 -0.0146539 0.0015665 0.0021076 -0.0224366 -0.0248860 -0.0017325 0.9994370
2449.876959 -0.0157535 0.0015106 0.0018543 -0.0219087 -0.0263912 -0.0020939 0.9994094
2450.476901 -0.0238129 0.0009188 0.0021067 -0.0167669 -0.0421083 -0.0132845 0.9988840
2450.876862 -0.0298562 0.0005665 0.0019020 -0.0131779 -0.0507542 -0.0220643 0.9983805
2451.226828 -0.0347165 0.0010404 0.0018653 -0.0117152 -0.0603279 -0.0303257 0.9976491
2451.526799 -0.0402609 0.0007109 0.0017762 -0.0105392 -0.0673057 -0.0352914 0.9970524
2451.826770 -0.0450098 0.0011176 0.0013493 -0.0106831 -0.0761946 -0.0403319 0.9962196
2452.576698 -0.0542258 0.0015414 -0.0003050 -0.0035665 -0.0957571 -0.0469447 0.9942907
2452.826673 -0.0629309 0.0022637 -0.0027577 -0.0042238 -0.1112143 -0.0510273 0.9924766
2453.226635 -0.0684623 0.0035254 -0.0030726 -0.0097235 -0.1255559 -0.0606627 0.9901824
2453.926567 -0.0753414 0.0048264 -0.0030302 -0.0082600 -0.1373428 -0.0718420 0.9878803
2456.626306 -0.1095120 0.0125439 -0.0099938 -0.0142053 -0.1889797 -0.1305024 0.9731670
2456.776291 -0.1125371 0.0131202 -0.0109295 -0.0164014 -0.1930027 -0.1324664 0.9720770
2457.026267 -0.1174462 0.0146198 -0.0127228 -0.0171277 -0.2003695 -0.1391072 0.9696432
2457.776194 -0.1325779 0.0194694 -0.0194343 -0.0170653 -0.2261863 -0.1613712 0.9604728
2457.876184 -0.1339810 0.0192644 -0.0208739 -0.0171544 -0.2290493 -0.1642053 0.9593116
2458.326141 -0.1408427 0.0203376 -0.0250270 -0.0095422 -0.2401218 -0.1722866 0.9552842
2458.426131 -0.1437812 0.0217474 -0.0275657 -0.0000745 -0.2471757 -0.1752305 0.9529945
2458.676502 -0.1525166 0.0224736 -0.0330935 0.0151285 -0.2631773 -0.1798105 0.9477220
2458.728235 -0.1521290 0.0221248 -0.0331646 0.0159454 -0.2664461 -0.1793283 0.9468862
2458.780107 -0.1521300 0.0219511 -0.0347212 0.0179732 -0.2689564 -0.1800900 0.9459953
2458.980345 -0.1572963 0.0237165 -0.0382981 0.0325533 -0.2779251 -0.1823670 0.9425710
2459.287288 -0.1627920 0.0242327 -0.0422683 0.0581666 -0.2932380 -0.1820480 0.9367426
2459.594331 -0.1670505 0.0253618 -0.0457732 0.0782076 -0.3057713 -0.1816563 0.9313370
2459.695586 -0.1690532 0.0262857 -0.0472464 0.0844704 -0.3112750 -0.1828101 0.9287373
2460.147715 -0.1766244 0.0274627 -0.0530743 0.1154280 -0.3306831 -0.1809256 0.9190163
2462.152440 -0.2031218 0.0385234 -0.0770227 0.1880707 -0.3831101 -0.1773611 0.8867915
2462.651700 -0.2056952 0.0394281 -0.0797489 0.1937542 -0.3922860 -0.1738254 0.8822447
2465.525819 -0.2281054 0.0596232 -0.1120558 0.1899284 -0.4234017 -0.1803735 0.8672506
2465.625434 -0.2285515 0.0602652 -0.1119885 0.1862779 -0.4211099 -0.1823121 0.8687516
2465.875410 -0.2288980 0.0613606 -0.1128504 0.1773622 -0.4167885 -0.1871243 0.8716733
2466.075391 -0.2335690 0.0655967 -0.1179395 0.1674652 -0.4124822 -0.1932218 0.8743450
2466.275371 -0.2324708 0.0669756 -0.1192928 0.1524770 -0.4166497 -0.1995901 0.8736805
2466.375362 -0.2319387 0.0677835 -0.1200747 0.1446660 -0.4137377 -0.2038629 0.8754044
2466.675333 -0.2340489 0.0719284 -0.1201675 0.1200890 -0.4013509 -0.2188824 0.8812415
2468.225183 -0.2450630 0.0881667 -0.1310298 0.0663821 -0.3888898 -0.2491172 0.8844765
2469.125095 -0.2479282 0.0939253 -0.1358315 0.0425739 -0.3816243 -0.2618427 0.8854314
2469.575052 -0.2509396 0.0968456 -0.1394540 0.0336594 -0.3823620 -0.2661012 0.8842265
2469.825028 -0.2513224 0.0967250 -0.1389398 0.0295568 -0.3792835 -0.2674948 0.8852779
2470.330964 -0.2546189 0.1008550 -0.1444362 0.0208390 -0.3771759 -0.2721382 0.8850113
2471.298255 -0.2598901 0.1054374 -0.1513906 0.0242965 -0.3806263 -0.2697320 0.8841821
2471.754572 -0.2620344 0.1079736 -0.1545940 0.0181422 -0.3725451 -0.2735698 0.8865893
2472.805794 -0.2679776 0.1157362 -0.1623745 0.0049213 -0.3685333 -0.2807688 0.8861873
2473.405519 -0.2720821 0.1161340 -0.1690240 0.0308644 -0.3849250 -0.2666091 0.8830627
2473.802477 -0.2741034 0.1147514 -0.1731194 0.0561105 -0.3966156 -0.2534305 0.8805230
2474.252177 -0.2770149 0.1149467 -0.1774997 0.0838449 -0.4110067 -0.2388204 0.8757901
2475.537454 -0.2812917 0.1146647 -0.1898969 0.1490187 -0.4353921 -0.2046851 0.8639046
2476.774355 -0.2880849 0.1222480 -0.1983880 0.1411495 -0.4292073 -0.2075829 0.8676216
2477.024331 -0.2883171 0.1226403 -0.1995341 0.1448615 -0.4293854 -0.2055467 0.8674064
2477.174316 -0.2882255 0.1228471 -0.1993264 0.1474675 -0.4298048 -0.2039751 0.8671305
2478.274210 -0.2910341 0.1294211 -0.2060478 0.1070958 -0.4122562 -0.2257330 0.8761392
2478.824156 -0.2960876 0.1363957 -0.2073145 0.0673621 -0.3892330 -0.2490814 0.8842615
2479.174122 -0.2969655 0.1385222 -0.2083564 0.0394487 -0.3763913 -0.2639719 0.8871822
2479.724069 -0.2951711 0.1426869 -0.2066239 -0.0003144 -0.3631726 -0.2841657 0.8873305
2479.924050 -0.2947966 0.1440030 -0.2059482 -0.0181271 -0.3547712 -0.2934230 0.8875313
2480.224021 -0.2924311 0.1466627 -0.2045362 -0.0353862 -0.3475019 -0.3024801 0.8868461
2480.374006 -0.2923948 0.1470395 -0.2033191 -0.0420473 -0.3438961 -0.3061390 0.8867054
2481.073938 -0.2920467 0.1477940 -0.2049717 -0.0605465 -0.3330239 -0.3163749 0.8861919
2481.523895 -0.2914433 0.1476258 -0.2038527 -0.0611273 -0.3338709 -0.3164870 0.8857933
2481.923856 -0.2916835 0.1475606 -0.2042205 -0.0594898 -0.3385400 -0.3145920 0.8848071
