2461.552142 0.0000000 0.0000000 0.0000000 -0.0000000 -0.0000000 -0.0000000 1.0000000
2462.552065 -0.0057009 -0.0015431 0.0001625 0.0376985 -0.0147446 -0.0016500 0.9991791
2462.601883 -0.0059193 -0.0012164 0.0004548 0.0374858 -0.0152472 -0.0017022 0.9991794
2463.850932 -0.0122575 -0.0014115 -0.0003525 0.0386640 -0.0303186 -0.0019586 0.9987903
2465.525819 -0.0256027 -0.0002288 -0.0022597 0.0392580 -0.0498174 -0.0042252 0.9979776
2465.975400 -0.0260400 0.0001876 -0.0020342 0.0165444 -0.0443515 -0.0060802 0.9988605
2466.125386 -0.0261562 0.0003940 -0.0027866 0.0077501 -0.0476915 -0.0062208 0.9988127
2470.839706 -0.0501476 0.0067163 -0.0060715 -0.1579297 -0.0479360 -0.0266750 0.9859254
2472.055886 -0.0557796 0.0075419 -0.0070271 -0.1701459 -0.0408535 -0.0290054 0.9841443
2472.155896 -0.0563267 0.0078058 -0.0068105 -0.1744664 -0.0371579 -0.0303168 0.9834946
2472.256203 -0.0571986 0.0077446 -0.0070866 -0.1765949 -0.0379690 -0.0304929 0.9830782
2472.505783 -0.0583222 0.0073724 -0.0074544 -0.1766320 -0.0402377 -0.0301983 0.9829904
2473.155503 -0.0612670 0.0075670 -0.0079914 -0.1691104 -0.0487636 -0.0276963 0.9840004
2473.454862 -0.0623174 0.0064228 -0.0081682 -0.1396948 -0.0531713 -0.0236649 0.9884828
2473.504185 -0.0628370 0.0062210 -0.0083533 -0.1355138 -0.0540893 -0.0233199 0.9890230
2474.053085 -0.0642891 0.0046037 -0.0086912 -0.0966539 -0.0589911 -0.0186556 0.9933932
2474.997107 -0.0685673 0.0026324 -0.0095888 -0.0326976 -0.0690371 -0.0120026 0.9970059
2475.145394 -0.0686956 0.0024355 -0.0099079 -0.0243282 -0.0695145 -0.0105511 0.9972284
2475.487458 -0.0691732 0.0016571 -0.0110846 -0.0084147 -0.0726107 -0.0086206 0.9972876
2476.624369 -0.0745639 0.0021376 -0.0114606 -0.0179383 -0.0657327 -0.0092719 0.9976329
2476.724360 -0.0746670 0.0021819 -0.0116601 -0.0149826 -0.0670469 -0.0086080 0.9976002
2477.424292 -0.0771005 0.0018366 -0.0120896 -0.0041870 -0.0640058 -0.0081520 0.9979075
2477.524282 -0.0773327 0.0018033 -0.0120093 -0.0076607 -0.0631848 -0.0083969 0.9979371
2477.624272 -0.0776633 0.0021555 -0.0125730 -0.0107472 -0.0634395 -0.0084299 0.9978922
2477.824253 -0.0784676 0.0026561 -0.0133283 -0.0253175 -0.0604935 -0.0100398 0.9977970
2479.074132 -0.0834654 0.0064394 -0.0126896 -0.1278865 -0.0410424 -0.0253437 0.9906151
2479.174122 -0.0831663 0.0072758 -0.0127239 -0.1371150 -0.0412675 -0.0255270 0.9893659
2479.924050 -0.0836980 0.0092948 -0.0123791 -0.2040719 -0.0370118 -0.0348365 0.9776355
2480.174026 -0.0836292 0.0105106 -0.0130042 -0.2208676 -0.0352889 -0.0370482 0.9739608
2481.123934 -0.0834575 0.0111372 -0.0131911 -0.2537684 -0.0294345 -0.0422716 0.9658925
2481.673880 -0.0834485 0.0118124 -0.0132950 -0.2530558 -0.0318321 -0.0420844 0.9660116
