2469.725037 0.0000000 0.0000000 0.0000000 -0.0000000 -0.0000000 -0.0000000 1.0000000
2471.046304 -0.0168375 0.0030959 0.0014914 -0.0095033 -0.0013218 -0.0002006 0.9999540
2471.147519 -0.0168517 0.0032294 0.0013052 -0.0080415 -0.0021387 0.0002465 0.9999654
2471.349495 -0.0191758 0.0030574 0.0013578 -0.0065441 -0.0014174 0.0002205 0.9999776
2471.804883 -0.0240615 0.0043557 0.0018072 -0.0163271 0.0054569 -0.0004990 0.9998517
2472.005891 -0.0265857 0.0052693 0.0018169 -0.0217215 0.0064522 -0.0006885 0.9997430
2472.306356 -0.0313033 0.0066633 0.0027928 -0.0283066 0.0091605 -0.0012516 0.9995565
2472.855789 -0.0370673 0.0065101 0.0024886 -0.0287756 0.0037576 -0.0012494 0.9995781
2473.454862 -0.0439324 0.0025257 0.0013601 0.0079368 -0.0045923 0.0011671 0.9999573
2473.504185 -0.0450174 0.0030153 0.0012328 0.0125668 -0.0055310 0.0013038 0.9999049
2473.752897 -0.0468640 0.0017172 0.0011916 0.0304328 -0.0077724 0.0021077 0.9995044
2474.053085 -0.0491221 -0.0001228 0.0001419 0.0523415 -0.0096772 0.0030060 0.9985778
2475.245739 -0.0622427 -0.0050119 -0.0025547 0.1286105 -0.0225989 0.0051030 0.9914246
2476.278176 -0.0726977 -0.0035425 -0.0021531 0.1338412 -0.0182187 0.0066376 0.9908131
2476.524379 -0.0734023 -0.0032081 -0.0018764 0.1283143 -0.0145817 0.0074817 0.9915981
2476.624369 -0.0736703 -0.0030702 -0.0021869 0.1323785 -0.0159570 0.0076387 0.9910414
2476.924340 -0.0782263 -0.0041808 -0.0022625 0.1393643 -0.0164961 0.0083331 0.9900687
2477.024331 -0.0808986 -0.0037816 -0.0002343 0.1404651 -0.0155567 0.0078090 0.9899327
2477.374297 -0.0814250 -0.0032318 -0.0014720 0.1463493 -0.0141166 0.0083632 0.9890969
2477.524282 -0.0817193 -0.0029379 -0.0017671 0.1429039 -0.0129310 0.0086983 0.9896139
2477.924243 -0.0820830 -0.0021012 -0.0029310 0.1196354 -0.0110580 0.0086353 0.9927188
2479.374103 -0.1003562 0.0061819 0.0000353 -0.0087403 0.0097990 0.0005262 0.9999137
2479.524088 -0.0993968 0.0088389 0.0007044 -0.0213584 0.0080602 -0.0005349 0.9997393
2479.924050 -0.0991172 0.0111451 0.0017305 -0.0576256 0.0109918 -0.0032834 0.9982724
2480.374006 -0.0995006 0.0109246 0.0008606 -0.0885184 0.0143084 -0.0061679 0.9959527
2480.723972 -0.1002302 0.0109699 0.0000031 -0.1106025 0.0168898 -0.0098434 0.9936724
2481.073938 -0.0989281 0.0178773 -0.0001839 -0.1089516 0.0175156 -0.0087178 0.9938545
