2469.725037 0.0000000 0.0000000 0.0000000 -0.0000000 -0.0000000 -0.0000000 1.0000000
2470.787973 -0.0099436 0.0009823 -0.0008986 -0.0118260 0.0022437 -0.0005967 0.9999274
2470.891756 -0.0112542 0.0011554 -0.0007248 -0.0109950 -0.0001305 -0.0005115 0.9999394
2471.804883 -0.0185904 0.0015210 -0.0013563 -0.0171591 0.0054040 -0.0008802 0.9998378
2472.055886 -0.0209212 0.0023398 -0.0011893 -0.0240808 0.0070857 -0.0011347 0.9996843
2472.505783 -0.0260087 0.0018160 -0.0017023 -0.0307949 0.0076716 -0.0020006 0.9994943
2472.605932 -0.0268910 0.0020367 -0.0018330 -0.0300787 0.0068935 -0.0020288 0.9995217
2473.005933 -0.0299846 0.0020999 -0.0018994 -0.0266891 0.0010452 -0.0015479 0.9996421
2473.454862 -0.0338851 -0.0003710 -0.0030626 0.0069646 -0.0047812 0.0007168 0.9999641
2473.504185 -0.0345667 -0.0009303 -0.0033211 0.0110724 -0.0058514 0.0009236 0.9999212
2474.053085 -0.0377254 -0.0037193 -0.0053650 0.0507200 -0.0099410 0.0029223 0.9986592
2475.145394 -0.0456857 -0.0078392 -0.0080032 0.1232894 -0.0199126 0.0061249 0.9921521
2475.687479 -0.0499664 -0.0090883 -0.0101714 0.1471162 -0.0221849 0.0068604 0.9888466
2476.474384 -0.0559552 -0.0080475 -0.0107180 0.1258943 -0.0161942 0.0072823 0.9918848
2476.624369 -0.0572511 -0.0081173 -0.0106904 0.1296692 -0.0163846 0.0075229 0.9913934
2476.874345 -0.0603060 -0.0090520 -0.0113224 0.1356339 -0.0171923 0.0078766 0.9905785
2477.024331 -0.0610867 -0.0091783 -0.0111054 0.1375805 -0.0169196 0.0076729 0.9903164
2477.274306 -0.0614052 -0.0089236 -0.0114133 0.1429233 -0.0162389 0.0083602 0.9895653
2477.524282 -0.0614639 -0.0087084 -0.0118086 0.1398767 -0.0143938 0.0087286 0.9900258
2479.174122 -0.0763816 -0.0028990 -0.0122874 0.0080207 0.0069955 0.0011062 0.9999428
2479.374103 -0.0760489 0.0002103 -0.0079146 -0.0108019 0.0083539 -0.0003723 0.9999067
2479.674074 -0.0776009 0.0023514 -0.0093353 -0.0352063 0.0080806 -0.0031186 0.9993426
2481.173929 -0.0778420 0.0072251 -0.0084570 -0.1122918 0.0178024 -0.0102409 0.9934630
2481.873861 -0.0769055 0.0081164 -0.0090061 -0.1093709 0.0128197 -0.0093015 0.9938748
