2470.839706 0.0000000 0.0000000 0.0000000 -0.0000000 -0.0000000 -0.0000000 1.0000000
2472.206050 -0.0162689 0.0015271 -0.0007709 -0.0179108 0.0099649 -0.0011746 0.9997892
2472.306356 -0.0176023 0.0013972 -0.0007606 -0.0183430 0.0087902 -0.0012944 0.9997923
2473.005933 -0.0249033 0.0013068 -0.0015322 -0.0151546 0.0007039 -0.0008975 0.9998845
2473.105646 -0.0256562 0.0011473 -0.0021507 -0.0135453 -0.0009166 -0.0005780 0.9999077
2473.255651 -0.0277291 -0.0001592 -0.0023723 -0.0029752 -0.0031068 0.0000561 0.9999908
2473.355662 -0.0284431 -0.0011194 -0.0030356 0.0093062 -0.0045105 0.0008479 0.9999462
2473.454862 -0.0292731 -0.0017875 -0.0032562 0.0184354 -0.0053658 0.0014348 0.9998146
2474.053085 -0.0348014 -0.0060037 -0.0060551 0.0620448 -0.0101703 0.0035737 0.9980152
2474.152601 -0.0359426 -0.0067046 -0.0062336 0.0697273 -0.0118025 0.0040297 0.9974881
2475.783953 -0.0513664 -0.0127113 -0.0117900 0.1566591 -0.0213578 0.0074835 0.9873934
2476.179055 -0.0566985 -0.0117674 -0.0125377 0.1446988 -0.0201930 0.0074735 0.9892415
2476.374393 -0.0566784 -0.0110667 -0.0126854 0.1400878 -0.0178465 0.0077919 0.9899476
2476.624369 -0.0588368 -0.0110010 -0.0127411 0.1410306 -0.0164105 0.0081669 0.9898356
2477.224311 -0.0666491 -0.0130448 -0.0127031 0.1530067 -0.0157599 0.0089489 0.9880590
2477.524282 -0.0669800 -0.0118646 -0.0138555 0.1512292 -0.0133647 0.0090529 0.9883670
2477.674268 -0.0674781 -0.0118742 -0.0140108 0.1445601 -0.0131373 0.0096447 0.9893618
2477.774258 -0.0670298 -0.0123468 -0.0134430 0.1360929 -0.0120260 0.0087942 0.9905841
2479.374103 -0.0805112 -0.0003090 -0.0098793 0.0006538 0.0076025 0.0010873 0.9999703
2479.924050 -0.0826471 0.0030110 -0.0104448 -0.0483922 0.0102832 -0.0023876 0.9987726
2480.274016 -0.0832175 0.0031791 -0.0109797 -0.0730148 0.0123814 -0.0061296 0.9972352
2480.523992 -0.0836856 0.0035174 -0.0120329 -0.0915907 0.0160769 -0.0080043 0.9956348
2480.773967 -0.0831537 0.0032742 -0.0111244 -0.1016762 0.0161112 -0.0087819 0.9946483
2481.623885 -0.0840621 0.0065497 -0.0099363 -0.1009190 0.0154583 -0.0083395 0.9947396
2481.923856 -0.0834204 0.0053208 -0.0114851 -0.0989418 0.0127233 -0.0079176 0.9949804
