2444.927438 0.0000000 0.0000000 0.0000000 -0.0000000 -0.0000000 -0.0000000 1.0000000
2449.776969 -0.0145769 0.0015223 0.0019110 -0.0224490 -0.0249014 -0.0017353 0.9994364
2449.876959 -0.0155850 0.0013302 0.0016544 -0.0220346 -0.0264421 -0.0020961 0.9994053
2450.376911 -0.0224967 0.0008293 0.0015150 -0.0178599 -0.0386616 -0.0107619 0.9990348
2450.576891 -0.0254805 0.0011251 0.0018996 -0.0158259 -0.0444273 -0.0151224 0.9987728
2451.026848 -0.0320605 0.0009752 0.0017244 -0.0115403 -0.0543304 -0.0259592 0.9981188
2451.226828 -0.0347355 0.0009049 0.0016559 -0.0117786 -0.0603244 -0.0303020 0.9976493
2451.676785 -0.0427280 0.0010297 0.0014972 -0.0119999 -0.0720888 -0.0373362 0.9966269
2451.826770 -0.0449138 0.0015128 0.0015248 -0.0104866 -0.0762233 -0.0402517 0.9962229
2452.826673 -0.0628832 0.0025251 -0.0027056 -0.0040980 -0.1111866 -0.0510329 0.9924799
2452.976659 -0.0664413 0.0030461 -0.0038494 -0.0075558 -0.1205089 -0.0558689 0.9911101
2454.876475 -0.0855944 0.0061424 -0.0046857 -0.0064803 -0.1575258 -0.0908317 0.9833073
2456.676301 -0.1104643 0.0127548 -0.0106587 -0.0144053 -0.1900992 -0.1316695 0.9727888
2457.276243 -0.1227063 0.0160332 -0.0146773 -0.0185231 -0.2080378 -0.1459090 0.9669994
2457.576214 -0.1285977 0.0186488 -0.0171369 -0.0168486 -0.2189381 -0.1545691 0.9632708
2457.826189 -0.1347832 0.0204098 -0.0204807 -0.0163587 -0.2269364 -0.1629838 0.9600357
2457.976175 -0.1346849 0.0204026 -0.0213822 -0.0163627 -0.2314105 -0.1656206 0.9585151
2458.276146 -0.1408782 0.0216037 -0.0254258 -0.0096879 -0.2366922 -0.1721652 0.9561601
2458.326141 -0.1415931 0.0217620 -0.0259885 -0.0085357 -0.2395830 -0.1724734 0.9553952
2458.576117 -0.1496530 0.0244226 -0.0314905 0.0081322 -0.2562597 -0.1782391 0.9499977
2458.880493 -0.1559742 0.0254975 -0.0364462 0.0265645 -0.2721089 -0.1816229 0.9445974
2459.136493 -0.1608035 0.0263464 -0.0419115 0.0461369 -0.2854039 -0.1830295 0.9396362
2459.287288 -0.1630775 0.0263176 -0.0430391 0.0593854 -0.2929066 -0.1822720 0.9367262
2459.489521 -0.1656189 0.0263033 -0.0450079 0.0723553 -0.3003425 -0.1815211 0.9336001
2459.594331 -0.1675223 0.0267564 -0.0468093 0.0791627 -0.3053050 -0.1820442 0.9313335
2460.147715 -0.1764257 0.0284113 -0.0543744 0.1162063 -0.3302459 -0.1812935 0.9190030
2461.302502 -0.1920229 0.0336060 -0.0689387 0.1581288 -0.3623592 -0.1812795 0.9004604
2462.401704 -0.2086852 0.0408840 -0.0818984 0.1952373 -0.3877812 -0.1750759 0.8836609
2463.051681 -0.2079015 0.0417863 -0.0828044 0.1918812 -0.3975743 -0.1756428 0.8799238
2465.975400 -0.2324214 0.0648572 -0.1149488 0.1731143 -0.4126427 -0.1909365 0.8736708
2466.025395 -0.2323482 0.0649827 -0.1152177 0.1699088 -0.4119896 -0.1922503 0.8743200
2466.225376 -0.2310237 0.0666521 -0.1168212 0.1575876 -0.4166253 -0.1970531 0.8733611
2466.325366 -0.2303954 0.0666600 -0.1167923 0.1497860 -0.4165706 -0.2007062 0.8739280
2466.675333 -0.2342359 0.0730415 -0.1184617 0.1204646 -0.4010533 -0.2183349 0.8814615
2467.025299 -0.2379653 0.0778678 -0.1226458 0.1054867 -0.3985913 -0.2273854 0.8822094
2467.925211 -0.2422639 0.0852473 -0.1278559 0.0777347 -0.3831007 -0.2436230 0.8876030
2468.225183 -0.2441774 0.0888559 -0.1295462 0.0667391 -0.3888543 -0.2484709 0.8846471
2469.675042 -0.2511613 0.0975513 -0.1385938 0.0321291 -0.3809387 -0.2666947 0.8847188
2470.891756 -0.2590030 0.1068647 -0.1488564 0.0223295 -0.3765490 -0.2724051 0.8851597
2471.247509 -0.2589352 0.1066501 -0.1506662 0.0242495 -0.3797854 -0.2702170 0.8843969
2471.804883 -0.2623657 0.1107363 -0.1547369 0.0182494 -0.3703791 -0.2745106 0.8872036
2471.955580 -0.2630801 0.1116794 -0.1558823 0.0136824 -0.3683129 -0.2768034 0.8874335
2473.155503 -0.2703289 0.1184401 -0.1664400 0.0114126 -0.3741684 -0.2773020 0.8848567
2473.255651 -0.2717050 0.1183929 -0.1678870 0.0184259 -0.3777325 -0.2737383 0.8843337
2473.405519 -0.2723387 0.1175895 -0.1689614 0.0317656 -0.3839032 -0.2667170 0.8834429
2474.550607 -0.2781755 0.1163235 -0.1807800 0.1010856 -0.4200674 -0.2304246 0.8719115
2475.145394 -0.2809437 0.1159100 -0.1860731 0.1327821 -0.4271597 -0.2143237 0.8683138
2475.638036 -0.2826552 0.1164890 -0.1915665 0.1532044 -0.4345584 -0.2033626 0.8639046
2476.824350 -0.2882882 0.1230678 -0.1997010 0.1429856 -0.4280187 -0.2075262 0.8679217
2476.924340 -0.2881596 0.1231154 -0.2000870 0.1446359 -0.4281705 -0.2063524 0.8678532
2477.124321 -0.2881976 0.1228178 -0.2000390 0.1474103 -0.4285071 -0.2045977 0.8676357
2477.574277 -0.2885584 0.1235542 -0.2005631 0.1464802 -0.4262647 -0.2045988 0.8688966
2478.324205 -0.2924939 0.1311492 -0.2044777 0.1045323 -0.4102259 -0.2273416 0.8769854
2478.474190 -0.2939197 0.1328904 -0.2047736 0.0939167 -0.4058016 -0.2329115 0.8787815
2478.724166 -0.2938449 0.1361605 -0.2050777 0.0751753 -0.3943997 -0.2431869 0.8829823
2479.424098 -0.2954618 0.1425489 -0.2045142 0.0213698 -0.3695507 -0.2731811 0.8878894
2479.574084 -0.2949773 0.1427852 -0.2056122 0.0076046 -0.3657016 -0.2803337 0.8874782
2480.074035 -0.2936058 0.1460557 -0.2036505 -0.0251151 -0.3516575 -0.2971367 0.8873647
2481.473900 -0.2920221 0.1491554 -0.2025981 -0.0603618 -0.3325470 -0.3161094 0.8864783
2481.723875 -0.2921862 0.1491625 -0.2024667 -0.0600214 -0.3357496 -0.3152126 0.8856131
2481.923856 -0.2919342 0.1490658 -0.2019705 -0.0586181 -0.3378676 -0.3142394 0.8852474
