2469.725037 0.0000000 0.0000000 0.0000000 -0.0000000 -0.0000000 -0.0000000 1.0000000
2470.839706 -0.0109020 0.0007356 -0.0011061 -0.0116995 0.0006584 -0.0005567 0.9999312
2470.943687 -0.0122371 0.0006447 -0.0011296 -0.0111594 -0.0011475 -0.0003087 0.9999371
2471.349495 -0.0154258 0.0008093 -0.0015110 -0.0072835 -0.0016338 -0.0000790 0.9999722
2472.505783 -0.0270238 0.0015612 -0.0023261 -0.0310267 0.0074389 -0.0019480 0.9994890
2472.605932 -0.0278394 0.0017552 -0.0022650 -0.0303518 0.0065874 -0.0019198 0.9995158
2473.105646 -0.0322409 0.0013959 -0.0030957 -0.0254048 -0.0006127 -0.0011332 0.9996764
2473.205498 -0.0336562 0.0006138 -0.0034770 -0.0202386 -0.0019973 -0.0009018 0.9997928
2473.504185 -0.0361298 -0.0015542 -0.0042330 0.0107519 -0.0059797 0.0010319 0.9999238
2474.053085 -0.0396079 -0.0043811 -0.0062682 0.0504779 -0.0101659 0.0030803 0.9986687
2474.102764 -0.0401906 -0.0045699 -0.0061416 0.0565010 -0.0111937 0.0034322 0.9983339
2475.687479 -0.0526595 -0.0100217 -0.0117127 0.1468596 -0.0222295 0.0069779 0.9888830
2475.832546 -0.0530717 -0.0098850 -0.0121019 0.1459291 -0.0214370 0.0073029 0.9890358
2476.278176 -0.0568664 -0.0091722 -0.0120284 0.1309903 -0.0197622 0.0072665 0.9911600
2476.624369 -0.0594501 -0.0090096 -0.0125338 0.1294641 -0.0167705 0.0077715 0.9914119
2476.774355 -0.0627154 -0.0102004 -0.0135166 0.1332744 -0.0180477 0.0079356 0.9908831
2476.974335 -0.0637630 -0.0101048 -0.0128196 0.1365699 -0.0172868 0.0079671 0.9904475
2477.124321 -0.0638909 -0.0099946 -0.0130067 0.1397541 -0.0168217 0.0084314 0.9900075
2477.274306 -0.0639119 -0.0099009 -0.0129861 0.1427301 -0.0166954 0.0087065 0.9895825
2477.524282 -0.0638058 -0.0099734 -0.0130503 0.1396014 -0.0148274 0.0093412 0.9900527
2477.624272 -0.0639837 -0.0096449 -0.0133814 0.1363900 -0.0153248 0.0089319 0.9904965
2479.324108 -0.0804226 -0.0009748 -0.0102112 -0.0061151 0.0083212 -0.0013522 0.9999458
2480.024040 -0.0816018 0.0032000 -0.0110137 -0.0667857 0.0109225 -0.0060671 0.9976891
2480.623982 -0.0810546 0.0031385 -0.0101622 -0.1093551 0.0160151 -0.0103881 0.9938194
2481.173929 -0.0798980 0.0051131 -0.0102441 -0.1135148 0.0166507 -0.0108646 0.9933374
2481.823866 -0.0828706 0.0045041 -0.0120458 -0.1118480 0.0140598 -0.0104313 0.9935711
