2469.725037 0.0000000 0.0000000 0.0000000 -0.0000000 -0.0000000 -0.0000000 1.0000000
2470.943687 -0.0148832 0.0044702 0.0009928 -0.0096608 -0.0016328 0.0000831 0.9999520
2471.654562 -0.0210669 0.0048941 0.0011609 -0.0116490 0.0032736 0.0001310 0.9999268
2471.804883 -0.0236628 0.0058322 0.0011285 -0.0156814 0.0046282 -0.0002838 0.9998663
2472.206050 -0.0317443 0.0089197 0.0027899 -0.0271450 0.0103951 -0.0014365 0.9995764
2472.256203 -0.0316883 0.0088959 0.0028142 -0.0286689 0.0097047 -0.0012474 0.9995411
2472.755937 -0.0328288 0.0091501 0.0006566 -0.0283166 0.0021985 -0.0002316 0.9995966
2473.205498 -0.0418948 0.0072416 0.0011673 -0.0177255 -0.0028322 -0.0001913 0.9998389
2473.454862 -0.0451863 0.0051616 0.0007923 0.0091088 -0.0053021 0.0013524 0.9999436
2473.553627 -0.0460387 0.0036419 0.0000087 0.0193262 -0.0080360 0.0018768 0.9997792
2474.053085 -0.0507783 0.0007269 -0.0014662 0.0528827 -0.0103925 0.0033281 0.9985411
2474.102764 -0.0510161 0.0005901 -0.0012604 0.0589901 -0.0116339 0.0037458 0.9981838
2475.245739 -0.0631569 -0.0052712 -0.0063181 0.1289309 -0.0239061 0.0058446 0.9913481
2476.325840 -0.0758902 -0.0052683 -0.0084669 0.1319313 -0.0183409 0.0071990 0.9910630
2476.774355 -0.0790471 -0.0062271 -0.0077805 0.1358909 -0.0186752 0.0082493 0.9905134
2476.924340 -0.0810830 -0.0062289 -0.0073708 0.1389849 -0.0176248 0.0084334 0.9901018
2477.024331 -0.0826453 -0.0069391 -0.0078370 0.1397782 -0.0170972 0.0081985 0.9900013
2477.124321 -0.0837335 -0.0068388 -0.0076806 0.1419499 -0.0164016 0.0085080 0.9897014
2477.624272 -0.0873609 -0.0067727 -0.0074749 0.1384358 -0.0137448 0.0082973 0.9902413
2479.424098 -0.1026532 0.0091032 -0.0050717 -0.0113056 0.0077671 -0.0003638 0.9999059
2479.524088 -0.1028611 0.0082557 -0.0055402 -0.0217916 0.0070259 -0.0006201 0.9997377
2480.274016 -0.1015460 0.0141845 -0.0048477 -0.0807065 0.0116219 -0.0053546 0.9966558
2480.623982 -0.1024997 0.0153577 -0.0044811 -0.1052087 0.0156130 -0.0083849 0.9942923
2481.173929 -0.1013989 0.0156967 -0.0038601 -0.1103043 0.0165468 -0.0088043 0.9937211
