2444.927438 0.0000000 0.0000000 0.0000000 -0.0000000 -0.0000000 -0.0000000 1.0000000
2449.776969 -0.0150094 0.0013761 0.0020463 -0.0225663 -0.0248462 -0.0016529 0.9994352
2449.876959 -0.0160706 0.0017989 0.0020431 -0.0218201 -0.0263850 -0.0021746 0.9994113
2450.376911 -0.0235452 0.0011605 0.0020275 -0.0177529 -0.0384124 -0.0109077 0.9990447
2450.476901 -0.0246307 0.0010362 0.0022528 -0.0167622 -0.0419303 -0.0131812 0.9988930
2451.526799 -0.0411635 0.0009693 0.0020210 -0.0104651 -0.0673045 -0.0352450 0.9970549
2452.376717 -0.0518688 0.0013208 0.0008421 -0.0055518 -0.0888012 -0.0456983 0.9949850
2452.426712 -0.0525960 0.0017774 0.0010359 -0.0049706 -0.0897862 -0.0456453 0.9949021
2452.826673 -0.0644729 0.0027193 -0.0025879 -0.0040839 -0.1111527 -0.0511668 0.9924769
2453.276630 -0.0704837 0.0038060 -0.0030054 -0.0087154 -0.1263205 -0.0616599 0.9900330
2454.026557 -0.0784765 0.0053288 -0.0027802 -0.0086870 -0.1386190 -0.0743002 0.9875165
2456.176349 -0.1069843 0.0117331 -0.0087130 -0.0118920 -0.1847735 -0.1187166 0.9755120
2456.676301 -0.1134333 0.0131510 -0.0104343 -0.0144686 -0.1900060 -0.1317737 0.9727919
2457.026267 -0.1205169 0.0156500 -0.0123774 -0.0169019 -0.2002205 -0.1392122 0.9696628
2457.326238 -0.1268683 0.0175906 -0.0149654 -0.0185809 -0.2099174 -0.1466492 0.9664800
2457.826189 -0.1363396 0.0206061 -0.0197642 -0.0165653 -0.2278888 -0.1626007 0.9598715
2457.926180 -0.1391402 0.0213528 -0.0213499 -0.0159386 -0.2302998 -0.1660956 0.9587076
2457.976175 -0.1390801 0.0213383 -0.0212967 -0.0163375 -0.2310353 -0.1663819 0.9584743
2458.476126 -0.1488880 0.0234887 -0.0292733 0.0034331 -0.2507465 -0.1767061 0.9517822
2458.626112 -0.1543305 0.0254720 -0.0315973 0.0101813 -0.2595201 -0.1785198 0.9490398
2459.387891 -0.1678869 0.0268297 -0.0444680 0.0635767 -0.2955295 -0.1820334 0.9356731
2459.746055 -0.1747709 0.0282314 -0.0499455 0.0884162 -0.3136781 -0.1831829 0.9274873
2459.796524 -0.1763504 0.0294235 -0.0505841 0.0916001 -0.3154950 -0.1837148 0.9264563
2460.298471 -0.1835858 0.0303921 -0.0568924 0.1241378 -0.3340847 -0.1803802 0.9167553
2460.550758 -0.1853919 0.0308862 -0.0587955 0.1306644 -0.3393778 -0.1806149 0.9138533
2464.246231 -0.2224935 0.0523263 -0.0970715 0.1967627 -0.4084067 -0.1749300 0.8740068
2464.543555 -0.2202932 0.0547970 -0.0994655 0.1980062 -0.4138877 -0.1726782 0.8715920
2465.332179 -0.2315142 0.0610074 -0.1130053 0.1980312 -0.4257173 -0.1762617 0.8651475
2465.775420 -0.2358673 0.0646780 -0.1159870 0.1822628 -0.4181618 -0.1855581 0.8703386
2465.875410 -0.2358599 0.0648993 -0.1160225 0.1780944 -0.4160673 -0.1874984 0.8717883
2465.975400 -0.2352745 0.0650502 -0.1164126 0.1723216 -0.4137734 -0.1900616 0.8734835
2466.025395 -0.2352027 0.0652187 -0.1165090 0.1691978 -0.4131563 -0.1914694 0.8740786
2468.025202 -0.2506425 0.0854316 -0.1380184 0.0719118 -0.3855385 -0.2470025 0.8861030
2468.125192 -0.2501026 0.0858286 -0.1401026 0.0682836 -0.3867255 -0.2488309 0.8853609
2468.775129 -0.2530889 0.0942102 -0.1403116 0.0523819 -0.3836191 -0.2567959 0.8855215
2469.675042 -0.2574299 0.1000767 -0.1422052 0.0317541 -0.3812491 -0.2666635 0.8846080
2470.839706 -0.2640628 0.1077044 -0.1508369 0.0211307 -0.3767132 -0.2722501 0.8851669
2471.451994 -0.2673529 0.1106503 -0.1558757 0.0240465 -0.3772492 -0.2708809 0.8852844
2471.904874 -0.2697565 0.1140315 -0.1592674 0.0141768 -0.3690585 -0.2762682 0.8872828
2472.955937 -0.2758344 0.1209526 -0.1681550 0.0069132 -0.3699584 -0.2797396 0.8859056
2473.155503 -0.2775735 0.1218941 -0.1702390 0.0110114 -0.3745422 -0.2772910 0.8847070
2473.454862 -0.2796474 0.1208599 -0.1735381 0.0358062 -0.3860974 -0.2643135 0.8830544
2474.501066 -0.2849115 0.1199193 -0.1847553 0.0969466 -0.4199416 -0.2322101 0.8719684
2475.145394 -0.2874495 0.1189526 -0.1906383 0.1322011 -0.4277283 -0.2137121 0.8682733
2476.824350 -0.2952588 0.1271202 -0.2052904 0.1428920 -0.4282750 -0.2072920 0.8678667
2477.024331 -0.2955900 0.1269729 -0.2070262 0.1451907 -0.4283252 -0.2058606 0.8678010
2477.424292 -0.2956558 0.1277128 -0.2073882 0.1504580 -0.4276963 -0.2027583 0.8679444
2477.524282 -0.2958027 0.1273973 -0.2076228 0.1473905 -0.4264499 -0.2038957 0.8688171
2478.124224 -0.3000845 0.1332016 -0.2104727 0.1161300 -0.4144846 -0.2213076 0.8750653
2479.174122 -0.3043070 0.1438289 -0.2122819 0.0400230 -0.3761823 -0.2635868 0.8873596
2479.824059 -0.3040870 0.1488634 -0.2115569 -0.0081602 -0.3578936 -0.2896098 0.8876777
2480.074035 -0.3012807 0.1497793 -0.2107540 -0.0253721 -0.3517149 -0.2978002 0.8871121
2480.274016 -0.3002806 0.1503947 -0.2100055 -0.0369473 -0.3462816 -0.3038200 0.8868018
2480.374006 -0.2996696 0.1514808 -0.2090075 -0.0416507 -0.3436066 -0.3061370 0.8868370
2480.773967 -0.2995202 0.1521345 -0.2099535 -0.0596217 -0.3340739 -0.3157081 0.8860972
2481.523895 -0.2992707 0.1519455 -0.2095443 -0.0609368 -0.3332857 -0.3166379 0.8859728
2481.923856 -0.2999121 0.1522737 -0.2096356 -0.0590809 -0.3378101 -0.3148650 0.8850163
