2444.927438 0.0000000 0.0000000 0.0000000 -0.0000000 -0.0000000 -0.0000000 1.0000000
2449.776969 -0.0156144 0.0015884 0.0017495 -0.0224449 -0.0246748 -0.0018033 0.9994419
2450.626886 -0.0276615 0.0010477 0.0018922 -0.0155213 -0.0456536 -0.0173167 0.9986866
2450.776872 -0.0296214 0.0007041 0.0019838 -0.0135953 -0.0488083 -0.0201406 0.9985125
2450.926857 -0.0323211 0.0005421 0.0015503 -0.0125621 -0.0519453 -0.0242403 0.9982767
2451.626790 -0.0438698 0.0009508 0.0016056 -0.0118398 -0.0710705 -0.0369999 0.9967145
2452.426712 -0.0537764 0.0015070 0.0006387 -0.0051172 -0.0897836 -0.0454771 0.9949093
2452.576698 -0.0571081 0.0015567 -0.0003976 -0.0036923 -0.0955657 -0.0470040 0.9943059
2452.726683 -0.0616780 0.0021916 -0.0011868 -0.0038072 -0.1021828 -0.0483579 0.9935822
2453.176639 -0.0716159 0.0033887 -0.0037207 -0.0097648 -0.1250039 -0.0595944 0.9903167
2453.576601 -0.0748823 0.0033472 -0.0038643 -0.0084965 -0.1320648 -0.0661643 0.9889939
2455.126451 -0.0942987 0.0074771 -0.0061731 -0.0093852 -0.1666573 -0.0963782 0.9812485
2456.226344 -0.1108223 0.0111451 -0.0102887 -0.0125983 -0.1844113 -0.1197299 0.9754479
2457.126257 -0.1260178 0.0162255 -0.0140058 -0.0168229 -0.2021599 -0.1427482 0.9687473
2457.276243 -0.1292081 0.0171330 -0.0149768 -0.0184542 -0.2078364 -0.1459491 0.9670379
2457.576214 -0.1352877 0.0194218 -0.0176600 -0.0170741 -0.2188151 -0.1543693 0.9633268
2458.126160 -0.1450487 0.0210381 -0.0240992 -0.0146612 -0.2329703 -0.1677912 0.9577870
2458.426131 -0.1516491 0.0228453 -0.0298169 -0.0001925 -0.2465382 -0.1745320 0.9532877
2458.576117 -0.1568133 0.0246006 -0.0325426 0.0073944 -0.2564096 -0.1775417 0.9500939
2458.880493 -0.1642808 0.0260397 -0.0377533 0.0260475 -0.2718703 -0.1812384 0.9447543
2459.084542 -0.1688176 0.0271826 -0.0411889 0.0415276 -0.2828900 -0.1819514 0.9408201
2459.136493 -0.1689504 0.0265581 -0.0425761 0.0453170 -0.2854738 -0.1820679 0.9398417
2459.187575 -0.1688991 0.0266377 -0.0432150 0.0499143 -0.2882455 -0.1822519 0.9387264
2459.337284 -0.1723719 0.0269845 -0.0448968 0.0615957 -0.2945212 -0.1811840 0.9362882
2459.489521 -0.1747114 0.0272786 -0.0468055 0.0719506 -0.3000009 -0.1810457 0.9338335
2460.147715 -0.1858389 0.0297215 -0.0561164 0.1157413 -0.3300481 -0.1803658 0.9193152
2460.398896 -0.1894434 0.0308266 -0.0592038 0.1265631 -0.3353434 -0.1801783 0.9160035
2461.952242 -0.2117158 0.0401091 -0.0793440 0.1815049 -0.3792078 -0.1806139 0.8891771
2463.151691 -0.2214176 0.0453993 -0.0887755 0.1927738 -0.3980842 -0.1750451 0.8796172
2465.133957 -0.2446062 0.0628630 -0.1154227 0.2056662 -0.4223202 -0.1725844 0.8657723
2465.775420 -0.2424407 0.0657010 -0.1184786 0.1821653 -0.4178230 -0.1848776 0.8706664
2466.025395 -0.2417988 0.0663193 -0.1190367 0.1691449 -0.4127269 -0.1909774 0.8743993
2466.325366 -0.2393581 0.0695043 -0.1224217 0.1497271 -0.4170373 -0.1998665 0.8739079
2466.425357 -0.2386896 0.0709211 -0.1236530 0.1415323 -0.4131229 -0.2043951 0.8760826
2468.025202 -0.2540571 0.0888967 -0.1343267 0.0728205 -0.3868228 -0.2452837 0.8859465
2468.225183 -0.2553265 0.0919431 -0.1348970 0.0663654 -0.3894291 -0.2480940 0.8845282
2469.475061 -0.2611886 0.1009316 -0.1437054 0.0351556 -0.3833480 -0.2644301 0.8842427
2469.625047 -0.2622911 0.1008345 -0.1441209 0.0324771 -0.3823743 -0.2655283 0.8844376
2470.686165 -0.2689676 0.1078530 -0.1517058 0.0215132 -0.3743900 -0.2718807 0.8862563
2471.754572 -0.2752901 0.1141630 -0.1604060 0.0188469 -0.3721495 -0.2733046 0.8868225
2472.256203 -0.2791348 0.1193218 -0.1650688 0.0072397 -0.3627883 -0.2800895 0.8887531
2472.406208 -0.2799185 0.1196706 -0.1661286 0.0071995 -0.3646656 -0.2799965 0.8880141
2473.155503 -0.2839385 0.1232255 -0.1724326 0.0108395 -0.3749144 -0.2767674 0.8847156
2474.053085 -0.2892666 0.1206964 -0.1823767 0.0720157 -0.4021633 -0.2451503 0.8791927
2474.997107 -0.2936597 0.1201676 -0.1912191 0.1251004 -0.4262002 -0.2171270 0.8692291
2475.145394 -0.2957305 0.1199889 -0.1929636 0.1320208 -0.4277767 -0.2138136 0.8682519
2476.774355 -0.3011881 0.1269470 -0.2066629 0.1412256 -0.4291203 -0.2073119 0.8677171
2476.924340 -0.3014719 0.1271420 -0.2075394 0.1438320 -0.4292266 -0.2053564 0.8677014
2477.024331 -0.3014964 0.1272863 -0.2086152 0.1448119 -0.4291409 -0.2050701 0.8676485
2477.124321 -0.3016919 0.1275880 -0.2089358 0.1468313 -0.4292337 -0.2039144 0.8675355
2477.674268 -0.3004459 0.1288532 -0.2102646 0.1416153 -0.4255441 -0.2061990 0.8696777
2477.924243 -0.3021172 0.1318495 -0.2121804 0.1284616 -0.4194905 -0.2136667 0.8728527
2479.074132 -0.3078980 0.1442505 -0.2159677 0.0484367 -0.3793256 -0.2589447 0.8869688
2479.174122 -0.3094726 0.1448753 -0.2153562 0.0398486 -0.3768452 -0.2632445 0.8871878
2479.524088 -0.3071925 0.1477448 -0.2144203 0.0122814 -0.3688239 -0.2767416 0.8872610
2480.074035 -0.3063158 0.1507187 -0.2137571 -0.0259205 -0.3523278 -0.2971037 0.8870866
2480.324011 -0.3063225 0.1516098 -0.2144738 -0.0413179 -0.3437193 -0.3058800 0.8868976
2480.523992 -0.3044704 0.1520628 -0.2126952 -0.0520105 -0.3383002 -0.3110929 0.8866054
2480.923953 -0.3038149 0.1526280 -0.2120248 -0.0616027 -0.3343279 -0.3160123 0.8857574
