2469.725037 0.0000000 0.0000000 0.0000000 -0.0000000 -0.0000000 -0.0000000 1.0000000
2470.839706 -0.0117525 0.0013873 -0.0006286 -0.0113968 0.0006307 -0.0005117 0.9999347
2471.349495 -0.0178305 0.0019869 -0.0011061 -0.0067206 -0.0011332 -0.0003338 0.9999767
2471.704715 -0.0189656 0.0022106 -0.0010790 -0.0140358 0.0040283 -0.0003800 0.9998933
2471.804883 -0.0204998 0.0021353 -0.0011489 -0.0169875 0.0049435 -0.0006741 0.9998433
2472.955937 -0.0334220 0.0029707 -0.0018142 -0.0287669 0.0021784 -0.0015688 0.9995825
2473.005933 -0.0340036 0.0030760 -0.0015565 -0.0264005 0.0007659 -0.0014506 0.9996501
2473.205498 -0.0363818 0.0023865 -0.0021387 -0.0194330 -0.0021757 -0.0008172 0.9998085
2473.454862 -0.0388599 0.0003231 -0.0028167 0.0073114 -0.0049128 0.0007755 0.9999609
2474.102764 -0.0438072 -0.0037312 -0.0052086 0.0570441 -0.0112674 0.0032902 0.9983027
2474.997107 -0.0499889 -0.0078484 -0.0084476 0.1153486 -0.0203012 0.0055020 0.9931024
2475.145394 -0.0521083 -0.0081018 -0.0081374 0.1237090 -0.0202488 0.0058153 0.9920949
2476.029050 -0.0620682 -0.0082676 -0.0106796 0.1402981 -0.0227801 0.0067110 0.9898245
2476.278176 -0.0630002 -0.0081992 -0.0105296 0.1318204 -0.0195405 0.0069093 0.9910569
2476.474384 -0.0638556 -0.0081173 -0.0108130 0.1263896 -0.0165873 0.0073278 0.9918149
2476.774355 -0.0671966 -0.0083469 -0.0111720 0.1344576 -0.0185334 0.0078276 0.9907151
2476.924340 -0.0688918 -0.0087462 -0.0114611 0.1374602 -0.0175015 0.0081440 0.9903192
2477.024331 -0.0690937 -0.0087193 -0.0112523 0.1384397 -0.0173657 0.0080769 0.9901857
2477.374297 -0.0701655 -0.0084069 -0.0113586 0.1442381 -0.0156125 0.0087366 0.9893813
2478.774161 -0.0851024 -0.0015825 -0.0090665 0.0472470 0.0009680 0.0038528 0.9988754
2480.224021 -0.0875127 0.0101399 -0.0086237 -0.0794884 0.0117702 -0.0057027 0.9967500
2480.424001 -0.0881864 0.0104721 -0.0095597 -0.0926027 0.0146709 -0.0083422 0.9955601
2480.523992 -0.0877446 0.0100352 -0.0086186 -0.1000233 0.0154915 -0.0084362 0.9948288
2481.123934 -0.0881545 0.0101277 -0.0093683 -0.1107243 0.0172904 -0.0089955 0.9936600
