2469.725037 0.0000000 0.0000000 0.0000000 -0.0000000 -0.0000000 -0.0000000 1.0000000
2470.943687 -0.0171030 0.0008207 -0.0017363 -0.0111018 -0.0010935 -0.0002575 0.9999378
2471.400873 -0.0215995 0.0005787 -0.0021355 -0.0078293 -0.0010859 0.0000283 0.9999688
2471.654562 -0.0242867 0.0001914 -0.0025114 -0.0134878 0.0040062 -0.0004869 0.9999009
2471.804883 -0.0268149 0.0011852 -0.0026445 -0.0175588 0.0052632 -0.0009346 0.9998316
2472.256203 -0.0345098 0.0024107 -0.0021382 -0.0312419 0.0100171 -0.0017179 0.9994602
2472.505783 -0.0376270 0.0017823 -0.0033792 -0.0310579 0.0075734 -0.0019269 0.9994871
2473.355662 -0.0490975 -0.0016438 -0.0054454 -0.0028590 -0.0037249 0.0000952 0.9999890
2473.454862 -0.0490974 -0.0018344 -0.0056624 0.0065279 -0.0048761 0.0009337 0.9999664
2473.504185 -0.0495064 -0.0018625 -0.0061252 0.0109546 -0.0062116 0.0012585 0.9999200
2474.053085 -0.0552935 -0.0065096 -0.0086534 0.0503092 -0.0098374 0.0028685 0.9986811
2476.029050 -0.0785554 -0.0132785 -0.0168235 0.1393378 -0.0225456 0.0071567 0.9899624
2476.524379 -0.0811543 -0.0122858 -0.0165807 0.1254742 -0.0155943 0.0076424 0.9919448
2476.674364 -0.0835658 -0.0132063 -0.0175064 0.1316269 -0.0173173 0.0078810 0.9911168
2476.774355 -0.0858244 -0.0135837 -0.0181864 0.1334283 -0.0182588 0.0080329 0.9908577
2476.874345 -0.0880262 -0.0133668 -0.0173975 0.1355262 -0.0171562 0.0079846 0.9905930
2477.374297 -0.0910498 -0.0150006 -0.0173653 0.1427551 -0.0148363 0.0088095 0.9896076
2477.524282 -0.0932585 -0.0149122 -0.0172017 0.1391111 -0.0131212 0.0088718 0.9901502
2477.774258 -0.0982099 -0.0148427 -0.0184575 0.1241485 -0.0101251 0.0074696 0.9921839
2477.924243 -0.0979968 -0.0149439 -0.0188453 0.1158653 -0.0099657 0.0069294 0.9931908
2479.574084 -0.1139546 -0.0002650 -0.0137369 -0.0306035 0.0079020 -0.0033598 0.9994947
2479.924050 -0.1103876 0.0010825 -0.0140976 -0.0610876 0.0098076 -0.0042859 0.9980750
2480.124030 -0.1121185 0.0020746 -0.0125172 -0.0742709 0.0108196 -0.0056857 0.9971632
2480.773967 -0.1097733 0.0091871 -0.0133279 -0.1111897 0.0154539 -0.0099840 0.9936289
