2444.927438 0.0000000 0.0000000 0.0000000 -0.0000000 -0.0000000 -0.0000000 1.0000000
2449.776969 -0.0147834 0.0015151 0.0019856 -0.0224449 -0.0247700 -0.0017284 0.9994397
2449.876959 -0.0154897 0.0012041 0.0017483 -0.0220588 -0.0264790 -0.0019897 0.9994040
2450.476901 -0.0242289 0.0007436 0.0019740 -0.0168679 -0.0418313 -0.0132455 0.9988945
2450.876862 -0.0301251 0.0004722 0.0019042 -0.0132617 -0.0505578 -0.0220254 0.9983902
2451.226828 -0.0354244 0.0007667 0.0018189 -0.0118751 -0.0599215 -0.0304408 0.9976682
2451.276823 -0.0361714 0.0008424 0.0019973 -0.0120203 -0.0610858 -0.0308832 0.9975822
2451.826770 -0.0456166 0.0014042 0.0015854 -0.0105794 -0.0759037 -0.0403837 0.9962409
2452.076746 -0.0479517 0.0012069 0.0013643 -0.0092188 -0.0836367 -0.0416895 0.9955812
2452.826673 -0.0636085 0.0023221 -0.0028655 -0.0041554 -0.1108264 -0.0510641 0.9925184
2453.576601 -0.0717023 0.0032405 -0.0032657 -0.0084436 -0.1319640 -0.0661632 0.9890079
2454.476514 -0.0817498 0.0055265 -0.0037466 -0.0102818 -0.1487572 -0.0810816 0.9854904
2456.676301 -0.1114663 0.0126819 -0.0101201 -0.0145476 -0.1897381 -0.1314403 0.9728881
2456.776291 -0.1138508 0.0136059 -0.0111388 -0.0161714 -0.1922666 -0.1325452 0.9722160
2457.276243 -0.1237148 0.0164962 -0.0138942 -0.0183933 -0.2076975 -0.1458722 0.9670805
2457.576214 -0.1297156 0.0187007 -0.0163063 -0.0169517 -0.2185632 -0.1542562 0.9634043
2457.826189 -0.1349482 0.0205520 -0.0195589 -0.0163922 -0.2271087 -0.1625115 0.9600745
2457.976175 -0.1363344 0.0192059 -0.0220262 -0.0170191 -0.2305839 -0.1659022 0.9586542
2458.126160 -0.1389816 0.0205120 -0.0225461 -0.0143884 -0.2327649 -0.1679905 0.9578062
2458.426131 -0.1451785 0.0221244 -0.0279739 0.0001519 -0.2465984 -0.1747991 0.9532232
2458.830833 -0.1557997 0.0246868 -0.0345991 0.0222337 -0.2700814 -0.1806081 0.9454854
2458.980345 -0.1594284 0.0256837 -0.0377737 0.0335326 -0.2773062 -0.1824059 0.9427115
2459.337284 -0.1654685 0.0266883 -0.0424589 0.0620882 -0.2943245 -0.1816700 0.9362233
2459.489521 -0.1673866 0.0265020 -0.0439264 0.0721929 -0.2999351 -0.1814030 0.9337667
2459.746055 -0.1720863 0.0278551 -0.0480509 0.0887380 -0.3132564 -0.1829370 0.9276476
2460.499834 -0.1823200 0.0296261 -0.0570445 0.1296214 -0.3375261 -0.1809355 0.9146239
2460.852763 -0.1872252 0.0319873 -0.0624295 0.1451587 -0.3496510 -0.1790355 0.9080856
2461.051855 -0.1895123 0.0321277 -0.0647138 0.1518873 -0.3555762 -0.1794226 0.9046012
2462.302070 -0.2072298 0.0406501 -0.0787110 0.1927925 -0.3860802 -0.1755299 0.8848516
2462.401704 -0.2080750 0.0402443 -0.0783959 0.1947798 -0.3886774 -0.1740351 0.8835737
2464.938993 -0.2341444 0.0595071 -0.1082929 0.2039011 -0.4160665 -0.1733485 0.8690588
2465.775420 -0.2315875 0.0633081 -0.1123459 0.1823053 -0.4178303 -0.1849051 0.8706278
2465.925405 -0.2311428 0.0639966 -0.1128882 0.1759571 -0.4144735 -0.1884321 0.8727795
2466.025395 -0.2310961 0.0639242 -0.1128697 0.1693484 -0.4127244 -0.1909946 0.8743573
2466.325366 -0.2290312 0.0669932 -0.1159547 0.1499669 -0.4169920 -0.1998508 0.8738920
2466.425357 -0.2286399 0.0673811 -0.1163194 0.1413735 -0.4132011 -0.2043545 0.8760809
2468.225183 -0.2444786 0.0881946 -0.1289383 0.0665260 -0.3890273 -0.2484003 0.8846069
2468.575149 -0.2475590 0.0913946 -0.1320321 0.0557376 -0.3853889 -0.2550002 0.8850670
2469.275081 -0.2500601 0.0958465 -0.1349563 0.0402892 -0.3838985 -0.2623412 0.8844070
2469.475061 -0.2504000 0.0971280 -0.1364127 0.0354096 -0.3831448 -0.2646168 0.8842648
2469.725037 -0.2533407 0.0975613 -0.1376705 0.0309854 -0.3802215 -0.2672708 0.8848943
2470.280080 -0.2567394 0.1022128 -0.1431079 0.0223688 -0.3769614 -0.2716472 0.8852161
2470.891756 -0.2600556 0.1058666 -0.1475525 0.0216776 -0.3770070 -0.2720007 0.8851054
2471.298255 -0.2619336 0.1074618 -0.1502432 0.0253162 -0.3796879 -0.2696662 0.8845770
2472.055886 -0.2656918 0.1129420 -0.1552177 0.0123087 -0.3668600 -0.2772197 0.8879254
2473.055789 -0.2715036 0.1183292 -0.1638327 0.0081337 -0.3716320 -0.2789559 0.8854418
2473.255651 -0.2732717 0.1181142 -0.1662067 0.0180617 -0.3781584 -0.2734942 0.8842347
2474.202182 -0.2787150 0.1165497 -0.1756920 0.0830769 -0.4078760 -0.2395706 0.8771210
2476.624369 -0.2879646 0.1221620 -0.1944945 0.1384971 -0.4261959 -0.2094277 0.8690890
2476.724360 -0.2881117 0.1225683 -0.1953751 0.1406908 -0.4278639 -0.2080325 0.8682517
2477.024331 -0.2900468 0.1229924 -0.1988511 0.1451453 -0.4284689 -0.2057350 0.8677675
2477.224311 -0.2897533 0.1233323 -0.1988081 0.1489690 -0.4293421 -0.2036860 0.8671710
2477.674268 -0.2892756 0.1239791 -0.2003918 0.1417811 -0.4249917 -0.2063181 0.8698925
2478.124224 -0.2925869 0.1295090 -0.2030250 0.1162683 -0.4147211 -0.2210568 0.8749983
2478.324205 -0.2940631 0.1313530 -0.2024748 0.1045012 -0.4104587 -0.2275639 0.8768227
2478.574180 -0.2938474 0.1329824 -0.2051400 0.0842905 -0.4021358 -0.2375121 0.8802102
2478.824156 -0.2958067 0.1363327 -0.2048412 0.0675017 -0.3892500 -0.2484201 0.8844295
2479.824059 -0.2950119 0.1430663 -0.2031922 -0.0088103 -0.3591931 -0.2881419 0.8876243
2480.074035 -0.2940495 0.1447306 -0.2030954 -0.0257571 -0.3519686 -0.2973605 0.8871479
2480.274016 -0.2929365 0.1463018 -0.2013340 -0.0370279 -0.3468104 -0.3030571 0.8868528
2481.073938 -0.2929577 0.1488456 -0.2018487 -0.0599762 -0.3328449 -0.3160163 0.8864259
2481.673880 -0.2925467 0.1494341 -0.2010163 -0.0597944 -0.3358352 -0.3148383 0.8857292
