2469.725037 0.0000000 0.0000000 0.0000000 -0.0000000 -0.0000000 -0.0000000 1.0000000
2470.839706 -0.0109508 0.0017669 -0.0003129 -0.0111494 0.0006552 -0.0004697 0.9999375
2470.943687 -0.0124891 0.0016483 -0.0002028 -0.0106450 -0.0010452 -0.0003444 0.9999428
2472.256203 -0.0254111 0.0035527 0.0000661 -0.0303691 0.0101903 -0.0018192 0.9994852
2472.505783 -0.0275561 0.0032335 -0.0005576 -0.0301815 0.0076431 -0.0018704 0.9995135
2472.605932 -0.0284439 0.0034564 -0.0005886 -0.0294950 0.0068642 -0.0019617 0.9995394
2473.005933 -0.0317202 0.0035801 -0.0006045 -0.0260698 0.0010075 -0.0013792 0.9996587
2473.205498 -0.0351963 0.0021506 -0.0009817 -0.0196185 -0.0013403 -0.0011671 0.9998060
2473.454862 -0.0355070 0.0016048 -0.0019282 0.0079788 -0.0050575 0.0009327 0.9999549
2473.504185 -0.0356361 0.0015220 -0.0021438 0.0123626 -0.0063678 0.0013854 0.9999024
2474.053085 -0.0402772 -0.0025246 -0.0040668 0.0514300 -0.0098875 0.0029806 0.9986232
2474.102764 -0.0410030 -0.0026170 -0.0039049 0.0574056 -0.0109066 0.0032074 0.9982862
2475.145394 -0.0485902 -0.0069205 -0.0067203 0.1239314 -0.0198117 0.0061571 0.9920739
2475.881415 -0.0548636 -0.0070043 -0.0088552 0.1467455 -0.0215211 0.0070567 0.9889150
2476.674364 -0.0607361 -0.0072759 -0.0094357 0.1326863 -0.0172722 0.0077876 0.9909770
2476.774355 -0.0630375 -0.0073780 -0.0098777 0.1345359 -0.0179665 0.0077430 0.9907156
2476.974335 -0.0637123 -0.0074854 -0.0100409 0.1377881 -0.0174072 0.0082077 0.9902747
2477.074326 -0.0653922 -0.0072298 -0.0091321 0.1392414 -0.0162344 0.0080917 0.9900923
2477.274306 -0.0658976 -0.0072533 -0.0094773 0.1439532 -0.0160683 0.0082518 0.9894196
2477.624272 -0.0662278 -0.0067893 -0.0099322 0.1375842 -0.0143891 0.0084708 0.9903494
2479.174122 -0.0808062 -0.0004009 -0.0072697 0.0084088 0.0072442 0.0007606 0.9999381
2479.274113 -0.0820835 0.0017108 -0.0073512 -0.0009593 0.0092100 -0.0008337 0.9999568
2480.274016 -0.0798653 0.0088315 -0.0071464 -0.0816742 0.0118005 -0.0068080 0.9965660
2480.424001 -0.0799295 0.0102015 -0.0067246 -0.0919959 0.0141780 -0.0088959 0.9956188
2480.773967 -0.0807485 0.0103200 -0.0057660 -0.1096830 0.0160101 -0.0104990 0.9937822
