2444.927438 0.0000000 0.0000000 0.0000000 -0.0000000 -0.0000000 -0.0000000 1.0000000
2449.776969 -0.0148498 0.0014316 0.0019177 -0.0225179 -0.0247059 -0.0017615 0.9994396
2449.876959 -0.0160644 0.0016038 0.0018199 -0.0218922 -0.0261172 -0.0022675 0.9994166
2450.376911 -0.0228827 0.0012246 0.0018524 -0.0176927 -0.0383922 -0.0109408 0.9990462
2450.576891 -0.0258211 0.0012390 0.0020755 -0.0157706 -0.0441655 -0.0152120 0.9987839
2451.226828 -0.0352643 0.0012569 0.0020184 -0.0116388 -0.0598920 -0.0304337 0.9976729
2451.676785 -0.0431715 0.0013850 0.0018876 -0.0118453 -0.0717348 -0.0374410 0.9966504
2452.076746 -0.0478932 0.0017146 0.0016702 -0.0089708 -0.0834085 -0.0418761 0.9955948
2452.426712 -0.0515462 0.0017581 0.0009593 -0.0049460 -0.0894589 -0.0456556 0.9949313
2452.826673 -0.0631370 0.0028862 -0.0020912 -0.0039529 -0.1107525 -0.0512650 0.9925171
2453.276630 -0.0692164 0.0039544 -0.0030758 -0.0086074 -0.1257466 -0.0615904 0.9901113
2453.976562 -0.0763845 0.0049077 -0.0032368 -0.0082454 -0.1372564 -0.0726794 0.9878312
2456.326335 -0.1062198 0.0117758 -0.0086966 -0.0127973 -0.1851988 -0.1218595 0.9750323
2456.676301 -0.1102182 0.0131599 -0.0093922 -0.0142573 -0.1897919 -0.1314246 0.9728841
2457.526218 -0.1273260 0.0185117 -0.0158374 -0.0181469 -0.2162599 -0.1517495 0.9643000
2457.726199 -0.1322465 0.0202758 -0.0176072 -0.0164576 -0.2232252 -0.1601695 0.9613768
2457.826189 -0.1324845 0.0200311 -0.0191565 -0.0164961 -0.2274908 -0.1623245 0.9600139
2457.976175 -0.1348787 0.0199401 -0.0206233 -0.0166698 -0.2307712 -0.1659611 0.9586051
2458.576117 -0.1490694 0.0236078 -0.0300399 0.0075921 -0.2560759 -0.1781854 0.9500619
2458.676502 -0.1522779 0.0246312 -0.0322330 0.0162043 -0.2627164 -0.1796957 0.9478539
2459.287288 -0.1633312 0.0257006 -0.0418332 0.0589240 -0.2922831 -0.1825007 0.9369056
2459.594331 -0.1672409 0.0263308 -0.0454545 0.0786372 -0.3048117 -0.1818865 0.9315704
2459.846519 -0.1727586 0.0282718 -0.0491407 0.0948784 -0.3168226 -0.1838096 0.9256541
2460.198480 -0.1780829 0.0287303 -0.0534164 0.1187789 -0.3310783 -0.1809271 0.9184466
2460.248475 -0.1785115 0.0292738 -0.0536405 0.1196296 -0.3319873 -0.1813074 0.9179329
2460.499834 -0.1806471 0.0292875 -0.0563722 0.1294056 -0.3373713 -0.1811233 0.9146743
2462.302070 -0.2033378 0.0389555 -0.0770117 0.1923791 -0.3865846 -0.1755761 0.8847122
2463.900552 -0.2155908 0.0470196 -0.0905671 0.1936856 -0.4042429 -0.1765694 0.8762972
2464.196671 -0.2151315 0.0466318 -0.0907570 0.1950355 -0.4075332 -0.1749324 0.8748009
2465.525819 -0.2301742 0.0606537 -0.1127571 0.1905315 -0.4215070 -0.1813989 0.8678272
2465.975400 -0.2313664 0.0623405 -0.1140076 0.1722632 -0.4121123 -0.1911523 0.8740421
2466.075391 -0.2301784 0.0641315 -0.1157829 0.1673338 -0.4119621 -0.1933885 0.8745785
2466.275371 -0.2293407 0.0654011 -0.1170239 0.1522059 -0.4163048 -0.1992026 0.8739806
2466.375362 -0.2284629 0.0670489 -0.1185946 0.1445685 -0.4131890 -0.2037266 0.8757113
2469.025105 -0.2451367 0.0915869 -0.1327189 0.0450097 -0.3801592 -0.2605931 0.8863094
2469.225086 -0.2470071 0.0938071 -0.1348808 0.0410693 -0.3832686 -0.2619837 0.8847504
2469.475061 -0.2484112 0.0952569 -0.1364710 0.0349604 -0.3823455 -0.2651087 0.8844813
2469.725037 -0.2506567 0.0968048 -0.1364981 0.0309379 -0.3797872 -0.2672042 0.8851026
2470.787973 -0.2558632 0.1037732 -0.1447890 0.0213709 -0.3747077 -0.2720348 0.8860781
2470.943687 -0.2571287 0.1046462 -0.1465953 0.0212178 -0.3778239 -0.2718416 0.8848169
2471.298255 -0.2587031 0.1056350 -0.1491274 0.0248615 -0.3795039 -0.2697321 0.8846487
2471.904874 -0.2618048 0.1095491 -0.1531850 0.0141039 -0.3684994 -0.2763015 0.8875059
2472.805794 -0.2664583 0.1160461 -0.1595800 0.0055033 -0.3676409 -0.2805280 0.8866307
2473.255651 -0.2704962 0.1166937 -0.1653516 0.0178034 -0.3776532 -0.2737848 0.8843659
2473.454862 -0.2706612 0.1165601 -0.1657073 0.0359081 -0.3860736 -0.2638987 0.8831847
2474.997107 -0.2779375 0.1133381 -0.1820030 0.1248527 -0.4254192 -0.2177468 0.8694922
2476.524379 -0.2844889 0.1200343 -0.1928617 0.1350188 -0.4240274 -0.2114263 0.8702124
2476.624369 -0.2856008 0.1205520 -0.1938892 0.1382126 -0.4255440 -0.2097784 0.8693691
2476.774355 -0.2861682 0.1208573 -0.1958332 0.1412183 -0.4281360 -0.2077877 0.8680906
2477.174316 -0.2861832 0.1217136 -0.1974744 0.1474642 -0.4286172 -0.2039836 0.8677167
2477.974239 -0.2883608 0.1262572 -0.2034931 0.1251150 -0.4172138 -0.2166954 0.8736830
2478.174219 -0.2895509 0.1283446 -0.2035663 0.1138762 -0.4137448 -0.2225989 0.8753840
2478.474190 -0.2923620 0.1309423 -0.2041572 0.0932765 -0.4051696 -0.2334405 0.8790010
2478.824156 -0.2931819 0.1339969 -0.2053188 0.0669565 -0.3884737 -0.2486058 0.8847600
2479.174122 -0.2930169 0.1370728 -0.2042309 0.0395567 -0.3762738 -0.2630607 0.8874978
2479.824059 -0.2927265 0.1424325 -0.2027921 -0.0085378 -0.3581622 -0.2889055 0.8877954
2480.074035 -0.2912872 0.1440701 -0.2024469 -0.0255146 -0.3512062 -0.2974946 0.8874121
2480.324011 -0.2911628 0.1442971 -0.2030979 -0.0413065 -0.3427649 -0.3058723 0.8872700
2480.723972 -0.2911035 0.1444473 -0.2036591 -0.0603583 -0.3331552 -0.3159297 0.8863143
2480.973948 -0.2896748 0.1467733 -0.2015618 -0.0604945 -0.3328467 -0.3162857 0.8862939
2481.923856 -0.2885764 0.1474324 -0.2005639 -0.0587175 -0.3379651 -0.3143489 0.8851648
