2444.927438 0.0000000 0.0000000 0.0000000 -0.0000000 -0.0000000 -0.0000000 1.0000000
2449.776969 -0.0149516 0.0015435 0.0020245 -0.0224430 -0.0248243 -0.0016465 0.9994385
2449.876959 -0.0157857 0.0016190 0.0019736 -0.0219037 -0.0264385 -0.0020457 0.9994084
2450.926857 -0.0316288 0.0010484 0.0019720 -0.0122467 -0.0517926 -0.0242930 0.9982873
2451.226828 -0.0356611 0.0012591 0.0022184 -0.0116446 -0.0600836 -0.0302690 0.9976664
2451.676785 -0.0434117 0.0016235 0.0023044 -0.0117516 -0.0721108 -0.0372972 0.9966298
2451.826770 -0.0460984 0.0018083 0.0019476 -0.0104143 -0.0759977 -0.0403194 0.9962381
2452.076746 -0.0486520 0.0015816 0.0016930 -0.0090666 -0.0835850 -0.0418731 0.9955792
2452.726683 -0.0594444 0.0026905 -0.0003898 -0.0035764 -0.1023138 -0.0481627 0.9935791
2452.826673 -0.0642212 0.0029483 -0.0017234 -0.0039159 -0.1109723 -0.0510246 0.9925051
2454.126547 -0.0791283 0.0053806 -0.0028441 -0.0087571 -0.1399902 -0.0766563 0.9871423
2454.876475 -0.0873272 0.0068513 -0.0038373 -0.0062606 -0.1573375 -0.0908576 0.9833365
2456.676301 -0.1127469 0.0136478 -0.0094939 -0.0141772 -0.1898579 -0.1317280 0.9728313
2456.776291 -0.1152930 0.0143934 -0.0103302 -0.0158695 -0.1922477 -0.1329412 0.9721706
2457.426228 -0.1280133 0.0186220 -0.0141776 -0.0175371 -0.2132848 -0.1497959 0.9652789
2457.726199 -0.1345089 0.0206550 -0.0178894 -0.0164390 -0.2236133 -0.1601287 0.9612938
2457.826189 -0.1360450 0.0214777 -0.0188820 -0.0160423 -0.2273296 -0.1627836 0.9599820
2457.976175 -0.1376132 0.0209198 -0.0199383 -0.0163289 -0.2308733 -0.1661044 0.9585615
2458.426131 -0.1471413 0.0248225 -0.0255685 0.0011452 -0.2466012 -0.1752236 0.9531439
2458.880493 -0.1586959 0.0279612 -0.0339474 0.0273003 -0.2719491 -0.1817835 0.9445915
2458.980345 -0.1613506 0.0301735 -0.0347373 0.0352574 -0.2773083 -0.1824770 0.9426342
2459.541946 -0.1694305 0.0287821 -0.0430232 0.0779708 -0.3034468 -0.1815184 0.9321436
2459.796524 -0.1744225 0.0301427 -0.0472564 0.0923543 -0.3153927 -0.1839266 0.9263743
2459.897087 -0.1763300 0.0303594 -0.0483462 0.0989795 -0.3193369 -0.1836770 0.9243862
2459.997887 -0.1779109 0.0308162 -0.0500844 0.1061595 -0.3235270 -0.1830560 0.9222532
2461.051855 -0.1900700 0.0347187 -0.0622324 0.1528631 -0.3561187 -0.1794949 0.9042091
2464.938993 -0.2265204 0.0571605 -0.1009239 0.2034075 -0.4191914 -0.1720574 0.8679287
2465.775420 -0.2343259 0.0655391 -0.1129510 0.1830918 -0.4173224 -0.1860037 0.8704723
2465.925405 -0.2338818 0.0657767 -0.1130890 0.1765123 -0.4140647 -0.1893313 0.8726669
2466.025395 -0.2336872 0.0659875 -0.1132798 0.1700210 -0.4123130 -0.1922697 0.8741415
2466.425357 -0.2317782 0.0688083 -0.1160338 0.1418191 -0.4130244 -0.2054856 0.8758276
2467.625241 -0.2445174 0.0853599 -0.1247788 0.0862440 -0.3888074 -0.2390455 0.8855779
2468.225183 -0.2474889 0.0918955 -0.1275998 0.0675185 -0.3887478 -0.2487014 0.8845699
2469.225086 -0.2525778 0.0978845 -0.1342764 0.0420280 -0.3834260 -0.2625568 0.8844671
2469.475061 -0.2523673 0.0981782 -0.1361542 0.0355805 -0.3830709 -0.2653556 0.8840685
2469.625047 -0.2531430 0.0988726 -0.1367188 0.0332201 -0.3817852 -0.2665686 0.8843516
2469.725037 -0.2530340 0.0983166 -0.1372949 0.0313608 -0.3805079 -0.2677526 0.8846122
2470.686165 -0.2578653 0.1049133 -0.1441547 0.0221457 -0.3742989 -0.2726716 0.8860362
2470.891756 -0.2597155 0.1068275 -0.1466436 0.0221107 -0.3774706 -0.2725390 0.8847314
2472.055886 -0.2656947 0.1135197 -0.1554196 0.0125002 -0.3669415 -0.2779133 0.8876722
2472.605932 -0.2693642 0.1170707 -0.1601337 0.0076506 -0.3656852 -0.2809114 0.8873019
2472.905942 -0.2706506 0.1182820 -0.1622794 0.0062053 -0.3687736 -0.2811041 0.8859730
2473.255651 -0.2733429 0.1194291 -0.1660692 0.0186426 -0.3782884 -0.2742210 0.8839418
2474.997107 -0.2809768 0.1167403 -0.1823018 0.1257620 -0.4261589 -0.2179558 0.8689464
2475.438708 -0.2829624 0.1177420 -0.1866108 0.1446173 -0.4343151 -0.2077895 0.8644534
2476.524379 -0.2877575 0.1230128 -0.1940359 0.1356857 -0.4245880 -0.2118405 0.8697345
2476.774355 -0.2890584 0.1235302 -0.1969020 0.1417303 -0.4289336 -0.2079757 0.8675683
2476.974335 -0.2899001 0.1244056 -0.1978419 0.1446842 -0.4289708 -0.2061723 0.8674927
2477.124321 -0.2905779 0.1242808 -0.1984148 0.1473428 -0.4289536 -0.2047953 0.8673799
2477.774258 -0.2925905 0.1278794 -0.2018290 0.1361092 -0.4212445 -0.2111267 0.8714659
2477.874248 -0.2929167 0.1281695 -0.2018638 0.1310902 -0.4196199 -0.2138982 0.8723429
2477.974239 -0.2923312 0.1300613 -0.2019780 0.1257906 -0.4185058 -0.2164149 0.8730373
2479.524088 -0.2972647 0.1443057 -0.2034356 0.0129749 -0.3683165 -0.2776859 0.8871669
2479.824059 -0.2957286 0.1468052 -0.2018139 -0.0074049 -0.3598021 -0.2880413 0.8874232
2479.974045 -0.2957942 0.1469627 -0.2022269 -0.0194886 -0.3541985 -0.2949541 0.8872237
2480.723972 -0.2950040 0.1505426 -0.2014580 -0.0585979 -0.3345239 -0.3158146 0.8859578
2481.073938 -0.2953587 0.1506434 -0.2020283 -0.0596277 -0.3325788 -0.3165793 0.8863484
2481.573890 -0.2946319 0.1504486 -0.2012984 -0.0603936 -0.3343845 -0.3162785 0.8857243
2481.923856 -0.2943033 0.1504621 -0.2009467 -0.0585836 -0.3382306 -0.3147371 0.8849343
