2469.725037 0.0000000 0.0000000 0.0000000 -0.0000000 -0.0000000 -0.0000000 1.0000000
2471.097089 -0.0188869 0.0012103 -0.0010676 -0.0094036 -0.0015700 -0.0005222 0.9999545
2471.197514 -0.0195666 0.0001072 -0.0010404 -0.0085766 -0.0019377 -0.0002536 0.9999613
2471.804883 -0.0261628 0.0016260 -0.0014111 -0.0173977 0.0052068 -0.0010776 0.9998345
2472.055886 -0.0294880 0.0029388 -0.0009754 -0.0242396 0.0069308 -0.0013531 0.9996812
2472.605932 -0.0380103 0.0034841 -0.0015494 -0.0298243 0.0066924 -0.0021577 0.9995304
2472.656085 -0.0387390 0.0031061 -0.0018186 -0.0304001 0.0055949 -0.0019539 0.9995202
2473.255651 -0.0456950 0.0014711 -0.0027299 -0.0144714 -0.0028229 -0.0005101 0.9998912
2473.355662 -0.0469872 0.0002030 -0.0032005 -0.0022359 -0.0040447 0.0000005 0.9999893
2473.454862 -0.0482962 -0.0006713 -0.0034632 0.0068276 -0.0047811 0.0006207 0.9999651
2474.053085 -0.0529901 -0.0042740 -0.0057074 0.0510055 -0.0103158 0.0029994 0.9986406
2474.202182 -0.0552446 -0.0054934 -0.0063456 0.0643040 -0.0135281 0.0034012 0.9978329
2476.029050 -0.0760408 -0.0114540 -0.0136106 0.1397485 -0.0229985 0.0065673 0.9898981
2476.724360 -0.0824590 -0.0105562 -0.0135206 0.1328944 -0.0175673 0.0077936 0.9909438
2476.824350 -0.0830112 -0.0096103 -0.0142709 0.1358366 -0.0183834 0.0079608 0.9905287
2476.924340 -0.0837204 -0.0098040 -0.0153764 0.1377128 -0.0178713 0.0083237 0.9902760
2477.474287 -0.0891591 -0.0112861 -0.0146355 0.1424876 -0.0138245 0.0083795 0.9896646
2477.574277 -0.0893657 -0.0107019 -0.0149550 0.1389353 -0.0141174 0.0083205 0.9901659
2477.624272 -0.0895107 -0.0105143 -0.0150207 0.1371569 -0.0142583 0.0081011 0.9904136
2477.724263 -0.0902235 -0.0107197 -0.0153945 0.1301618 -0.0132557 0.0075479 0.9913754
2479.274113 -0.1068840 -0.0017924 -0.0163805 -0.0023744 0.0082631 -0.0006450 0.9999628
2480.124030 -0.1071788 0.0076049 -0.0144704 -0.0719678 0.0103054 -0.0047450 0.9973425
2480.324011 -0.1071276 0.0075205 -0.0132355 -0.0881990 0.0131076 -0.0066910 0.9959942
2480.424001 -0.1074765 0.0072975 -0.0135976 -0.0951060 0.0144638 -0.0076066 0.9953330
2481.223924 -0.1077314 0.0106429 -0.0143268 -0.1132158 0.0167075 -0.0097376 0.9933822
2481.823866 -0.1055301 0.0086968 -0.0155565 -0.1109956 0.0120056 -0.0088286 0.9937092
