2469.725037 0.0000000 0.0000000 0.0000000 -0.0000000 -0.0000000 -0.0000000 1.0000000
2471.654562 -0.0218203 0.0022131 -0.0010188 -0.0125118 0.0045504 -0.0006878 0.9999112
2471.754572 -0.0233540 0.0024857 -0.0014142 -0.0148494 0.0050120 -0.0009386 0.9998768
2471.854879 -0.0242103 0.0032792 -0.0010934 -0.0193736 0.0065128 -0.0011812 0.9997904
2472.306356 -0.0305445 0.0038150 -0.0007817 -0.0292348 0.0093947 -0.0018988 0.9995266
2472.755937 -0.0357722 0.0041255 -0.0014005 -0.0301922 0.0050054 -0.0022921 0.9995289
2472.955937 -0.0375084 0.0037933 -0.0018541 -0.0283941 0.0028897 -0.0017409 0.9995911
2473.255651 -0.0408624 0.0028221 -0.0024209 -0.0136511 -0.0022829 -0.0004839 0.9999042
2473.355662 -0.0429754 0.0039840 -0.0018277 -0.0003762 -0.0030817 -0.0003202 0.9999952
2473.903416 -0.0465093 -0.0020609 -0.0044713 0.0405761 -0.0084568 0.0023917 0.9991378
2473.953411 -0.0469403 -0.0023442 -0.0045554 0.0444333 -0.0088974 0.0025156 0.9989696
2474.202182 -0.0498135 -0.0037933 -0.0056754 0.0648272 -0.0126998 0.0034157 0.9978099
2475.145394 -0.0578402 -0.0085711 -0.0091959 0.1238770 -0.0193402 0.0055835 0.9920934
2475.979054 -0.0660227 -0.0097717 -0.0124935 0.1419547 -0.0225753 0.0071861 0.9895896
2476.374393 -0.0696814 -0.0088750 -0.0124402 0.1293572 -0.0173391 0.0068978 0.9914225
2476.624369 -0.0726150 -0.0090374 -0.0123353 0.1300944 -0.0156229 0.0073233 0.9913515
2476.824350 -0.0736669 -0.0097058 -0.0134134 0.1353864 -0.0176117 0.0081479 0.9906029
2476.924340 -0.0765036 -0.0094110 -0.0124723 0.1374904 -0.0162586 0.0080828 0.9903367
2477.174316 -0.0772071 -0.0094462 -0.0126784 0.1413523 -0.0158276 0.0082366 0.9897985
2477.574277 -0.0777067 -0.0092841 -0.0133607 0.1390495 -0.0138522 0.0082671 0.9901541
2477.674268 -0.0781092 -0.0093733 -0.0139751 0.1338709 -0.0134164 0.0085372 0.9908712
2479.474093 -0.0952823 -0.0084811 -0.0225437 -0.0241536 0.0082043 -0.0018627 0.9996729
2479.674074 -0.0958821 -0.0085268 -0.0232100 -0.0394861 0.0080195 -0.0029674 0.9991835
2479.824059 -0.0945680 0.0003391 -0.0179319 -0.0493376 0.0091627 -0.0033023 0.9987347
2480.074035 -0.0950534 0.0000991 -0.0178818 -0.0711391 0.0110885 -0.0057560 0.9973882
2480.424001 -0.0946060 0.0065513 -0.0173911 -0.0942479 0.0150696 -0.0084814 0.9953986
2480.523992 -0.0948472 0.0062736 -0.0180595 -0.1015852 0.0163981 -0.0088122 0.9946527
2480.773967 -0.0954377 0.0063633 -0.0182726 -0.1116919 0.0167400 -0.0110604 0.9935403
2481.173929 -0.0945015 0.0066148 -0.0175466 -0.1130238 0.0173357 -0.0102165 0.9933885
