2461.452330 0.0000000 0.0000000 0.0000000 -0.0000000 -0.0000000 -0.0000000 1.0000000
2462.351887 -0.0066208 -0.0009875 0.0006844 0.0362161 -0.0165955 -0.0035123 0.9992000
2462.451700 -0.0073273 -0.0018070 0.0004254 0.0402038 -0.0182635 -0.0030715 0.9990199
2462.552065 -0.0074168 -0.0012432 0.0006326 0.0414293 -0.0191210 -0.0027357 0.9989547
2463.401311 -0.0124773 -0.0018461 0.0001038 0.0383763 -0.0280196 -0.0036720 0.9988637
2464.345787 -0.0168554 -0.0011169 -0.0007249 0.0464739 -0.0388338 -0.0026828 0.9981608
2464.889946 -0.0216907 -0.0014631 -0.0017929 0.0543577 -0.0473124 -0.0020044 0.9973980
2465.925405 -0.0282864 0.0009994 -0.0020434 0.0245176 -0.0494755 -0.0071170 0.9984490
2466.025395 -0.0282220 0.0012052 -0.0019484 0.0171328 -0.0489319 -0.0070642 0.9986302
2466.525347 -0.0329263 0.0026539 -0.0027341 -0.0232901 -0.0524600 -0.0117849 0.9982818
2467.475255 -0.0389727 0.0052224 -0.0028066 -0.0753981 -0.0476646 -0.0200070 0.9958127
2468.125192 -0.0415936 0.0061648 -0.0033536 -0.0992695 -0.0492827 -0.0231349 0.9935701
2468.275178 -0.0426567 0.0061984 -0.0036683 -0.1048589 -0.0515640 -0.0234997 0.9928713
2468.375168 -0.0432938 0.0066347 -0.0037990 -0.1095559 -0.0515333 -0.0241725 0.9923495
2468.725134 -0.0451431 0.0083265 -0.0029870 -0.1172817 -0.0498254 -0.0259521 0.9915084
2469.475061 -0.0464203 0.0067127 -0.0051976 -0.1379646 -0.0550397 -0.0261728 0.9885603
2469.675042 -0.0479028 0.0068086 -0.0050725 -0.1419298 -0.0532814 -0.0275084 0.9880589
2469.875023 -0.0484944 0.0072780 -0.0050988 -0.1458206 -0.0503637 -0.0284876 0.9876175
2470.179004 -0.0505621 0.0074153 -0.0057313 -0.1504231 -0.0526920 -0.0286270 0.9868014
2470.736931 -0.0526455 0.0078517 -0.0060062 -0.1539565 -0.0495571 -0.0294272 0.9863952
2471.502878 -0.0564554 0.0074320 -0.0068104 -0.1520133 -0.0504676 -0.0288916 0.9866663
2472.256203 -0.0606287 0.0087032 -0.0074519 -0.1726816 -0.0418579 -0.0330304 0.9835334
2472.955937 -0.0634588 0.0087895 -0.0081836 -0.1708979 -0.0495702 -0.0313966 0.9835401
2473.055789 -0.0641903 0.0083354 -0.0083099 -0.1695401 -0.0509488 -0.0310922 0.9837142
2473.255651 -0.0652445 0.0082846 -0.0084548 -0.1566212 -0.0545823 -0.0287686 0.9857296
2474.152601 -0.0687980 0.0050194 -0.0093428 -0.0854163 -0.0646761 -0.0201272 0.9940403
2475.145394 -0.0724638 0.0027043 -0.0104922 -0.0210226 -0.0739715 -0.0126296 0.9969588
2475.832546 -0.0753642 0.0021727 -0.0118163 0.0021205 -0.0752336 -0.0100524 0.9971130
2476.724360 -0.0787720 0.0025510 -0.0126688 -0.0115654 -0.0714547 -0.0104692 0.9973218
2476.924340 -0.0796131 0.0025812 -0.0124700 -0.0070686 -0.0714653 -0.0098211 0.9973697
2477.024331 -0.0801170 0.0025495 -0.0123442 -0.0060397 -0.0712069 -0.0100422 0.9973927
2477.524282 -0.0815008 0.0023850 -0.0131144 -0.0040020 -0.0675654 -0.0100190 0.9976565
2478.324205 -0.0841107 0.0045021 -0.0129946 -0.0555411 -0.0624593 -0.0157229 0.9963769
2478.824156 -0.0860275 0.0058628 -0.0133028 -0.1013475 -0.0508503 -0.0223715 0.9932988
2479.174122 -0.0869769 0.0070041 -0.0134124 -0.1343430 -0.0457887 -0.0273610 0.9894983
2479.774064 -0.0874998 0.0091820 -0.0137511 -0.1857015 -0.0429114 -0.0345984 0.9810589
2479.924050 -0.0873363 0.0094408 -0.0142011 -0.2010058 -0.0412845 -0.0368407 0.9780261
2480.074035 -0.0872133 0.0100386 -0.0139321 -0.2100982 -0.0408543 -0.0379183 0.9760901
2480.274016 -0.0868659 0.0106261 -0.0140429 -0.2235478 -0.0391623 -0.0399961 0.9730843
2480.424001 -0.0871689 0.0104155 -0.0141676 -0.2347545 -0.0362844 -0.0424162 0.9704508
2481.823866 -0.0871843 0.0110755 -0.0143714 -0.2501571 -0.0376520 -0.0441998 0.9664627
