2469.725037 0.0000000 0.0000000 0.0000000 -0.0000000 -0.0000000 -0.0000000 1.0000000
2471.451994 -0.0206499 0.0003944 -0.0016255 -0.0085702 0.0006163 -0.0003899 0.9999630
2471.804883 -0.0247160 0.0015429 -0.0015925 -0.0174033 0.0050646 -0.0010059 0.9998353
2472.005891 -0.0277360 0.0018277 -0.0020534 -0.0230457 0.0060772 -0.0012456 0.9997152
2472.306356 -0.0329874 0.0026583 -0.0014961 -0.0299735 0.0089750 -0.0021389 0.9995081
2472.755937 -0.0377503 0.0031570 -0.0020782 -0.0308752 0.0041447 -0.0022834 0.9995121
2473.205498 -0.0436179 0.0018378 -0.0031634 -0.0198189 -0.0022473 -0.0010846 0.9998004
2473.355662 -0.0449784 -0.0001041 -0.0035645 -0.0023098 -0.0042483 -0.0000886 0.9999883
2473.653795 -0.0471344 -0.0016844 -0.0045467 0.0250983 -0.0088539 0.0016395 0.9996445
2473.802477 -0.0480180 -0.0033142 -0.0054352 0.0325268 -0.0091542 0.0021641 0.9994266
2474.202182 -0.0532381 -0.0052792 -0.0067226 0.0644252 -0.0137174 0.0034678 0.9978222
2475.438708 -0.0649344 -0.0124498 -0.0120895 0.1374686 -0.0241169 0.0061486 0.9901934
2475.832546 -0.0707790 -0.0113795 -0.0128967 0.1464890 -0.0211384 0.0065693 0.9889646
2476.079045 -0.0713453 -0.0106757 -0.0139213 0.1374303 -0.0231574 0.0071758 0.9902147
2476.624369 -0.0785550 -0.0100836 -0.0134723 0.1301093 -0.0167526 0.0074637 0.9913300
2476.924340 -0.0792254 -0.0086600 -0.0149550 0.1381504 -0.0187426 0.0081954 0.9902000
2477.024331 -0.0838884 -0.0113078 -0.0142351 0.1381976 -0.0173402 0.0077494 0.9902225
2477.374297 -0.0838259 -0.0113349 -0.0141431 0.1437132 -0.0158964 0.0084667 0.9894555
2477.524282 -0.0839463 -0.0110645 -0.0145862 0.1402229 -0.0149659 0.0084117 0.9899712
2478.674171 -0.1000564 -0.0081456 -0.0164683 0.0543295 -0.0027381 0.0028887 0.9985151
2479.174122 -0.1028789 -0.0005581 -0.0113918 0.0090626 0.0063410 0.0000750 0.9999388
2479.824059 -0.1015583 0.0048917 -0.0138084 -0.0479634 0.0075955 -0.0033384 0.9988146
2479.924050 -0.1019337 0.0042481 -0.0141099 -0.0596777 0.0086976 -0.0050322 0.9981672
2480.174026 -0.1047363 0.0084743 -0.0121000 -0.0765963 0.0114680 -0.0070014 0.9969717
2480.523992 -0.1036845 0.0110089 -0.0117040 -0.1001695 0.0148951 -0.0105380 0.9948031
2481.523895 -0.1024734 0.0121125 -0.0121550 -0.1113729 0.0153714 -0.0099760 0.9936097
2481.923856 -0.1048144 0.0103056 -0.0121754 -0.1086866 0.0123579 -0.0101190 0.9939477
