2444.927438 0.0000000 0.0000000 0.0000000 -0.0000000 -0.0000000 -0.0000000 1.0000000
2449.776969 -0.0149729 0.0013465 0.0018003 -0.0225714 -0.0249274 -0.0016342 0.9994331
2449.876959 -0.0164640 0.0014185 0.0016391 -0.0219557 -0.0262265 -0.0021300 0.9994126
2450.326915 -0.0217585 0.0010036 0.0019713 -0.0180909 -0.0369989 -0.0091044 0.9991100
2450.576891 -0.0256182 0.0008216 0.0021142 -0.0159547 -0.0446202 -0.0151280 0.9987621
2450.676882 -0.0268456 0.0010041 0.0021640 -0.0137206 -0.0468089 -0.0186372 0.9986358
2451.026848 -0.0328187 0.0011818 0.0024368 -0.0114229 -0.0543367 -0.0261476 0.9981149
2452.526702 -0.0542759 0.0015939 0.0003209 -0.0040386 -0.0948888 -0.0465471 0.9943908
2452.826673 -0.0642793 0.0026693 -0.0026486 -0.0040656 -0.1112057 -0.0510226 0.9924785
2453.026654 -0.0694322 0.0040258 -0.0030806 -0.0088786 -0.1230747 -0.0573406 0.9906997
2453.326625 -0.0689163 0.0035585 -0.0028072 -0.0089862 -0.1285375 -0.0620398 0.9897214
2454.076552 -0.0781806 0.0048647 -0.0030144 -0.0089321 -0.1398036 -0.0756658 0.9872436
2455.476417 -0.0977672 0.0089489 -0.0063258 -0.0098155 -0.1750897 -0.1051234 0.9788750
2456.576310 -0.1122342 0.0132903 -0.0090441 -0.0135703 -0.1869648 -0.1291275 0.9737485
2456.726296 -0.1118009 0.0130081 -0.0102612 -0.0148682 -0.1922935 -0.1314517 0.9723799
2457.826189 -0.1350966 0.0202857 -0.0194996 -0.0164437 -0.2282768 -0.1623823 0.9598184
2458.076165 -0.1403942 0.0195867 -0.0245112 -0.0166589 -0.2323103 -0.1669022 0.9580700
2458.126160 -0.1408661 0.0199157 -0.0254780 -0.0147012 -0.2331911 -0.1683575 0.9576333
2458.576117 -0.1526785 0.0241583 -0.0322281 0.0074516 -0.2568114 -0.1780032 0.9498986
2458.676502 -0.1555473 0.0240757 -0.0350372 0.0155723 -0.2634849 -0.1794463 0.9476984
2458.880493 -0.1592368 0.0247471 -0.0380001 0.0255860 -0.2726411 -0.1813288 0.9445274
2459.136493 -0.1649854 0.0254064 -0.0420292 0.0452528 -0.2859305 -0.1831917 0.9394875
2459.187575 -0.1656393 0.0247174 -0.0439875 0.0495884 -0.2881425 -0.1835410 0.9385241
2459.594331 -0.1723387 0.0266748 -0.0478672 0.0786475 -0.3055497 -0.1823627 0.9312346
2460.298471 -0.1846057 0.0300332 -0.0564103 0.1243829 -0.3343607 -0.1807948 0.9165397
2460.751923 -0.1892619 0.0316832 -0.0613622 0.1408817 -0.3456407 -0.1786067 0.9103760
2460.952220 -0.1936631 0.0338344 -0.0654562 0.1491358 -0.3531401 -0.1802066 0.9058566
2461.252507 -0.1946049 0.0340237 -0.0657348 0.1574800 -0.3618993 -0.1798913 0.9010372
2462.152440 -0.2144054 0.0424184 -0.0807374 0.1891780 -0.3816334 -0.1786756 0.8869288
2462.552065 -0.2144774 0.0421552 -0.0811800 0.1964154 -0.3910512 -0.1737264 0.8822240
2463.201508 -0.2139727 0.0432579 -0.0819678 0.1919622 -0.4003448 -0.1752232 0.8787329
2464.889946 -0.2292247 0.0562133 -0.1041562 0.2019947 -0.4195364 -0.1722004 0.8680637
2465.875410 -0.2401686 0.0684226 -0.1180199 0.1793644 -0.4151354 -0.1881459 0.8718326
2465.975400 -0.2404411 0.0682450 -0.1179812 0.1734831 -0.4126600 -0.1910091 0.8735736
2466.075391 -0.2388711 0.0713883 -0.1208875 0.1688632 -0.4124052 -0.1932388 0.8741087
2466.525347 -0.2380195 0.0720613 -0.1232025 0.1337888 -0.4093032 -0.2107234 0.8775917
2467.675236 -0.2355160 0.0752473 -0.1384082 0.0810388 -0.3902910 -0.2393727 0.8853285
2468.175187 -0.2339644 0.0756875 -0.1405862 0.0642116 -0.3928248 -0.2473771 0.8833856
2468.525153 -0.2333292 0.0756871 -0.1421980 0.0524439 -0.3922272 -0.2520090 0.8831189
2470.839706 -0.2632862 0.1066930 -0.1488353 0.0213031 -0.3778111 -0.2725628 0.8845985
2471.804883 -0.2682853 0.1123748 -0.1560070 0.0176961 -0.3720508 -0.2749084 0.8863918
2472.406208 -0.2723715 0.1172531 -0.1606631 0.0074997 -0.3659754 -0.2807616 0.8872309
2472.955937 -0.2746129 0.1191389 -0.1651172 0.0065937 -0.3715654 -0.2801571 0.8851032
2473.504185 -0.2787321 0.1192772 -0.1715819 0.0391513 -0.3897331 -0.2632895 0.8816201
2474.451427 -0.2842911 0.1185208 -0.1821752 0.0946946 -0.4207976 -0.2335369 0.8714487
2474.997107 -0.2848004 0.1180824 -0.1837372 0.1254506 -0.4280764 -0.2174914 0.8681648
2475.438708 -0.2872449 0.1184541 -0.1901580 0.1440369 -0.4358603 -0.2075897 0.8638205
2476.624369 -0.2920882 0.1242679 -0.1991118 0.1382043 -0.4279048 -0.2096530 0.8682412
2476.924340 -0.2934015 0.1256410 -0.2019618 0.1443184 -0.4303138 -0.2061080 0.8669035
2477.324302 -0.2936664 0.1260517 -0.2026799 0.1494675 -0.4304371 -0.2034444 0.8665990
2477.624272 -0.2936630 0.1271036 -0.2045688 0.1448238 -0.4278864 -0.2054610 0.8681734
2477.824253 -0.2934722 0.1283361 -0.2063563 0.1326775 -0.4222846 -0.2120409 0.8712698
2478.024234 -0.2931581 0.1289675 -0.2087541 0.1217627 -0.4191386 -0.2176601 0.8729953
2478.324205 -0.2960880 0.1312486 -0.2091905 0.1036076 -0.4124661 -0.2272859 0.8760584
2478.824156 -0.2950940 0.1393895 -0.2060304 0.0680835 -0.3930212 -0.2464721 0.8832613
2479.824059 -0.2952159 0.1443375 -0.2087428 -0.0088077 -0.3619863 -0.2876663 0.8866434
2480.124030 -0.2948827 0.1472573 -0.2088407 -0.0283715 -0.3532909 -0.2983185 0.8862205
2480.823963 -0.2934696 0.1478085 -0.2079264 -0.0619761 -0.3360729 -0.3161087 0.8850363
2481.723875 -0.2922924 0.1475557 -0.2074718 -0.0613118 -0.3392991 -0.3146117 0.8843848
2481.873861 -0.2925113 0.1475292 -0.2077539 -0.0606549 -0.3407739 -0.3143004 0.8839737
