2469.725037 0.0000000 0.0000000 0.0000000 -0.0000000 -0.0000000 -0.0000000 1.0000000
2471.654562 -0.0209477 0.0013540 -0.0014059 -0.0129086 0.0045073 -0.0005769 0.9999064
2471.754572 -0.0224130 0.0014691 -0.0017926 -0.0153365 0.0049403 -0.0008162 0.9998699
2471.854879 -0.0229246 0.0020830 -0.0015024 -0.0199701 0.0062938 -0.0010639 0.9997802
2472.106039 -0.0265724 0.0028458 -0.0008594 -0.0265996 0.0096187 -0.0014755 0.9995988
2472.306356 -0.0295169 0.0026913 -0.0012967 -0.0297850 0.0093861 -0.0019887 0.9995103
2472.955937 -0.0357342 0.0028392 -0.0020535 -0.0288837 0.0026750 -0.0016321 0.9995779
2473.305508 -0.0401485 0.0013719 -0.0028982 -0.0089189 -0.0026654 -0.0003897 0.9999566
2473.752897 -0.0440523 -0.0017942 -0.0042211 0.0291644 -0.0077208 0.0016134 0.9995435
2474.053085 -0.0458309 -0.0031052 -0.0050336 0.0512947 -0.0097954 0.0028514 0.9986315
2474.202182 -0.0478417 -0.0042681 -0.0056614 0.0645098 -0.0129516 0.0034017 0.9978272
2474.550607 -0.0518700 -0.0061590 -0.0074715 0.0872221 -0.0205874 0.0039605 0.9959683
2475.687479 -0.0605044 -0.0099588 -0.0103231 0.1474831 -0.0219816 0.0065723 0.9887984
2476.129395 -0.0662456 -0.0086885 -0.0110223 0.1354013 -0.0210159 0.0064892 0.9905467
2476.674364 -0.0694423 -0.0089893 -0.0116185 0.1323624 -0.0169987 0.0076403 0.9910262
2476.824350 -0.0740321 -0.0093073 -0.0117178 0.1353295 -0.0168250 0.0072711 0.9906311
2476.974335 -0.0746627 -0.0091648 -0.0122177 0.1375744 -0.0163682 0.0076791 0.9903264
2477.124321 -0.0746986 -0.0093318 -0.0122994 0.1404175 -0.0159890 0.0080287 0.9899307
2477.424292 -0.0749526 -0.0090540 -0.0125400 0.1438689 -0.0143342 0.0082792 0.9894583
2477.624272 -0.0749689 -0.0087876 -0.0127313 0.1372675 -0.0144090 0.0082903 0.9903945
2477.674268 -0.0754907 -0.0088622 -0.0128769 0.1339031 -0.0136906 0.0086932 0.9908617
2479.824059 -0.0940294 0.0046026 -0.0117667 -0.0481210 0.0099583 -0.0037683 0.9987848
2480.124030 -0.0949310 0.0050371 -0.0117297 -0.0726618 0.0120913 -0.0061114 0.9972646
2480.374006 -0.0922134 0.0107034 -0.0097817 -0.0877070 0.0137043 -0.0076908 0.9960223
2480.523992 -0.0937871 0.0095589 -0.0107419 -0.1006227 0.0167522 -0.0084882 0.9947474
2481.123934 -0.0932147 0.0110530 -0.0091862 -0.1103118 0.0178369 -0.0103341 0.9936832
