2444.927438 0.0000000 0.0000000 0.0000000 -0.0000000 -0.0000000 -0.0000000 1.0000000
2449.776969 -0.0155740 0.0015240 0.0016694 -0.0224757 -0.0246731 -0.0018337 0.9994412
2449.876959 -0.0166895 0.0012293 0.0014150 -0.0220469 -0.0261644 -0.0021683 0.9994122
2450.276920 -0.0220835 0.0011711 0.0017291 -0.0184399 -0.0351272 -0.0078138 0.9991822
2450.326915 -0.0221725 0.0009954 0.0016727 -0.0181079 -0.0368059 -0.0091258 0.9991167
2451.926760 -0.0476744 0.0009258 0.0010894 -0.0109993 -0.0795801 -0.0410459 0.9959223
2452.426712 -0.0526715 0.0008896 0.0001429 -0.0053820 -0.0897529 -0.0454201 0.9949133
2452.476707 -0.0538313 0.0011185 -0.0001402 -0.0048881 -0.0918133 -0.0455295 0.9947228
2452.826673 -0.0652130 0.0031404 -0.0027493 -0.0039060 -0.1109583 -0.0511046 0.9925026
2452.926664 -0.0677868 0.0020367 -0.0044992 -0.0058718 -0.1173726 -0.0549894 0.9915470
2454.026557 -0.0788682 0.0043417 -0.0040428 -0.0091169 -0.1384724 -0.0742619 0.9875361
2454.326528 -0.0822909 0.0053797 -0.0037392 -0.0083304 -0.1441041 -0.0810345 0.9862038
2456.076359 -0.1090928 0.0112166 -0.0094295 -0.0116341 -0.1821574 -0.1174484 0.9761605
2456.426325 -0.1087309 0.0109604 -0.0095928 -0.0125083 -0.1868079 -0.1244251 0.9744048
2457.176252 -0.1248536 0.0160974 -0.0144825 -0.0172511 -0.2039569 -0.1449463 0.9680365
2457.576214 -0.1326180 0.0189953 -0.0171629 -0.0169672 -0.2188414 -0.1544197 0.9633147
2457.826189 -0.1377278 0.0203298 -0.0205382 -0.0165874 -0.2274768 -0.1623495 0.9600114
2458.126160 -0.1417184 0.0199239 -0.0241832 -0.0146617 -0.2330104 -0.1677634 0.9577821
2458.326141 -0.1463976 0.0213344 -0.0274165 -0.0089526 -0.2390373 -0.1722487 0.9555686
2458.880493 -0.1602712 0.0246319 -0.0377576 0.0258092 -0.2720138 -0.1809134 0.9447818
2458.980345 -0.1633657 0.0251656 -0.0398622 0.0332610 -0.2770688 -0.1823279 0.9428060
2459.187575 -0.1668586 0.0260719 -0.0431556 0.0502347 -0.2875597 -0.1830188 0.9387705
2459.438499 -0.1707958 0.0263091 -0.0459078 0.0684822 -0.2969746 -0.1814857 0.9349756
2459.541946 -0.1720574 0.0267042 -0.0468794 0.0772247 -0.3031882 -0.1813398 0.9323246
2459.695586 -0.1755328 0.0277329 -0.0487749 0.0850821 -0.3104996 -0.1829172 0.9289200
2461.051855 -0.1944941 0.0333856 -0.0659661 0.1524732 -0.3556736 -0.1795100 0.9044470
2461.152497 -0.1945802 0.0338838 -0.0661548 0.1548587 -0.3578125 -0.1792902 0.9032409
2463.551494 -0.2205175 0.0478430 -0.0902352 0.1938242 -0.4000566 -0.1758278 0.8783345
2464.889946 -0.2306108 0.0567061 -0.1046687 0.2022961 -0.4185486 -0.1717000 0.8685692
2465.477859 -0.2367788 0.0632678 -0.1140578 0.1928863 -0.4235753 -0.1792190 0.8667522
2465.825415 -0.2364934 0.0635417 -0.1143589 0.1800155 -0.4173035 -0.1860956 0.8711031
2465.975400 -0.2359521 0.0647865 -0.1162415 0.1726775 -0.4134883 -0.1897668 0.8736123
2466.025395 -0.2357021 0.0645658 -0.1153353 0.1693898 -0.4132103 -0.1911525 0.8740853
2466.525347 -0.2402240 0.0710011 -0.1240404 0.1334603 -0.4080581 -0.2104855 0.8782783
2467.225279 -0.2467533 0.0826812 -0.1268315 0.0974122 -0.3969271 -0.2316030 0.8827909
2468.025202 -0.2501557 0.0881210 -0.1315857 0.0733065 -0.3865107 -0.2452748 0.8860451
2469.725037 -0.2579808 0.1006166 -0.1399008 0.0314098 -0.3809281 -0.2665829 0.8847829
2471.046304 -0.2665761 0.1081215 -0.1525885 0.0218612 -0.3789177 -0.2715925 0.8844100
2471.754572 -0.2696106 0.1120344 -0.1572484 0.0192417 -0.3720661 -0.2735128 0.8867849
2472.055886 -0.2716346 0.1153806 -0.1594852 0.0125557 -0.3670320 -0.2772845 0.8878306
2472.755937 -0.2756659 0.1197345 -0.1650697 0.0063563 -0.3677821 -0.2805337 0.8865646
2473.055789 -0.2771177 0.1198272 -0.1679616 0.0078666 -0.3720451 -0.2788681 0.8852984
2473.305508 -0.2790005 0.1205411 -0.1705190 0.0226673 -0.3805070 -0.2707663 0.8839605
2474.202182 -0.2839230 0.1185750 -0.1796751 0.0831411 -0.4085117 -0.2392822 0.8768979
2475.095616 -0.2872599 0.1179991 -0.1878876 0.1288295 -0.4265501 -0.2156383 0.8688833
2476.524379 -0.2933202 0.1241533 -0.1990063 0.1354587 -0.4247649 -0.2109647 0.8698963
2476.824350 -0.2954776 0.1251547 -0.2039963 0.1426163 -0.4286194 -0.2067919 0.8678613
2476.924340 -0.2953358 0.1250975 -0.2044504 0.1442267 -0.4288076 -0.2057243 0.8677559
2477.024331 -0.2959048 0.1256484 -0.2047125 0.1451794 -0.4288599 -0.2050524 0.8677301
2477.524282 -0.2965596 0.1277776 -0.2061149 0.1479872 -0.4264719 -0.2038205 0.8687225
2477.824253 -0.2966402 0.1290864 -0.2090949 0.1326989 -0.4204754 -0.2117969 0.8722004
2478.024234 -0.2974292 0.1315096 -0.2105355 0.1223022 -0.4172427 -0.2174651 0.8738762
2478.574180 -0.3017836 0.1358959 -0.2120365 0.0840904 -0.4018893 -0.2374765 0.8803515
2479.824059 -0.3012378 0.1483075 -0.2104095 -0.0078078 -0.3591216 -0.2881638 0.8876556
2480.174026 -0.3001905 0.1496339 -0.2098840 -0.0320876 -0.3485605 -0.3007134 0.8871569
2480.523992 -0.3007697 0.1488761 -0.2118359 -0.0522611 -0.3369122 -0.3117906 0.8868741
2481.073938 -0.3007362 0.1489833 -0.2116887 -0.0614706 -0.3323233 -0.3164839 0.8863524
2481.823866 -0.2996587 0.1498448 -0.2107832 -0.0607750 -0.3369656 -0.3154261 0.8850237
