2444.927438 0.0000000 0.0000000 0.0000000 -0.0000000 -0.0000000 -0.0000000 1.0000000
2449.776969 -0.0152823 0.0014536 0.0017371 -0.0225120 -0.0247299 -0.0017706 0.9994391
2449.876959 -0.0162886 0.0013941 0.0016092 -0.0219666 -0.0262947 -0.0021419 0.9994106
2450.276920 -0.0213818 0.0013401 0.0017077 -0.0183381 -0.0354194 -0.0076826 0.9991748
2450.526896 -0.0246379 0.0010164 0.0020871 -0.0163476 -0.0432024 -0.0135400 0.9988408
2450.576891 -0.0254737 0.0009713 0.0020925 -0.0158510 -0.0446079 -0.0150306 0.9987657
2451.026848 -0.0322890 0.0003409 0.0017556 -0.0117838 -0.0544993 -0.0259672 0.9981066
2451.326819 -0.0368164 0.0006806 0.0017093 -0.0116873 -0.0628190 -0.0320779 0.9974408
2451.876765 -0.0462794 0.0017362 0.0014105 -0.0111096 -0.0778330 -0.0406306 0.9960762
2452.726683 -0.0590083 0.0015134 -0.0016327 -0.0040672 -0.1025578 -0.0482984 0.9935455
2452.826673 -0.0637089 0.0024283 -0.0032407 -0.0041100 -0.1112131 -0.0509177 0.9924828
2453.876572 -0.0761231 0.0040143 -0.0036350 -0.0083942 -0.1360714 -0.0707809 0.9881317
2454.026557 -0.0772798 0.0043482 -0.0037049 -0.0090394 -0.1388478 -0.0742265 0.9874867
2455.826383 -0.1026750 0.0099224 -0.0080810 -0.0097323 -0.1803864 -0.1122943 0.9771162
2456.326335 -0.1068198 0.0111562 -0.0089365 -0.0130563 -0.1864348 -0.1214148 0.9748487
2457.526218 -0.1289100 0.0179789 -0.0167523 -0.0183318 -0.2171098 -0.1516188 0.9641261
2457.826189 -0.1352157 0.0197677 -0.0203308 -0.0165983 -0.2278324 -0.1624732 0.9599059
2457.876184 -0.1348794 0.0202291 -0.0206893 -0.0165753 -0.2295081 -0.1640100 0.9592456
2458.126160 -0.1447849 0.0218791 -0.0251313 -0.0136183 -0.2307959 -0.1699145 0.9579545
2458.376136 -0.1427195 0.0229822 -0.0284074 -0.0027254 -0.2431335 -0.1747629 0.9541156
2458.476126 -0.1408200 0.0215300 -0.0274395 0.0033778 -0.2539121 -0.1747432 0.9513054
2458.576117 -0.1498038 0.0248540 -0.0317101 0.0084130 -0.2570089 -0.1778252 0.9498705
2458.980345 -0.1595553 0.0261290 -0.0393975 0.0339052 -0.2779759 -0.1824188 0.9424984
2459.187575 -0.1640821 0.0274559 -0.0426779 0.0511567 -0.2878448 -0.1834962 0.9385401
2459.287288 -0.1630448 0.0266922 -0.0433855 0.0596360 -0.2938528 -0.1815614 0.9365520
2459.337284 -0.1650965 0.0263593 -0.0442886 0.0623136 -0.2950824 -0.1816367 0.9359762
2459.594331 -0.1693899 0.0272669 -0.0479563 0.0794552 -0.3055750 -0.1819762 0.9312333
2459.897087 -0.1752399 0.0290015 -0.0522462 0.0990352 -0.3197287 -0.1834294 0.9242939
2460.398896 -0.1817296 0.0303523 -0.0575751 0.1274094 -0.3360136 -0.1804167 0.9155936
2460.701533 -0.1846077 0.0314908 -0.0602832 0.1383365 -0.3432172 -0.1790421 0.9115969
2461.051855 -0.1900599 0.0336074 -0.0663666 0.1528348 -0.3562769 -0.1792418 0.9042017
2462.002059 -0.2036320 0.0393467 -0.0767016 0.1850533 -0.3811765 -0.1794448 0.8878397
2465.182826 -0.2336650 0.0614595 -0.1118092 0.2050350 -0.4240412 -0.1731929 0.8649589
2465.332179 -0.2324694 0.0627728 -0.1129792 0.1994256 -0.4249198 -0.1764257 0.8651859
2465.925405 -0.2316496 0.0641679 -0.1145200 0.1762214 -0.4154793 -0.1881794 0.8723025
2466.025395 -0.2316352 0.0640965 -0.1145148 0.1696020 -0.4138204 -0.1909666 0.8737961
2466.125386 -0.2311322 0.0644007 -0.1148047 0.1640415 -0.4159412 -0.1935819 0.8732750
2466.425357 -0.2289142 0.0674041 -0.1177103 0.1416897 -0.4143945 -0.2042352 0.8754937
2466.525347 -0.2284529 0.0679520 -0.1183738 0.1332821 -0.4110975 -0.2087942 0.8772911
2467.675236 -0.2441329 0.0846720 -0.1274671 0.0842904 -0.3885156 -0.2394194 0.8857930
2468.125192 -0.2431830 0.0859603 -0.1310820 0.0694543 -0.3891783 -0.2468858 0.8847393
2468.275178 -0.2448176 0.0881296 -0.1318074 0.0643473 -0.3900174 -0.2494925 0.8840246
2469.625047 -0.2524371 0.0985829 -0.1393767 0.0333810 -0.3828531 -0.2658335 0.8841050
2469.875023 -0.2539566 0.1002153 -0.1400869 0.0297741 -0.3781881 -0.2683501 0.8854803
2470.229730 -0.2576182 0.1041313 -0.1448510 0.0246251 -0.3785793 -0.2711080 0.8846309
2470.635558 -0.2576947 0.1045989 -0.1458864 0.0223419 -0.3749606 -0.2722175 0.8858911
2472.055886 -0.2661789 0.1144512 -0.1576052 0.0130306 -0.3679263 -0.2773594 0.8874302
2473.305508 -0.2736786 0.1209879 -0.1676896 0.0236795 -0.3814796 -0.2707539 0.8835186
2473.454862 -0.2751173 0.1176607 -0.1709908 0.0359663 -0.3869765 -0.2643794 0.8826433
2474.053085 -0.2773476 0.1177651 -0.1758585 0.0729038 -0.4031481 -0.2449274 0.8787305
2476.524379 -0.2879718 0.1233735 -0.1965047 0.1358944 -0.4257576 -0.2111068 0.8693084
2476.724360 -0.2897310 0.1238496 -0.1991004 0.1409472 -0.4287495 -0.2079561 0.8677915
2476.924340 -0.2897394 0.1244296 -0.2010128 0.1447402 -0.4298804 -0.2057321 0.8671374
2477.024331 -0.2900524 0.1247137 -0.2014311 0.1455998 -0.4300436 -0.2050814 0.8670669
2477.524282 -0.2902941 0.1253326 -0.2025964 0.1478863 -0.4278051 -0.2034474 0.8681714
2477.974239 -0.2903301 0.1277093 -0.2064349 0.1252592 -0.4195210 -0.2156211 0.8728229
2478.574180 -0.2948490 0.1339414 -0.2068189 0.0844922 -0.4034531 -0.2373639 0.8796278
2478.824156 -0.2941549 0.1363978 -0.2072251 0.0675837 -0.3912928 -0.2472152 0.8838592
2479.174122 -0.2952147 0.1392909 -0.2060990 0.0398873 -0.3787482 -0.2620229 0.8867372
2479.924050 -0.2936603 0.1453481 -0.2063493 -0.0173234 -0.3564383 -0.2929448 0.8870373
2480.074035 -0.2938850 0.1464943 -0.2052182 -0.0250993 -0.3534312 -0.2967428 0.8867921
2480.274016 -0.2929358 0.1470608 -0.2050343 -0.0369028 -0.3479379 -0.3029021 0.8864692
2480.424001 -0.2930084 0.1481200 -0.2052526 -0.0453897 -0.3419767 -0.3076471 0.8867610
2480.773967 -0.2928955 0.1483962 -0.2048105 -0.0596310 -0.3355849 -0.3152588 0.8856856
2481.923856 -0.2929448 0.1484859 -0.2057948 -0.0592254 -0.3390421 -0.3141153 0.8848019
