2469.725037 0.0000000 0.0000000 0.0000000 -0.0000000 -0.0000000 -0.0000000 1.0000000
2471.654562 -0.0219096 0.0001798 -0.0033047 -0.0133333 0.0046789 -0.0006677 0.9999000
2471.754572 -0.0232445 0.0001655 -0.0038829 -0.0157654 0.0050135 -0.0008655 0.9998628
2471.854879 -0.0242791 0.0007188 -0.0036588 -0.0204064 0.0066369 -0.0011359 0.9997691
2472.106039 -0.0282841 0.0012609 -0.0034283 -0.0271470 0.0101144 -0.0017559 0.9995788
2472.155896 -0.0287373 0.0015844 -0.0033371 -0.0292103 0.0116224 -0.0020482 0.9995037
2472.905942 -0.0368539 0.0010383 -0.0053094 -0.0309139 0.0037664 -0.0019470 0.9995131
2473.553627 -0.0448153 -0.0032108 -0.0071170 0.0167520 -0.0064427 0.0008901 0.9998386
2473.852650 -0.0464202 -0.0050565 -0.0082148 0.0365806 -0.0080543 0.0022664 0.9992957
2473.953411 -0.0472591 -0.0059566 -0.0085880 0.0429497 -0.0086276 0.0026230 0.9990366
2474.053085 -0.0482097 -0.0059907 -0.0089091 0.0502345 -0.0092388 0.0030130 0.9986902
2475.145394 -0.0568427 -0.0081539 -0.0129697 0.1241372 -0.0194683 0.0061894 0.9920548
2475.687479 -0.0638990 -0.0141551 -0.0165306 0.1459922 -0.0211614 0.0069062 0.9890353
2476.624369 -0.0737366 -0.0134273 -0.0189492 0.1284108 -0.0150110 0.0076359 0.9915781
2476.674364 -0.0730852 -0.0136744 -0.0190796 0.1306709 -0.0162109 0.0079937 0.9912611
2476.824350 -0.0746119 -0.0136665 -0.0187053 0.1338383 -0.0171536 0.0082917 0.9908200
2476.924340 -0.0762265 -0.0137796 -0.0179822 0.1356552 -0.0162254 0.0083825 0.9905878
2477.024331 -0.0763475 -0.0134459 -0.0183376 0.1368306 -0.0162358 0.0086734 0.9904234
2477.324302 -0.0770102 -0.0128570 -0.0189723 0.1414634 -0.0150031 0.0088979 0.9897898
2477.674268 -0.0735875 -0.0118032 -0.0198741 0.1332598 -0.0150489 0.0107183 0.9909089
2479.774064 -0.0975946 -0.0028127 -0.0215816 -0.0463307 0.0101603 -0.0032578 0.9988692
2479.824059 -0.0982445 -0.0026708 -0.0223503 -0.0509699 0.0107820 -0.0037733 0.9986349
2479.924050 -0.0976988 -0.0028624 -0.0215998 -0.0626857 0.0117394 -0.0043295 0.9979549
2480.324011 -0.0989056 -0.0040500 -0.0229060 -0.0925046 0.0152766 -0.0065454 0.9955736
2480.873958 -0.0983649 -0.0030764 -0.0221869 -0.1189497 0.0182117 -0.0090663 0.9926919
2481.823866 -0.0992519 -0.0037556 -0.0241460 -0.1161133 0.0150246 -0.0088750 0.9930827
