2469.725037 0.0000000 0.0000000 0.0000000 -0.0000000 -0.0000000 -0.0000000 1.0000000
2471.097089 -0.0180940 0.0003336 -0.0019658 -0.0096694 -0.0015503 -0.0005172 0.9999520
2471.197514 -0.0190937 0.0008442 -0.0017820 -0.0081300 -0.0017806 -0.0002742 0.9999654
2471.298255 -0.0200001 0.0006402 -0.0016102 -0.0064667 -0.0015336 -0.0002357 0.9999779
2472.055886 -0.0294384 0.0026199 -0.0021856 -0.0242432 0.0075023 -0.0015910 0.9996767
2472.155896 -0.0305752 0.0032370 -0.0021942 -0.0286419 0.0110874 -0.0020340 0.9995262
2472.555779 -0.0356906 0.0025954 -0.0026069 -0.0310624 0.0072895 -0.0023220 0.9994882
2472.656085 -0.0378387 0.0022888 -0.0031993 -0.0306041 0.0058446 -0.0021598 0.9995122
2473.255651 -0.0441169 0.0007471 -0.0043397 -0.0146061 -0.0027595 -0.0005656 0.9998894
2473.355662 -0.0455623 -0.0004343 -0.0049463 -0.0023554 -0.0039184 -0.0000411 0.9999896
2473.454862 -0.0463225 -0.0011529 -0.0051998 0.0067969 -0.0048696 0.0007391 0.9999648
2473.903416 -0.0498754 -0.0033146 -0.0066522 0.0402803 -0.0091403 0.0025394 0.9991434
2474.202182 -0.0531501 -0.0059940 -0.0079035 0.0641937 -0.0135915 0.0035402 0.9978387
2476.374393 -0.0756321 -0.0114390 -0.0156093 0.1288166 -0.0180568 0.0070369 0.9914791
2476.624369 -0.0799622 -0.0118194 -0.0164463 0.1294517 -0.0159783 0.0073320 0.9914299
2476.724360 -0.0800579 -0.0113888 -0.0162869 0.1325255 -0.0173545 0.0078578 0.9909965
2476.774355 -0.0803004 -0.0113799 -0.0164531 0.1340245 -0.0184351 0.0078385 0.9907755
2477.074326 -0.0801137 -0.0115940 -0.0163013 0.1386254 -0.0176221 0.0085044 0.9901516
2477.574277 -0.0812701 -0.0115838 -0.0168890 0.1385490 -0.0156014 0.0091492 0.9901904
2477.774258 -0.0899015 -0.0130706 -0.0201888 0.1245350 -0.0113721 0.0074975 0.9921217
2477.824253 -0.0894444 -0.0126144 -0.0198977 0.1212761 -0.0112675 0.0070759 0.9925297
2480.024040 -0.1063594 0.0015141 -0.0159697 -0.0676140 0.0115646 -0.0059887 0.9976265
2480.074035 -0.1061709 0.0016020 -0.0162804 -0.0705786 0.0113314 -0.0065555 0.9974203
2480.124030 -0.1059686 0.0016229 -0.0160486 -0.0738657 0.0112144 -0.0062497 0.9971856
2480.424001 -0.1062031 0.0016051 -0.0158033 -0.0966068 0.0155126 -0.0090920 0.9951602
2480.723972 -0.1063360 0.0016579 -0.0166014 -0.1135632 0.0169074 -0.0109869 0.9933262
2481.873861 -0.1054623 0.0017120 -0.0161547 -0.1128991 0.0134599 -0.0092604 0.9934721
