2469.725037 0.0000000 0.0000000 0.0000000 -0.0000000 -0.0000000 -0.0000000 1.0000000
2471.097089 -0.0163135 0.0019726 -0.0006332 -0.0089348 -0.0015262 -0.0005406 0.9999588
2471.197514 -0.0168789 0.0021358 -0.0003350 -0.0075972 -0.0019290 -0.0003046 0.9999692
2471.502878 -0.0198099 0.0013510 -0.0011851 -0.0090771 0.0020294 -0.0004456 0.9999567
2471.804883 -0.0223955 0.0029036 -0.0006260 -0.0166915 0.0051798 -0.0011480 0.9998466
2472.555779 -0.0316615 0.0039572 -0.0003219 -0.0304670 0.0071488 -0.0020862 0.9995081
2472.905942 -0.0350479 0.0044849 -0.0008163 -0.0296437 0.0029124 -0.0018295 0.9995546
2472.955937 -0.0358269 0.0043566 -0.0007870 -0.0282536 0.0022474 -0.0017656 0.9995967
2473.255651 -0.0411149 0.0024781 -0.0011801 -0.0140035 -0.0020735 -0.0010050 0.9998993
2473.355662 -0.0412164 0.0024519 -0.0013438 -0.0011868 -0.0037878 -0.0002766 0.9999921
2473.454862 -0.0411992 0.0024690 -0.0013853 0.0082503 -0.0050333 0.0006491 0.9999531
2474.053085 -0.0427035 0.0021222 -0.0038232 0.0538990 -0.0116740 0.0036036 0.9984717
2474.848030 -0.0528495 -0.0059747 -0.0068129 0.1102091 -0.0211241 0.0046355 0.9936731
2476.179055 -0.0661838 -0.0082596 -0.0099040 0.1343466 -0.0210551 0.0064204 0.9906899
2476.524379 -0.0680259 -0.0068487 -0.0096831 0.1270025 -0.0160172 0.0070569 0.9917480
2476.624369 -0.0687602 -0.0072459 -0.0087587 0.1308134 -0.0170788 0.0075111 0.9912314
2476.824350 -0.0714110 -0.0074486 -0.0103944 0.1363375 -0.0186073 0.0079707 0.9904556
2477.424292 -0.0749840 -0.0086418 -0.0100934 0.1442974 -0.0152156 0.0085203 0.9893807
2477.524282 -0.0760312 -0.0077126 -0.0096039 0.1411372 -0.0144054 0.0081943 0.9898513
2477.574277 -0.0770216 -0.0076102 -0.0091932 0.1397318 -0.0143844 0.0081659 0.9900513
2478.274210 -0.0846249 -0.0063794 -0.0101969 0.0924304 -0.0094502 0.0052423 0.9956605
2479.824059 -0.0908365 0.0072265 -0.0076916 -0.0470140 0.0077455 -0.0032812 0.9988588
2480.773967 -0.0901028 0.0143329 -0.0069365 -0.1086112 0.0144535 -0.0095533 0.9939333
2481.123934 -0.0891893 0.0150036 -0.0066113 -0.1090673 0.0151771 -0.0092454 0.9938755
2481.623885 -0.0904431 0.0131017 -0.0057392 -0.1097916 0.0133300 -0.0094430 0.9938204
2481.823866 -0.0911976 0.0142449 -0.0062155 -0.1081686 0.0120105 -0.0096431 0.9940132
