2469.725037 0.0000000 0.0000000 0.0000000 -0.0000000 -0.0000000 -0.0000000 1.0000000
2471.097089 -0.0205994 0.0003913 -0.0025880 -0.0096385 -0.0015223 -0.0003830 0.9999523
2471.197514 -0.0216369 0.0007199 -0.0023807 -0.0082520 -0.0018132 -0.0003097 0.9999643
2471.804883 -0.0290829 0.0011428 -0.0033417 -0.0175067 0.0054722 -0.0011386 0.9998311
2472.005891 -0.0322750 0.0020928 -0.0032872 -0.0229417 0.0063474 -0.0012637 0.9997159
2472.605932 -0.0419051 0.0024990 -0.0038515 -0.0302066 0.0068448 -0.0021807 0.9995179
2472.805794 -0.0446311 0.0021433 -0.0048235 -0.0315444 0.0044407 -0.0021879 0.9994901
2473.005933 -0.0472449 0.0015418 -0.0052229 -0.0271509 0.0011898 -0.0017204 0.9996292
2473.305508 -0.0516189 -0.0004621 -0.0063222 -0.0096109 -0.0028363 -0.0002798 0.9999498
2473.454862 -0.0533861 -0.0019670 -0.0066276 0.0065292 -0.0046084 0.0007057 0.9999678
2473.903416 -0.0573836 -0.0058010 -0.0089588 0.0396099 -0.0088598 0.0025789 0.9991726
2474.053085 -0.0592753 -0.0068119 -0.0095036 0.0504733 -0.0099194 0.0030927 0.9986714
2474.947112 -0.0694569 -0.0139915 -0.0151416 0.1135389 -0.0200912 0.0052486 0.9933165
2476.029050 -0.0857520 -0.0157128 -0.0197386 0.1389146 -0.0222311 0.0067271 0.9900320
2476.229050 -0.0869374 -0.0143641 -0.0185914 0.1311395 -0.0195095 0.0070167 0.9911471
2476.824350 -0.0949339 -0.0139571 -0.0196538 0.1348855 -0.0171922 0.0080362 0.9906794
2476.924340 -0.0953246 -0.0140156 -0.0195821 0.1368576 -0.0168301 0.0079979 0.9904155
2477.024331 -0.0953888 -0.0138814 -0.0201141 0.1378865 -0.0169303 0.0084851 0.9902670
2477.574277 -0.1027854 -0.0120288 -0.0183150 0.1389361 -0.0128219 0.0081483 0.9901848
2477.624272 -0.1027207 -0.0119710 -0.0181988 0.1371282 -0.0130117 0.0080261 0.9904354
2477.824253 -0.1027887 -0.0136042 -0.0221833 0.1215060 -0.0108241 0.0079344 0.9924999
2480.124030 -0.1202365 -0.0107009 -0.0338357 -0.0780203 0.0111577 -0.0060451 0.9968710
2480.723972 -0.1212528 0.0048547 -0.0228263 -0.1122689 0.0165871 -0.0100958 0.9934881
2480.873958 -0.1208927 0.0085361 -0.0206720 -0.1145388 0.0171845 -0.0102291 0.9932175
2481.873861 -0.1229454 0.0063354 -0.0211606 -0.1113132 0.0141506 -0.0094490 0.9936397
