2469.725037 0.0000000 0.0000000 0.0000000 -0.0000000 -0.0000000 -0.0000000 1.0000000
2471.247509 -0.0152111 0.0006001 -0.0014743 -0.0077533 -0.0017042 -0.0003606 0.9999684
2471.502878 -0.0172998 0.0006072 -0.0018613 -0.0093007 0.0019779 -0.0005107 0.9999546
2471.804883 -0.0199121 0.0013632 -0.0017065 -0.0172598 0.0053927 -0.0012575 0.9998357
2471.854879 -0.0203677 0.0012500 -0.0019413 -0.0201420 0.0061475 -0.0012785 0.9997774
2472.306356 -0.0259892 0.0021202 -0.0017190 -0.0298814 0.0090699 -0.0022622 0.9995098
2472.406208 -0.0270905 0.0020732 -0.0019672 -0.0303040 0.0082691 -0.0023481 0.9995038
2473.155503 -0.0338034 0.0014977 -0.0030932 -0.0231868 -0.0010858 -0.0013735 0.9997296
2474.053085 -0.0398805 -0.0039817 -0.0056077 0.0507491 -0.0104841 0.0028390 0.9986524
2474.102764 -0.0406328 -0.0041962 -0.0057924 0.0567251 -0.0115309 0.0030480 0.9983186
2474.202182 -0.0416461 -0.0045864 -0.0061064 0.0642308 -0.0136787 0.0033281 0.9978358
2474.848030 -0.0462952 -0.0067862 -0.0087229 0.1094151 -0.0211990 0.0049483 0.9937577
2476.524379 -0.0619823 -0.0089305 -0.0117667 0.1256556 -0.0150715 0.0069768 0.9919350
2476.624369 -0.0622397 -0.0090787 -0.0115242 0.1295079 -0.0163822 0.0073937 0.9914155
2476.674364 -0.0622311 -0.0090141 -0.0119565 0.1320299 -0.0174397 0.0077998 0.9910616
2476.824350 -0.0625478 -0.0089626 -0.0123107 0.1351747 -0.0186844 0.0082263 0.9906114
2476.924340 -0.0633676 -0.0091859 -0.0125412 0.1370263 -0.0181214 0.0083004 0.9903669
2477.324302 -0.0655108 -0.0090010 -0.0131634 0.1425676 -0.0161571 0.0083245 0.9896182
2477.574277 -0.0684430 -0.0078790 -0.0118246 0.1391022 -0.0141604 0.0080532 0.9901441
2477.624272 -0.0685645 -0.0079108 -0.0119347 0.1372309 -0.0142395 0.0082071 0.9904028
2479.624079 -0.0818525 -0.0005971 -0.0137299 -0.0337647 0.0067956 -0.0027185 0.9994030
2479.824059 -0.0816116 -0.0006952 -0.0133903 -0.0501887 0.0083766 -0.0037923 0.9986975
2480.174026 -0.0819086 -0.0005170 -0.0136709 -0.0800842 0.0111326 -0.0072083 0.9966999
2481.773871 -0.0797582 0.0046019 -0.0123220 -0.1124192 0.0114822 -0.0096772 0.9935474
