2444.927438 0.0000000 0.0000000 0.0000000 -0.0000000 -0.0000000 -0.0000000 1.0000000
2449.776969 -0.0151890 0.0017310 0.0019030 -0.0223369 -0.0247167 -0.0019515 0.9994431
2449.876959 -0.0164873 0.0017288 0.0017455 -0.0217427 -0.0261152 -0.0024183 0.9994196
2450.326915 -0.0217463 0.0011441 0.0019142 -0.0179915 -0.0368164 -0.0093012 0.9991168
2450.576891 -0.0257957 0.0009715 0.0019932 -0.0158124 -0.0443305 -0.0153140 0.9987744
2451.476804 -0.0396077 0.0008637 0.0017036 -0.0112721 -0.0658068 -0.0342333 0.9971813
2451.826770 -0.0457124 0.0012385 0.0012787 -0.0106678 -0.0758871 -0.0403026 0.9962445
2452.476707 -0.0529770 0.0012588 0.0000677 -0.0047638 -0.0916456 -0.0457661 0.9947281
2452.626693 -0.0562507 0.0014922 -0.0006437 -0.0030957 -0.0964688 -0.0479886 0.9941736
2452.826673 -0.0639980 0.0026119 -0.0033669 -0.0040832 -0.1107624 -0.0512044 0.9925186
2453.176639 -0.0691290 0.0033404 -0.0037835 -0.0097138 -0.1247479 -0.0598861 0.9903319
2455.176446 -0.0916189 0.0074248 -0.0060252 -0.0083509 -0.1676502 -0.0983718 0.9808908
2455.726393 -0.1018949 0.0100816 -0.0081269 -0.0117401 -0.1782597 -0.1101947 0.9777233
2455.926373 -0.1039280 0.0103575 -0.0087098 -0.0100085 -0.1811305 -0.1140985 0.9767667
2457.026267 -0.1196129 0.0156627 -0.0120879 -0.0167002 -0.1994334 -0.1393794 0.9698045
2457.176252 -0.1226950 0.0162957 -0.0138445 -0.0170722 -0.2034521 -0.1454691 0.9680674
2457.526218 -0.1296280 0.0188253 -0.0164346 -0.0180653 -0.2158387 -0.1522063 0.9643239
2457.826189 -0.1353811 0.0202789 -0.0199478 -0.0164592 -0.2269396 -0.1627224 0.9600776
2458.076165 -0.1397995 0.0207221 -0.0230786 -0.0159474 -0.2309385 -0.1671885 0.9583638
2458.880493 -0.1593283 0.0252941 -0.0374135 0.0260097 -0.2703298 -0.1816627 0.9451159
2459.187575 -0.1654634 0.0270547 -0.0429526 0.0505315 -0.2859155 -0.1836484 0.9391338
2459.287288 -0.1668853 0.0264667 -0.0437453 0.0590155 -0.2910710 -0.1825017 0.9372769
2459.541946 -0.1706196 0.0270205 -0.0470967 0.0772086 -0.3014894 -0.1818980 0.9327680
2459.594331 -0.1717865 0.0268982 -0.0480139 0.0788642 -0.3033551 -0.1827659 0.9318545
2459.897087 -0.1770445 0.0286050 -0.0519691 0.0982694 -0.3177059 -0.1839422 0.9249710
2460.398896 -0.1836575 0.0304628 -0.0583778 0.1269758 -0.3336175 -0.1811555 0.9163837
2460.499834 -0.1843762 0.0305048 -0.0587303 0.1297900 -0.3359805 -0.1814468 0.9150676
2461.051855 -0.1911313 0.0333966 -0.0656554 0.1523832 -0.3543948 -0.1799414 0.9048783
2462.051877 -0.2055272 0.0394416 -0.0773948 0.1854756 -0.3793639 -0.1797504 0.8884659
2463.151691 -0.2141805 0.0451616 -0.0850241 0.1933359 -0.3967101 -0.1759514 0.8799338
2465.975400 -0.2356787 0.0657488 -0.1156778 0.1731556 -0.4112925 -0.1917164 0.8741284
2466.075391 -0.2363717 0.0667734 -0.1165941 0.1680149 -0.4111007 -0.1939329 0.8747327
2466.275371 -0.2331927 0.0685505 -0.1186865 0.1530358 -0.4156550 -0.1993784 0.8741049
2466.375362 -0.2331961 0.0688599 -0.1184282 0.1451562 -0.4128416 -0.2039396 0.8757283
2466.525347 -0.2330784 0.0693346 -0.1199233 0.1333182 -0.4078531 -0.2103518 0.8784271
2466.675333 -0.2347472 0.0733484 -0.1185425 0.1204697 -0.4006231 -0.2181955 0.8816910
2469.675042 -0.2547487 0.0987192 -0.1387585 0.0320496 -0.3797286 -0.2670402 0.8851376
2470.635558 -0.2593774 0.1044128 -0.1446646 0.0217682 -0.3726179 -0.2727268 0.8867368
2471.502878 -0.2644136 0.1085971 -0.1525225 0.0235503 -0.3747272 -0.2715141 0.8861744
2472.055886 -0.2675578 0.1134449 -0.1563884 0.0122867 -0.3656894 -0.2779320 0.8881859
2472.406208 -0.2699052 0.1160741 -0.1593644 0.0076196 -0.3632060 -0.2806608 0.8883991
2473.255651 -0.2748351 0.1190515 -0.1667480 0.0180810 -0.3771922 -0.2736298 0.8846049
2473.355662 -0.2755214 0.1182489 -0.1680973 0.0281881 -0.3816740 -0.2687659 0.8839092
2475.638036 -0.2860280 0.1179583 -0.1895222 0.1532171 -0.4341866 -0.2034851 0.8640604
2475.832546 -0.2870840 0.1187351 -0.1910515 0.1520470 -0.4327095 -0.2038990 0.8649101
2476.179055 -0.2886739 0.1207105 -0.1945044 0.1409181 -0.4294841 -0.2095258 0.8670551
2476.924340 -0.2920758 0.1243494 -0.1989320 0.1444987 -0.4275194 -0.2065824 0.8681423
2477.024331 -0.2923807 0.1242447 -0.1993880 0.1453374 -0.4276811 -0.2058274 0.8681020
2477.224311 -0.2925952 0.1247515 -0.1996367 0.1491229 -0.4283364 -0.2041314 0.8675371
2477.524282 -0.2917636 0.1255245 -0.2009211 0.1478743 -0.4255155 -0.2044752 0.8690568
2477.674268 -0.2917649 0.1255117 -0.2016361 0.1420918 -0.4237692 -0.2072225 0.8702232
2477.824253 -0.2917435 0.1267236 -0.2029047 0.1327306 -0.4194969 -0.2124116 0.8725172
2478.324205 -0.2937700 0.1309401 -0.2042622 0.1041259 -0.4098845 -0.2276263 0.8771196
2478.474190 -0.2950920 0.1324645 -0.2050487 0.0935183 -0.4055747 -0.2330556 0.8788905
2478.824156 -0.2960278 0.1367592 -0.2039639 0.0676523 -0.3892041 -0.2479795 0.8845618
2480.573987 -0.2943590 0.1482826 -0.2034982 -0.0536490 -0.3354841 -0.3126723 0.8870221
2481.073938 -0.2940671 0.1485170 -0.2032027 -0.0603918 -0.3321794 -0.3160030 0.8866520
2481.823866 -0.2946205 0.1481864 -0.2034600 -0.0603839 -0.3360005 -0.3153880 0.8854309
