2461.452330 0.0000000 0.0000000 0.0000000 -0.0000000 -0.0000000 -0.0000000 1.0000000
2462.351887 -0.0058820 -0.0004471 0.0013924 0.0364921 -0.0170514 -0.0031580 0.9991835
2462.401704 -0.0061208 -0.0004620 0.0016858 0.0397291 -0.0179345 -0.0028164 0.9990456
2463.950073 -0.0155404 0.0003497 0.0013219 0.0435920 -0.0345472 -0.0036059 0.9984454
2464.395328 -0.0157972 0.0006175 0.0007688 0.0473308 -0.0406232 -0.0017505 0.9980513
2465.925405 -0.0276839 -0.0007565 -0.0024383 0.0232074 -0.0497026 -0.0073228 0.9984676
2466.025395 -0.0280629 0.0005261 -0.0030038 0.0168652 -0.0489561 -0.0076450 0.9986293
2466.125386 -0.0284344 0.0006381 -0.0041144 0.0115237 -0.0520482 -0.0082838 0.9985437
2466.625337 -0.0326739 0.0008950 -0.0049879 -0.0365950 -0.0493323 -0.0146388 0.9980044
2466.975303 -0.0335900 0.0007081 -0.0064004 -0.0545286 -0.0501424 -0.0162938 0.9971193
2469.925018 -0.0478207 0.0064395 -0.0056990 -0.1485129 -0.0508263 -0.0290228 0.9871770
2469.975013 -0.0479452 0.0070815 -0.0058329 -0.1484926 -0.0513822 -0.0287969 0.9871578
2470.432673 -0.0503627 0.0072402 -0.0063430 -0.1538981 -0.0506905 -0.0295163 0.9863441
2471.754572 -0.0565368 0.0074507 -0.0075154 -0.1580205 -0.0482619 -0.0302741 0.9857910
2471.955580 -0.0576633 0.0080154 -0.0075371 -0.1648169 -0.0465845 -0.0315000 0.9847198
2472.256203 -0.0595224 0.0083322 -0.0079435 -0.1728390 -0.0423927 -0.0331822 0.9834778
2472.406208 -0.0602253 0.0081263 -0.0080102 -0.1724022 -0.0442574 -0.0330296 0.9834774
2473.504185 -0.0652066 0.0067137 -0.0089385 -0.1321556 -0.0588449 -0.0259520 0.9891404
2474.152601 -0.0673295 0.0052498 -0.0097487 -0.0850799 -0.0654148 -0.0200202 0.9940229
2474.252177 -0.0674082 0.0047556 -0.0100922 -0.0773677 -0.0694453 -0.0184084 0.9944108
2474.997107 -0.0701321 0.0028450 -0.0107904 -0.0292379 -0.0747144 -0.0135868 0.9966837
2476.674364 -0.0773560 0.0018794 -0.0131671 -0.0124884 -0.0717177 -0.0108393 0.9972879
2476.974335 -0.0785142 0.0021180 -0.0136813 -0.0069727 -0.0721106 -0.0101874 0.9973203
2477.424292 -0.0795414 0.0018327 -0.0139189 -0.0008668 -0.0693509 -0.0096669 0.9975451
2477.624272 -0.0804786 0.0021823 -0.0138725 -0.0073519 -0.0685285 -0.0105927 0.9975659
2477.674268 -0.0806143 0.0020088 -0.0142462 -0.0107470 -0.0678230 -0.0106730 0.9975824
2477.974239 -0.0820268 0.0030134 -0.0146622 -0.0307833 -0.0652894 -0.0131614 0.9973046
2478.274210 -0.0831381 0.0036226 -0.0143005 -0.0520425 -0.0630926 -0.0160688 0.9965203
2479.174122 -0.0855748 0.0067028 -0.0131430 -0.1345906 -0.0463486 -0.0277340 0.9894282
2479.474093 -0.0864839 0.0084705 -0.0149071 -0.1622261 -0.0449538 -0.0323300 0.9851988
2479.724069 -0.0861749 0.0093442 -0.0148536 -0.1793396 -0.0446362 -0.0339937 0.9821860
2479.824059 -0.0863505 0.0093140 -0.0150870 -0.1896653 -0.0430318 -0.0354236 0.9802656
2480.773967 -0.0857304 0.0105661 -0.0160078 -0.2506689 -0.0356064 -0.0453386 0.9663549
2481.623885 -0.0859077 0.0108447 -0.0155696 -0.2509972 -0.0367207 -0.0454973 0.9662205
