2469.725037 0.0000000 0.0000000 0.0000000 -0.0000000 -0.0000000 -0.0000000 1.0000000
2471.654562 -0.0208945 0.0009553 -0.0022322 -0.0130326 0.0041995 -0.0006022 0.9999061
2471.754572 -0.0220698 0.0010562 -0.0027001 -0.0154387 0.0044733 -0.0007603 0.9998705
2471.854879 -0.0231243 0.0015946 -0.0024248 -0.0200481 0.0060579 -0.0010862 0.9997801
2472.106039 -0.0267524 0.0021796 -0.0019388 -0.0267884 0.0093578 -0.0015315 0.9995962
2472.306356 -0.0295715 0.0021204 -0.0022126 -0.0299859 0.0090228 -0.0019589 0.9995077
2472.805794 -0.0344838 0.0024591 -0.0033383 -0.0311562 0.0040726 -0.0020791 0.9995041
2473.105646 -0.0374987 0.0020632 -0.0034799 -0.0251569 -0.0007123 -0.0013602 0.9996823
2473.355662 -0.0404001 0.0000515 -0.0042532 -0.0021057 -0.0041522 0.0000670 0.9999892
2473.802477 -0.0435466 -0.0028002 -0.0057154 0.0326777 -0.0088595 0.0020358 0.9994246
2474.202182 -0.0479727 -0.0049882 -0.0068733 0.0643498 -0.0135299 0.0035952 0.9978292
2474.997107 -0.0549852 -0.0093170 -0.0102586 0.1151397 -0.0198829 0.0052895 0.9931362
2475.145394 -0.0559621 -0.0083095 -0.0103909 0.1239903 -0.0201700 0.0058248 0.9920614
2475.687479 -0.0619118 -0.0118692 -0.0126490 0.1469980 -0.0222009 0.0067264 0.9888648
2476.374393 -0.0689372 -0.0104060 -0.0135420 0.1287793 -0.0177722 0.0069926 0.9914894
2476.724360 -0.0719772 -0.0108174 -0.0142494 0.1324132 -0.0175081 0.0080847 0.9910070
2476.824350 -0.0740846 -0.0108476 -0.0142965 0.1350179 -0.0178210 0.0078396 0.9906519
2476.924340 -0.0778694 -0.0115654 -0.0142610 0.1366276 -0.0162448 0.0075945 0.9904602
2477.224311 -0.0781228 -0.0120443 -0.0138296 0.1417532 -0.0161200 0.0081322 0.9897373
2477.524282 -0.0793467 -0.0109250 -0.0150653 0.1398938 -0.0134667 0.0082044 0.9900410
2477.624272 -0.0784576 -0.0111921 -0.0148506 0.1366498 -0.0140457 0.0085509 0.9904829
2477.674268 -0.0792840 -0.0109887 -0.0152291 0.1332865 -0.0132613 0.0084239 0.9909530
2479.474093 -0.0841754 -0.0070646 -0.0250805 -0.0238265 0.0050710 -0.0002418 0.9997033
2479.824059 -0.0848199 -0.0070375 -0.0258306 -0.0525430 0.0062337 -0.0014829 0.9985981
2480.324011 -0.0837390 -0.0071936 -0.0243260 -0.0941662 0.0096633 -0.0056715 0.9954934
2480.723972 -0.0886626 0.0044187 -0.0177408 -0.1119235 0.0139847 -0.0088122 0.9935793
2481.223924 -0.0877533 0.0058105 -0.0148595 -0.1143366 0.0145253 -0.0098940 0.9932866
2481.623885 -0.0897802 0.0068365 -0.0158492 -0.1121476 0.0135742 -0.0096921 0.9935516
2481.923856 -0.0901618 0.0037195 -0.0190838 -0.1112698 0.0117064 -0.0085829 0.9936842
