2469.725037 0.0000000 0.0000000 0.0000000 -0.0000000 -0.0000000 -0.0000000 1.0000000
2470.891756 -0.0125719 0.0015308 -0.0015637 -0.0107964 -0.0002272 -0.0007914 0.9999414
2471.502878 -0.0178496 0.0012665 -0.0023934 -0.0089368 0.0018067 -0.0005468 0.9999583
2471.654562 -0.0188652 0.0018170 -0.0020194 -0.0125076 0.0039286 -0.0007809 0.9999138
2471.754572 -0.0199321 0.0018796 -0.0021223 -0.0149903 0.0041589 -0.0008022 0.9998787
2472.605932 -0.0295991 0.0030700 -0.0029544 -0.0295127 0.0063689 -0.0021206 0.9995419
2472.855789 -0.0316589 0.0026561 -0.0035013 -0.0298839 0.0031416 -0.0020834 0.9995463
2473.055789 -0.0336190 0.0020490 -0.0039663 -0.0271284 0.0003306 -0.0015114 0.9996307
2473.255651 -0.0366502 0.0011669 -0.0042425 -0.0142718 -0.0027812 -0.0007519 0.9998940
2473.355662 -0.0368515 0.0009230 -0.0046558 -0.0015782 -0.0044127 -0.0000598 0.9999890
2473.454862 -0.0371951 0.0004481 -0.0053599 0.0077131 -0.0054352 0.0008138 0.9999552
2474.053085 -0.0420314 -0.0039432 -0.0072595 0.0509911 -0.0105257 0.0029925 0.9986392
2474.352365 -0.0456716 -0.0056083 -0.0091809 0.0740685 -0.0195309 0.0037040 0.9970550
2476.229050 -0.0615621 -0.0097255 -0.0138754 0.1317028 -0.0205320 0.0071266 0.9910510
2476.624369 -0.0641510 -0.0098473 -0.0147101 0.1295554 -0.0171446 0.0078877 0.9913926
2476.824350 -0.0664951 -0.0101970 -0.0150680 0.1350305 -0.0186466 0.0082901 0.9906313
2476.924340 -0.0679197 -0.0109809 -0.0154606 0.1366699 -0.0178515 0.0082029 0.9904218
2477.074326 -0.0676243 -0.0108070 -0.0153895 0.1382446 -0.0175591 0.0084882 0.9902061
2477.574277 -0.0718327 -0.0082689 -0.0135527 0.1393533 -0.0143819 0.0089378 0.9900979
2479.174122 -0.0851789 -0.0128125 -0.0252163 0.0041552 0.0067644 0.0002607 0.9999685
2479.674074 -0.0852664 -0.0056611 -0.0264497 -0.0382188 0.0066843 -0.0027833 0.9992431
2480.174026 -0.0843141 -0.0058651 -0.0251616 -0.0823499 0.0106626 -0.0065974 0.9965246
2480.673977 -0.0850921 -0.0057309 -0.0262131 -0.1151733 0.0155018 -0.0071345 0.9931988
2481.773871 -0.0874586 0.0015181 -0.0228799 -0.1133002 0.0140229 -0.0088929 0.9934220
