2461.502147 0.0000000 0.0000000 0.0000000 -0.0000000 -0.0000000 -0.0000000 1.0000000
2462.751513 -0.0051157 -0.0006694 0.0004776 0.0384481 -0.0189215 -0.0025534 0.9990782
2462.851503 -0.0051521 -0.0006378 0.0003940 0.0375674 -0.0212933 -0.0025520 0.9990640
2462.951493 -0.0051813 -0.0006117 0.0003069 0.0371526 -0.0230073 -0.0023138 0.9990420
2463.251326 -0.0052789 -0.0005243 0.0001167 0.0381741 -0.0267660 -0.0015791 0.9989113
2465.525819 -0.0146868 -0.0005326 -0.0015324 0.0408347 -0.0539194 -0.0038185 0.9977027
2465.875410 -0.0163568 -0.0004515 -0.0019404 0.0250862 -0.0484720 -0.0062229 0.9984901
2465.925405 -0.0163598 -0.0004496 -0.0019570 0.0220422 -0.0478645 -0.0064325 0.9985899
2465.975400 -0.0163685 -0.0004424 -0.0019896 0.0182486 -0.0472302 -0.0069748 0.9986930
2466.125386 -0.0164744 -0.0002958 -0.0023260 0.0095122 -0.0504224 -0.0072980 0.9986560
2466.325366 -0.0164007 -0.0003486 -0.0022077 -0.0057016 -0.0562772 -0.0073575 0.9983718
2466.375362 -0.0165020 -0.0002543 -0.0024000 -0.0119454 -0.0549399 -0.0078441 0.9983874
2466.625337 -0.0167254 0.0000251 -0.0031933 -0.0382600 -0.0502915 -0.0117602 0.9979322
2467.675236 -0.0218545 0.0021074 -0.0028108 -0.0860241 -0.0445768 -0.0198309 0.9950978
2467.925211 -0.0220581 0.0023967 -0.0027705 -0.0939421 -0.0419509 -0.0210244 0.9944712
2468.475158 -0.0241933 0.0027814 -0.0033437 -0.1129325 -0.0517077 -0.0225462 0.9920001
2468.725134 -0.0247567 0.0029358 -0.0031433 -0.1207031 -0.0501794 -0.0240419 0.9911280
2468.825124 -0.0245901 0.0031256 -0.0031962 -0.1224950 -0.0502003 -0.0239280 0.9909099
2469.075100 -0.0249754 0.0032842 -0.0032880 -0.1312244 -0.0496184 -0.0250134 0.9897942
2469.625047 -0.0270780 0.0037133 -0.0034538 -0.1422806 -0.0535889 -0.0257026 0.9880404
2469.675042 -0.0271142 0.0034396 -0.0036178 -0.1438777 -0.0532501 -0.0260885 0.9878173
2469.725037 -0.0271325 0.0036287 -0.0035624 -0.1448123 -0.0529303 -0.0261591 0.9876961
2470.127132 -0.0286031 0.0039433 -0.0039246 -0.1524016 -0.0519771 -0.0274790 0.9865683
2470.891756 -0.0307275 0.0039048 -0.0043102 -0.1558477 -0.0526709 -0.0277650 0.9859850
2471.298255 -0.0321201 0.0040771 -0.0044249 -0.1509091 -0.0535700 -0.0272178 0.9867198
2471.804883 -0.0325102 0.0041172 -0.0049390 -0.1613880 -0.0478132 -0.0286330 0.9853162
2472.155896 -0.0341353 0.0044701 -0.0049832 -0.1725958 -0.0412378 -0.0314081 0.9836278
2472.855789 -0.0361311 0.0044921 -0.0053489 -0.1741686 -0.0486765 -0.0305285 0.9830381
2473.454862 -0.0380161 0.0035340 -0.0057909 -0.1380217 -0.0571701 -0.0249470 0.9884631
2473.553627 -0.0383649 0.0031380 -0.0058816 -0.1281384 -0.0598207 -0.0237896 0.9896646
2474.053085 -0.0387673 0.0028896 -0.0061626 -0.0941322 -0.0637680 -0.0189858 0.9933339
2474.252177 -0.0395531 0.0021119 -0.0063967 -0.0794736 -0.0689413 -0.0171602 0.9943020
2476.624369 -0.0452313 0.0005971 -0.0084028 -0.0164754 -0.0706524 -0.0096069 0.9973187
2476.924340 -0.0460052 0.0002457 -0.0086645 -0.0094766 -0.0717276 -0.0082880 0.9973449
2477.324302 -0.0465137 0.0003912 -0.0086538 -0.0037250 -0.0701098 -0.0081371 0.9974992
2477.524282 -0.0469882 0.0006158 -0.0087041 -0.0059417 -0.0681627 -0.0087328 0.9976183
2478.324205 -0.0490611 0.0018354 -0.0084601 -0.0573670 -0.0630098 -0.0144822 0.9962575
2478.474190 -0.0495146 0.0019979 -0.0085391 -0.0702762 -0.0612732 -0.0157513 0.9955193
2479.574084 -0.0509688 0.0046342 -0.0087759 -0.1733102 -0.0456129 -0.0312049 0.9833155
2479.824059 -0.0510048 0.0047259 -0.0090245 -0.1921588 -0.0432935 -0.0335377 0.9798347
2480.124030 -0.0508948 0.0052820 -0.0091091 -0.2150790 -0.0416261 -0.0367794 0.9750157
2480.324011 -0.0507696 0.0060299 -0.0089235 -0.2294897 -0.0387552 -0.0398375 0.9717230
2480.424001 -0.0508049 0.0061605 -0.0090380 -0.2354827 -0.0372621 -0.0406399 0.9703133
2480.673977 -0.0505970 0.0062977 -0.0093350 -0.2499658 -0.0361354 -0.0430569 0.9666216
