2469.725037 0.0000000 0.0000000 0.0000000 -0.0000000 -0.0000000 -0.0000000 1.0000000
2471.654562 -0.0214762 0.0018345 -0.0012004 -0.0126721 0.0046091 -0.0006853 0.9999089
2471.754572 -0.0227655 0.0019205 -0.0014385 -0.0151324 0.0049001 -0.0008852 0.9998731
2472.106039 -0.0274007 0.0031941 -0.0008052 -0.0264040 0.0098627 -0.0017294 0.9996012
2472.256203 -0.0299673 0.0041135 -0.0008140 -0.0302053 0.0105908 -0.0022203 0.9994851
2472.855789 -0.0356576 0.0034257 -0.0016329 -0.0298300 0.0040697 -0.0020691 0.9995446
2473.305508 -0.0408560 0.0020244 -0.0026935 -0.0085390 -0.0025307 -0.0004446 0.9999602
2473.355662 -0.0414643 0.0011712 -0.0026104 -0.0017252 -0.0033527 -0.0002038 0.9999928
2473.903416 -0.0454481 -0.0023761 -0.0045483 0.0404134 -0.0085305 0.0023199 0.9991440
2474.053085 -0.0472557 -0.0033181 -0.0050833 0.0512051 -0.0093644 0.0027358 0.9986405
2474.550607 -0.0532750 -0.0064755 -0.0074485 0.0871400 -0.0202101 0.0038746 0.9959835
2474.997107 -0.0554892 -0.0080670 -0.0091500 0.1154976 -0.0190851 0.0050263 0.9931117
2475.145394 -0.0564100 -0.0083552 -0.0093048 0.1237986 -0.0194081 0.0055267 0.9921021
2476.374393 -0.0687798 -0.0090876 -0.0119371 0.1291047 -0.0171520 0.0067525 0.9914596
2476.624369 -0.0709223 -0.0087908 -0.0112506 0.1300613 -0.0157051 0.0073899 0.9913540
2476.824350 -0.0734212 -0.0094838 -0.0121492 0.1353550 -0.0172899 0.0077599 0.9906160
2476.974335 -0.0757752 -0.0092372 -0.0114526 0.1375539 -0.0162574 0.0079161 0.9903293
2477.074326 -0.0758270 -0.0096454 -0.0115896 0.1387037 -0.0157894 0.0080134 0.9901757
2477.624272 -0.0779561 -0.0090093 -0.0138148 0.1370476 -0.0134863 0.0080531 0.9904400
2477.674268 -0.0782604 -0.0091737 -0.0140820 0.1336616 -0.0129370 0.0084462 0.9909066
2477.924243 -0.0800752 -0.0123223 -0.0160401 0.1156445 -0.0103692 0.0081000 0.9932035
2479.674074 -0.0933372 0.0035073 -0.0123703 -0.0349023 0.0078762 -0.0025751 0.9993564
2479.824059 -0.0905700 0.0055277 -0.0105705 -0.0475334 0.0084789 -0.0030753 0.9988289
2479.924050 -0.0925590 0.0050390 -0.0100693 -0.0592790 0.0105465 -0.0047025 0.9981747
2480.374006 -0.0911029 0.0085314 -0.0108955 -0.0889105 0.0130960 -0.0068644 0.9959299
2480.523992 -0.0934369 0.0096167 -0.0110692 -0.1004735 0.0164281 -0.0087258 0.9947658
2480.773967 -0.0940061 0.0104901 -0.0113959 -0.1101545 0.0169104 -0.0094580 0.9937256
2481.223924 -0.0934661 0.0095089 -0.0118396 -0.1132340 0.0177175 -0.0096849 0.9933631
