2444.927438 0.0000000 0.0000000 0.0000000 -0.0000000 -0.0000000 -0.0000000 1.0000000
2449.776969 -0.0153981 0.0014580 0.0017358 -0.0224810 -0.0247557 -0.0017422 0.9994392
2449.876959 -0.0169590 0.0015787 0.0015040 -0.0218310 -0.0260227 -0.0022993 0.9994203
2450.326915 -0.0220603 0.0008250 0.0017687 -0.0181438 -0.0368824 -0.0089981 0.9991144
2450.576891 -0.0261100 0.0007044 0.0019087 -0.0159702 -0.0444423 -0.0149999 0.9987717
2451.776775 -0.0459358 0.0008276 0.0011609 -0.0112613 -0.0743850 -0.0388495 0.9964089
2452.026751 -0.0489393 0.0007655 0.0005212 -0.0109440 -0.0820488 -0.0414287 0.9957067
2452.626693 -0.0575183 0.0015058 -0.0006539 -0.0030963 -0.0965685 -0.0476738 0.9941791
2452.726683 -0.0603993 0.0017676 -0.0018605 -0.0039384 -0.1022243 -0.0483336 0.9935787
2452.826673 -0.0657048 0.0033115 -0.0027709 -0.0037995 -0.1106843 -0.0510983 0.9925339
2453.876572 -0.0788665 0.0042401 -0.0041146 -0.0082867 -0.1351022 -0.0710965 0.9882429
2454.026557 -0.0801429 0.0046816 -0.0040183 -0.0089277 -0.1378737 -0.0744384 0.9876083
2455.426422 -0.0996381 0.0084652 -0.0074264 -0.0089323 -0.1726451 -0.1042825 0.9794075
2456.326335 -0.1104248 0.0115471 -0.0095942 -0.0130605 -0.1852165 -0.1215673 0.9750619
2456.726296 -0.1163867 0.0133782 -0.0115362 -0.0148127 -0.1903932 -0.1320760 0.9726700
2457.076262 -0.1240009 0.0158480 -0.0131862 -0.0175292 -0.2008014 -0.1412437 0.9692377
2457.826189 -0.1387833 0.0208102 -0.0205259 -0.0163764 -0.2270643 -0.1624791 0.9600907
2458.026170 -0.1420389 0.0206436 -0.0235022 -0.0164402 -0.2309883 -0.1656418 0.9586120
2458.126160 -0.1423985 0.0206106 -0.0243042 -0.0145257 -0.2328295 -0.1675103 0.9578725
2458.526122 -0.1531024 0.0234970 -0.0317041 0.0046630 -0.2525918 -0.1769768 0.9512386
2458.576117 -0.1555094 0.0246850 -0.0327145 0.0076656 -0.2555196 -0.1779106 0.9502625
2458.880493 -0.1624657 0.0256265 -0.0384103 0.0258199 -0.2711110 -0.1810606 0.9450129
2458.980345 -0.1652366 0.0262049 -0.0400989 0.0332610 -0.2764614 -0.1823515 0.9429797
2459.489521 -0.1724649 0.0264721 -0.0464860 0.0719737 -0.2995105 -0.1813292 0.9339342
2459.796524 -0.1786892 0.0282872 -0.0511073 0.0914521 -0.3146864 -0.1837832 0.9267323
2460.048337 -0.1827624 0.0286632 -0.0542278 0.1085567 -0.3247419 -0.1820980 0.9217367
2460.298471 -0.1865837 0.0312536 -0.0561057 0.1248034 -0.3332740 -0.1804841 0.9169396
2460.751923 -0.1909109 0.0309435 -0.0617732 0.1405813 -0.3446004 -0.1782536 0.9108859
2461.051855 -0.1964709 0.0339638 -0.0665009 0.1523267 -0.3549122 -0.1796193 0.9047490
2464.987724 -0.2348609 0.0574549 -0.1088667 0.2067163 -0.4198217 -0.1713420 0.8669833
2465.775420 -0.2382479 0.0645891 -0.1144174 0.1824298 -0.4176393 -0.1853950 0.8705892
2465.875410 -0.2383619 0.0649128 -0.1148822 0.1782636 -0.4154896 -0.1871447 0.8721051
2465.975400 -0.2385312 0.0652002 -0.1156995 0.1726156 -0.4127090 -0.1901212 0.8739160
2466.375362 -0.2423630 0.0725637 -0.1246304 0.1455607 -0.4116023 -0.2045321 0.8761063
2467.025299 -0.2418039 0.0742750 -0.1298459 0.1036340 -0.3985137 -0.2272050 0.8825105
2467.675236 -0.2492492 0.0848559 -0.1321589 0.0835920 -0.3869069 -0.2397374 0.8864770
2467.925211 -0.2503650 0.0859686 -0.1317810 0.0769840 -0.3824620 -0.2433591 0.8880161
2468.275178 -0.2528962 0.0906162 -0.1351484 0.0642386 -0.3879026 -0.2502670 0.8847437
2469.525057 -0.2585693 0.0990623 -0.1435162 0.0335850 -0.3811399 -0.2660748 0.8847647
2469.625047 -0.2600288 0.0996301 -0.1432672 0.0328735 -0.3806541 -0.2665085 0.8848701
2470.127132 -0.2632266 0.1037711 -0.1465205 0.0245238 -0.3765912 -0.2708625 0.8855570
2470.635558 -0.2653027 0.1056572 -0.1492694 0.0215916 -0.3729357 -0.2724544 0.8866912
2471.804883 -0.2723634 0.1131437 -0.1584043 0.0176931 -0.3697436 -0.2744018 0.8875136
2472.055886 -0.2733934 0.1150983 -0.1605966 0.0121855 -0.3662210 -0.2775220 0.8880964
2472.356351 -0.2754937 0.1175836 -0.1631697 0.0075456 -0.3633875 -0.2801153 0.8884976
2472.656085 -0.2773434 0.1192261 -0.1658284 0.0065458 -0.3659375 -0.2801569 0.8874452
2473.355662 -0.2816320 0.1204201 -0.1723644 0.0281780 -0.3821695 -0.2682900 0.8838399
2474.501066 -0.2879747 0.1194429 -0.1844419 0.0969508 -0.4191577 -0.2320457 0.8723888
2475.145394 -0.2901558 0.1182522 -0.1900598 0.1324416 -0.4270942 -0.2139971 0.8684785
2475.438708 -0.2914452 0.1199309 -0.1925488 0.1443863 -0.4334233 -0.2076724 0.8649676
2476.624369 -0.2965495 0.1248046 -0.2012684 0.1383159 -0.4254901 -0.2096946 0.8693993
2477.024331 -0.2991082 0.1275381 -0.2044074 0.1456437 -0.4278325 -0.2056855 0.8680097
2477.274306 -0.2994556 0.1277476 -0.2049243 0.1501313 -0.4282551 -0.2033119 0.8675958
2477.674268 -0.2998624 0.1289170 -0.2066796 0.1423175 -0.4238673 -0.2071514 0.8701555
2477.774258 -0.2992667 0.1299231 -0.2080558 0.1357318 -0.4205231 -0.2105062 0.8720232
2478.324205 -0.3018712 0.1322320 -0.2117347 0.1035551 -0.4096996 -0.2278485 0.8772159
2478.474190 -0.3026601 0.1349348 -0.2115658 0.0931722 -0.4055290 -0.2331915 0.8789124
2478.824156 -0.3032932 0.1382786 -0.2125523 0.0669056 -0.3889039 -0.2482519 0.8846742
2479.174122 -0.3049488 0.1429357 -0.2118259 0.0399476 -0.3758229 -0.2638069 0.8874499
2480.673977 -0.3016334 0.1522405 -0.2095298 -0.0579667 -0.3338072 -0.3146548 0.8866820
2480.823963 -0.3012860 0.1520097 -0.2089263 -0.0610999 -0.3325340 -0.3161043 0.8864344
2481.823866 -0.3004261 0.1510516 -0.2100006 -0.0606047 -0.3364777 -0.3146422 0.8855000
