2469.725037 0.0000000 0.0000000 0.0000000 -0.0000000 -0.0000000 -0.0000000 1.0000000
2471.097089 -0.0190368 -0.0001290 -0.0018986 -0.0098763 -0.0013348 -0.0005670 0.9999502
2471.197514 -0.0200846 -0.0011148 -0.0021728 -0.0089731 -0.0015776 -0.0003182 0.9999585
2471.654562 -0.0248717 0.0002437 -0.0025468 -0.0133569 0.0046582 -0.0008000 0.9998996
2472.005891 -0.0291462 0.0012363 -0.0027909 -0.0232096 0.0064337 -0.0012927 0.9997091
2472.256203 -0.0339040 0.0017692 -0.0026803 -0.0313562 0.0102855 -0.0020116 0.9994534
2472.605932 -0.0381554 0.0020628 -0.0032209 -0.0302502 0.0070613 -0.0022330 0.9995149
2473.255651 -0.0458191 0.0000436 -0.0045527 -0.0149085 -0.0025505 -0.0006392 0.9998854
2473.454862 -0.0485054 -0.0020007 -0.0053364 0.0064471 -0.0043929 0.0005717 0.9999694
2474.053085 -0.0530614 -0.0060422 -0.0079199 0.0504614 -0.0100114 0.0028393 0.9986718
2474.202182 -0.0557288 -0.0070841 -0.0086743 0.0637967 -0.0130680 0.0033377 0.9978718
2474.947112 -0.0635011 -0.0115008 -0.0122398 0.1138761 -0.0197952 0.0050317 0.9932850
2475.145394 -0.0639305 -0.0115750 -0.0125171 0.1231000 -0.0200219 0.0057593 0.9921756
2476.229050 -0.0782502 -0.0128745 -0.0158264 0.1311805 -0.0195059 0.0068375 0.9911430
2476.824350 -0.0849204 -0.0112295 -0.0166323 0.1353474 -0.0173404 0.0078809 0.9906151
2476.974335 -0.0849748 -0.0112565 -0.0167700 0.1374458 -0.0171979 0.0080647 0.9903272
2477.074326 -0.0861120 -0.0132935 -0.0163756 0.1380437 -0.0162920 0.0082934 0.9902574
2477.324302 -0.0877783 -0.0135305 -0.0172022 0.1419271 -0.0151692 0.0084099 0.9897252
2477.624272 -0.0906007 -0.0125938 -0.0170130 0.1364069 -0.0136508 0.0082745 0.9905243
2479.174122 -0.1053539 -0.0021075 -0.0116066 0.0083700 0.0068677 0.0003961 0.9999413
2479.524088 -0.1064597 0.0018614 -0.0139352 -0.0237574 0.0069571 -0.0015031 0.9996924
2479.724069 -0.1076096 0.0025383 -0.0149485 -0.0386041 0.0081315 -0.0032346 0.9992163
2480.124030 -0.1074087 0.0075264 -0.0145989 -0.0717134 0.0106557 -0.0055816 0.9973527
2480.324011 -0.1072289 0.0074940 -0.0135932 -0.0880598 0.0136189 -0.0076826 0.9959925
2480.424001 -0.1074824 0.0073932 -0.0138021 -0.0945693 0.0148208 -0.0087110 0.9953699
2480.773967 -0.1073508 0.0091114 -0.0137040 -0.1112734 0.0162265 -0.0105865 0.9936010
2481.623885 -0.1080867 0.0101516 -0.0124847 -0.1113750 0.0153707 -0.0105329 0.9936038
