2469.725037 0.0000000 0.0000000 0.0000000 -0.0000000 -0.0000000 -0.0000000 1.0000000
2471.654562 -0.0207332 0.0009160 -0.0020065 -0.0130575 0.0043699 -0.0007303 0.9999050
2471.754572 -0.0218746 0.0008720 -0.0024593 -0.0155490 0.0046753 -0.0007933 0.9998679
2471.854879 -0.0228424 0.0014266 -0.0022641 -0.0201370 0.0062288 -0.0012115 0.9997771
2472.155896 -0.0265925 0.0026381 -0.0017035 -0.0288138 0.0110014 -0.0018180 0.9995226
2472.306356 -0.0292124 0.0019716 -0.0021787 -0.0300376 0.0092095 -0.0021183 0.9995041
2472.805794 -0.0341636 0.0018824 -0.0032140 -0.0314539 0.0043509 -0.0022015 0.9994933
2473.454862 -0.0406851 -0.0008318 -0.0042609 0.0068265 -0.0047539 0.0007015 0.9999652
2473.603958 -0.0423010 -0.0017091 -0.0048400 0.0195928 -0.0077041 0.0012282 0.9997776
2473.852650 -0.0434333 -0.0029153 -0.0054796 0.0374156 -0.0089115 0.0022161 0.9992576
2474.003090 -0.0450179 -0.0038309 -0.0062004 0.0491965 -0.0104539 0.0026748 0.9987308
2474.252177 -0.0479943 -0.0056698 -0.0073055 0.0663013 -0.0150300 0.0033441 0.9976808
2475.095616 -0.0535095 -0.0090438 -0.0102814 0.1186456 -0.0195175 0.0053667 0.9927303
2476.374393 -0.0660231 -0.0094827 -0.0129081 0.1289777 -0.0181661 0.0068808 0.9914572
2476.674364 -0.0688520 -0.0095519 -0.0132295 0.1322013 -0.0174565 0.0076738 0.9910395
2476.824350 -0.0703720 -0.0103095 -0.0142145 0.1350372 -0.0182730 0.0080212 0.9906396
2476.924340 -0.0720063 -0.0108984 -0.0145079 0.1367310 -0.0174051 0.0080613 0.9904225
2477.174316 -0.0726069 -0.0106244 -0.0149987 0.1407965 -0.0170654 0.0084861 0.9898551
2477.624272 -0.0765673 -0.0099848 -0.0145649 0.1367976 -0.0140312 0.0082062 0.9904657
2477.724263 -0.0779194 -0.0114054 -0.0143228 0.1291948 -0.0126595 0.0076924 0.9915086
2477.924243 -0.0796948 -0.0082345 -0.0139609 0.1171874 -0.0106099 0.0077944 0.9930226
2478.074229 -0.0830071 -0.0087184 -0.0143060 0.1070481 -0.0101706 0.0073743 0.9941745
2480.024040 -0.0942416 0.0027783 -0.0106574 -0.0673858 0.0118857 -0.0057798 0.9976395
2480.124030 -0.0945318 0.0039855 -0.0115636 -0.0729781 0.0118917 -0.0060214 0.9972445
2480.274016 -0.0923817 0.0100843 -0.0112667 -0.0813569 0.0125101 -0.0075996 0.9965776
2480.324011 -0.0915425 0.0086557 -0.0105128 -0.0868800 0.0132975 -0.0072295 0.9961038
2480.473997 -0.0916812 0.0096407 -0.0110409 -0.0955038 0.0148228 -0.0083721 0.9952835
2480.773967 -0.0930869 0.0094217 -0.0114311 -0.1103713 0.0166238 -0.0097664 0.9937034
2480.923953 -0.0915952 0.0092566 -0.0110043 -0.1122430 0.0163730 -0.0098414 0.9934972
