2469.725037 0.0000000 0.0000000 0.0000000 -0.0000000 -0.0000000 -0.0000000 1.0000000
2471.654562 -0.0199419 0.0017281 -0.0016334 -0.0126590 0.0042370 -0.0005476 0.9999108
2471.754572 -0.0209841 0.0014178 -0.0021466 -0.0152901 0.0044282 -0.0007380 0.9998730
2471.854879 -0.0219946 0.0024054 -0.0018011 -0.0196704 0.0060689 -0.0010572 0.9997876
2472.106039 -0.0252083 0.0027502 -0.0014070 -0.0265428 0.0092169 -0.0014170 0.9996042
2472.155896 -0.0256826 0.0030296 -0.0013906 -0.0286246 0.0107485 -0.0017611 0.9995309
2472.306356 -0.0282162 0.0023065 -0.0016395 -0.0299283 0.0090339 -0.0020743 0.9995091
2473.405519 -0.0391035 -0.0001277 -0.0039575 0.0018189 -0.0046175 0.0003870 0.9999876
2473.553627 -0.0404151 -0.0018368 -0.0047741 0.0172114 -0.0076586 0.0011070 0.9998219
2473.653795 -0.0404546 -0.0013672 -0.0048752 0.0251981 -0.0088263 0.0016549 0.9996421
2473.953411 -0.0426441 -0.0033946 -0.0060277 0.0439575 -0.0099105 0.0027941 0.9989803
2474.202182 -0.0455894 -0.0045873 -0.0068952 0.0644748 -0.0136873 0.0036643 0.9978188
2474.252177 -0.0457356 -0.0051964 -0.0075015 0.0665089 -0.0156993 0.0036693 0.9976556
2476.229050 -0.0638925 -0.0095588 -0.0128812 0.1317515 -0.0204199 0.0071539 0.9910466
2476.424389 -0.0641843 -0.0084577 -0.0130381 0.1279545 -0.0180961 0.0073945 0.9915874
2477.024331 -0.0712801 -0.0084422 -0.0126489 0.1387288 -0.0176800 0.0081347 0.9901392
2477.174316 -0.0716837 -0.0087327 -0.0132395 0.1415763 -0.0172616 0.0083538 0.9897416
2477.424292 -0.0722187 -0.0087600 -0.0136294 0.1441186 -0.0153671 0.0086771 0.9894031
2477.624272 -0.0723934 -0.0083325 -0.0134081 0.1374796 -0.0152068 0.0086561 0.9903501
2477.924243 -0.0762300 -0.0110145 -0.0183854 0.1164028 -0.0114695 0.0080241 0.9931034
2479.774064 -0.0912928 0.0014829 -0.0161665 -0.0448245 0.0085594 -0.0045450 0.9989479
2479.824059 -0.0915197 0.0016433 -0.0171982 -0.0490358 0.0088112 -0.0041387 0.9987496
2480.024040 -0.0909051 0.0017232 -0.0152852 -0.0673797 0.0104933 -0.0062090 0.9976529
2480.473997 -0.0912793 0.0020710 -0.0164436 -0.0990970 0.0148653 -0.0091286 0.9949249
2481.023943 -0.0910388 0.0021752 -0.0170500 -0.1140265 0.0165799 -0.0111429 0.9932769
2481.623885 -0.0917729 0.0020280 -0.0175573 -0.1145059 0.0148960 -0.0108269 0.9932519
