2461.452330 0.0000000 0.0000000 0.0000000 -0.0000000 -0.0000000 -0.0000000 1.0000000
2462.351887 -0.0061490 -0.0009888 0.0005574 0.0362623 -0.0168098 -0.0033637 0.9991953
2462.401704 -0.0063735 -0.0009369 0.0007100 0.0395701 -0.0177099 -0.0028639 0.9990557
2463.751119 -0.0133694 -0.0008651 -0.0001974 0.0423920 -0.0338776 -0.0032272 0.9985213
2464.147209 -0.0149302 -0.0009465 -0.0007266 0.0448562 -0.0363463 -0.0029597 0.9983277
2465.232505 -0.0234589 -0.0016739 -0.0028489 0.0542452 -0.0545110 -0.0033980 0.9970328
2465.925405 -0.0267389 -0.0003665 -0.0033869 0.0238556 -0.0502378 -0.0072446 0.9984261
2466.075391 -0.0286416 0.0002111 -0.0037105 0.0146292 -0.0496684 -0.0086334 0.9986213
2467.925211 -0.0383877 0.0039622 -0.0055009 -0.0927060 -0.0428748 -0.0221928 0.9945225
2468.025202 -0.0392538 0.0040749 -0.0056576 -0.0965004 -0.0474900 -0.0229775 0.9939338
2468.325173 -0.0411921 0.0049295 -0.0059229 -0.1088549 -0.0516011 -0.0244091 0.9924173
2468.725134 -0.0428765 0.0053450 -0.0062194 -0.1187496 -0.0508776 -0.0259681 0.9912798
2469.475061 -0.0454899 0.0061069 -0.0068597 -0.1378921 -0.0550172 -0.0273638 0.9885394
2469.675042 -0.0464633 0.0059513 -0.0064761 -0.1422182 -0.0538575 -0.0278062 0.9879779
2470.179004 -0.0490459 0.0063680 -0.0071642 -0.1508663 -0.0532382 -0.0289556 0.9866948
2470.787973 -0.0514343 0.0066203 -0.0076275 -0.1547375 -0.0510835 -0.0296203 0.9861894
2471.247509 -0.0539197 0.0065819 -0.0080481 -0.1507328 -0.0547167 -0.0287362 0.9866408
2472.055886 -0.0577736 0.0072374 -0.0087767 -0.1668525 -0.0451616 -0.0321471 0.9844223
2472.155896 -0.0579333 0.0075446 -0.0088238 -0.1710204 -0.0416594 -0.0329664 0.9838342
2473.255651 -0.0632534 0.0069377 -0.0099622 -0.1572904 -0.0553170 -0.0290957 0.9855725
2473.454862 -0.0640388 0.0060211 -0.0100196 -0.1365810 -0.0578427 -0.0263395 0.9885879
2473.653795 -0.0644794 0.0054807 -0.0102253 -0.1189021 -0.0619470 -0.0237545 0.9906870
2475.145394 -0.0701361 0.0017745 -0.0124114 -0.0213324 -0.0748202 -0.0127013 0.9968880
2476.724360 -0.0763428 0.0013838 -0.0141897 -0.0120491 -0.0724426 -0.0104393 0.9972452
2476.924340 -0.0776461 0.0010813 -0.0147575 -0.0076692 -0.0721691 -0.0103555 0.9973092
2477.324302 -0.0779914 0.0013742 -0.0147577 -0.0019167 -0.0708784 -0.0095853 0.9974371
2477.574277 -0.0785097 0.0016343 -0.0151299 -0.0055838 -0.0692364 -0.0100663 0.9975339
2477.674268 -0.0788134 0.0013722 -0.0149726 -0.0108883 -0.0686573 -0.0105836 0.9975247
2477.774258 -0.0791774 0.0015548 -0.0155598 -0.0189028 -0.0668127 -0.0116730 0.9975182
2478.324205 -0.0814120 0.0026915 -0.0154669 -0.0562521 -0.0636808 -0.0161405 0.9962530
2479.524088 -0.0844238 0.0070869 -0.0159339 -0.1660505 -0.0463334 -0.0322120 0.9845013
2479.824059 -0.0845022 0.0077307 -0.0164256 -0.1902621 -0.0437273 -0.0351706 0.9801282
2480.124030 -0.0846994 0.0082386 -0.0163850 -0.2139636 -0.0417188 -0.0393443 0.9751570
2480.523992 -0.0843190 0.0097670 -0.0164121 -0.2410870 -0.0362683 -0.0443643 0.9688103
2480.673977 -0.0841082 0.0098715 -0.0164085 -0.2489202 -0.0362977 -0.0453041 0.9667827
2480.773967 -0.0842728 0.0097579 -0.0166835 -0.2508833 -0.0358857 -0.0456719 0.9662732
2481.923856 -0.0836964 0.0096023 -0.0168277 -0.2491682 -0.0398974 -0.0436996 0.9666508
