2461.502147 0.0000000 0.0000000 0.0000000 -0.0000000 -0.0000000 -0.0000000 1.0000000
2462.552065 -0.0058940 0.0006343 0.0020287 0.0412766 -0.0170229 -0.0017140 0.9990013
2462.601883 -0.0058233 0.0006221 0.0020263 0.0408694 -0.0176716 -0.0016098 0.9990069
2464.147209 -0.0137426 -0.0000836 0.0001384 0.0440390 -0.0337699 -0.0020899 0.9984567
2464.889946 -0.0196899 -0.0004788 -0.0010894 0.0537342 -0.0449737 -0.0012044 0.9975413
2465.875410 -0.0255904 0.0004789 -0.0023338 0.0260135 -0.0480873 -0.0055895 0.9984887
2466.625337 -0.0297815 0.0025947 -0.0026931 -0.0370296 -0.0476068 -0.0122619 0.9981043
2469.825028 -0.0449092 0.0071544 -0.0052177 -0.1449495 -0.0491074 -0.0268811 0.9878540
2471.197514 -0.0515069 0.0075166 -0.0064730 -0.1517674 -0.0524022 -0.0268525 0.9866608
2471.298255 -0.0517539 0.0072751 -0.0064918 -0.1502652 -0.0522274 -0.0266428 0.9869057
2471.955580 -0.0543906 0.0078262 -0.0070844 -0.1659552 -0.0443981 -0.0296717 0.9846864
2472.155896 -0.0558720 0.0079666 -0.0073183 -0.1720862 -0.0389274 -0.0315956 0.9838052
2472.605932 -0.0577345 0.0080953 -0.0077339 -0.1731810 -0.0435747 -0.0309357 0.9834391
2472.905942 -0.0588327 0.0079383 -0.0080038 -0.1739127 -0.0470436 -0.0301938 0.9831733
2473.355662 -0.0609229 0.0071165 -0.0083331 -0.1461482 -0.0545745 -0.0258380 0.9874182
2473.903416 -0.0627016 0.0056589 -0.0088104 -0.1045830 -0.0602331 -0.0206267 0.9924762
2474.053085 -0.0634183 0.0052028 -0.0090003 -0.0939084 -0.0612948 -0.0194100 0.9935026
2474.252177 -0.0641462 0.0045002 -0.0093644 -0.0787299 -0.0668213 -0.0170849 0.9945073
2476.524379 -0.0727615 0.0024210 -0.0121603 -0.0194768 -0.0673757 -0.0105421 0.9974819
2476.824350 -0.0751736 0.0021268 -0.0125568 -0.0102108 -0.0693371 -0.0094761 0.9974960
2477.024331 -0.0753154 0.0022699 -0.0125521 -0.0071794 -0.0689937 -0.0089355 0.9975513
2477.424292 -0.0756302 0.0022669 -0.0126431 -0.0016089 -0.0666973 -0.0082286 0.9977381
2477.624272 -0.0761163 0.0025498 -0.0131807 -0.0081013 -0.0660369 -0.0088044 0.9977455
2477.824253 -0.0761857 0.0025405 -0.0132746 -0.0231520 -0.0636767 -0.0101886 0.9976500
2478.674171 -0.0805770 0.0047619 -0.0134358 -0.0896986 -0.0536490 -0.0190045 0.9943414
2478.824156 -0.0811514 0.0051311 -0.0131425 -0.1026191 -0.0487481 -0.0212133 0.9932991
2480.124030 -0.0814703 0.0094020 -0.0145659 -0.2141148 -0.0393455 -0.0360567 0.9753495
2480.224021 -0.0821796 0.0101536 -0.0140753 -0.2225069 -0.0372056 -0.0389156 0.9734434
2480.374006 -0.0820407 0.0102194 -0.0140869 -0.2305522 -0.0356464 -0.0399728 0.9715849
2480.673977 -0.0814724 0.0108158 -0.0146956 -0.2491737 -0.0333973 -0.0431524 0.9669204
2480.773967 -0.0812930 0.0108824 -0.0144734 -0.2512703 -0.0333736 -0.0437022 0.9663538
