2469.725037 0.0000000 0.0000000 0.0000000 -0.0000000 -0.0000000 -0.0000000 1.0000000
2471.654562 -0.0209923 0.0017268 -0.0010296 -0.0127704 0.0044613 -0.0006062 0.9999083
2471.754572 -0.0221611 0.0017124 -0.0015098 -0.0152650 0.0047520 -0.0007924 0.9998719
2471.854879 -0.0231510 0.0023880 -0.0010685 -0.0198176 0.0062700 -0.0010892 0.9997833
2472.206050 -0.0283625 0.0032520 -0.0009383 -0.0291474 0.0105306 -0.0018945 0.9995179
2472.256203 -0.0292862 0.0037707 -0.0008123 -0.0304005 0.0103427 -0.0020607 0.9994822
2472.805794 -0.0344362 0.0031979 -0.0018589 -0.0309269 0.0043733 -0.0020182 0.9995100
2473.305508 -0.0399331 0.0016793 -0.0026075 -0.0087528 -0.0029263 -0.0002381 0.9999574
2473.405519 -0.0414069 0.0006378 -0.0027244 0.0020671 -0.0039394 0.0002864 0.9999901
2474.053085 -0.0459072 -0.0031302 -0.0046995 0.0512938 -0.0098857 0.0029572 0.9986303
2474.102764 -0.0467587 -0.0034669 -0.0052058 0.0572649 -0.0109049 0.0032428 0.9982942
2474.202182 -0.0477738 -0.0040382 -0.0052792 0.0646131 -0.0131300 0.0034358 0.9978181
2475.687479 -0.0600076 -0.0098134 -0.0105560 0.1475532 -0.0222967 0.0066896 0.9887801
2476.129395 -0.0663249 -0.0088295 -0.0113938 0.1353461 -0.0212170 0.0065363 0.9905497
2476.624369 -0.0694071 -0.0088307 -0.0113477 0.1299988 -0.0162602 0.0074853 0.9913526
2476.674364 -0.0692102 -0.0087221 -0.0113714 0.1325011 -0.0172800 0.0076465 0.9910027
2476.824350 -0.0719901 -0.0093447 -0.0123215 0.1353746 -0.0177378 0.0078570 0.9906045
2476.924340 -0.0754237 -0.0092124 -0.0122955 0.1373643 -0.0162252 0.0072630 0.9903611
2477.024331 -0.0754797 -0.0091051 -0.0125212 0.1384352 -0.0163374 0.0077145 0.9902067
2477.324302 -0.0751645 -0.0093273 -0.0122651 0.1428440 -0.0153726 0.0081205 0.9895926
2477.624272 -0.0755675 -0.0089320 -0.0127153 0.1372718 -0.0143679 0.0083650 0.9903939
2477.724263 -0.0753465 -0.0090573 -0.0125989 0.1302769 -0.0135488 0.0082617 0.9913507
2479.274113 -0.0924573 0.0017812 -0.0091126 -0.0008261 0.0088808 -0.0008909 0.9999598
2479.524088 -0.0923696 0.0028368 -0.0128860 -0.0230333 0.0073207 -0.0020551 0.9997058
2480.124030 -0.0910448 0.0084321 -0.0106077 -0.0707517 0.0102398 -0.0056701 0.9974253
2480.324011 -0.0913511 0.0092022 -0.0091008 -0.0866118 0.0130593 -0.0079834 0.9961246
2480.773967 -0.0937431 0.0113598 -0.0102863 -0.1094649 0.0170620 -0.0099448 0.9937945
2481.123934 -0.0927040 0.0114445 -0.0088704 -0.1100091 0.0175170 -0.0103021 0.9937229
