2444.927438 0.0000000 0.0000000 0.0000000 -0.0000000 -0.0000000 -0.0000000 1.0000000
2449.776969 -0.0149419 0.0015704 0.0018180 -0.0224276 -0.0246837 -0.0018571 0.9994420
2449.876959 -0.0162577 0.0014980 0.0017492 -0.0218960 -0.0260542 -0.0023164 0.9994180
2450.576891 -0.0249909 0.0009672 0.0022247 -0.0158705 -0.0444643 -0.0152142 0.9987690
2451.376814 -0.0368187 0.0010343 0.0018495 -0.0110954 -0.0639671 -0.0329878 0.9973450
2451.626790 -0.0411833 0.0011763 0.0020802 -0.0117063 -0.0712009 -0.0368287 0.9967132
2451.776775 -0.0437329 0.0011324 0.0013855 -0.0110924 -0.0745167 -0.0391080 0.9963909
2452.476707 -0.0512052 0.0013298 0.0002574 -0.0047552 -0.0920372 -0.0456056 0.9946993
2452.726683 -0.0576991 0.0018884 -0.0012236 -0.0039139 -0.1022597 -0.0485828 0.9935630
2452.826673 -0.0619329 0.0021720 -0.0033398 -0.0042755 -0.1111139 -0.0511222 0.9924827
2453.876572 -0.0744233 0.0041634 -0.0036814 -0.0082722 -0.1355730 -0.0709729 0.9881874
2454.726489 -0.0821597 0.0061172 -0.0042513 -0.0094244 -0.1536096 -0.0856492 0.9843675
2456.176349 -0.1033420 0.0108140 -0.0088994 -0.0120073 -0.1845386 -0.1187496 0.9755511
2456.726296 -0.1103832 0.0125768 -0.0110441 -0.0149849 -0.1909013 -0.1321143 0.9725626
2457.076262 -0.1172489 0.0148160 -0.0126458 -0.0177696 -0.2014103 -0.1411695 0.9691178
2457.826189 -0.1318204 0.0192179 -0.0204316 -0.0166991 -0.2274490 -0.1626038 0.9599730
2457.876184 -0.1319766 0.0190815 -0.0214514 -0.0169541 -0.2287298 -0.1643191 0.9593719
2458.076165 -0.1355185 0.0197525 -0.0221240 -0.0162623 -0.2320291 -0.1665714 0.9582025
2458.126160 -0.1354496 0.0193629 -0.0226445 -0.0147219 -0.2333459 -0.1679327 0.9576699
2458.476126 -0.1447530 0.0228120 -0.0280379 0.0037966 -0.2502646 -0.1767781 0.9518943
2458.880493 -0.1543157 0.0241319 -0.0361020 0.0258910 -0.2718816 -0.1815925 0.9446874
2459.187575 -0.1601830 0.0255043 -0.0403651 0.0500519 -0.2878216 -0.1831834 0.9386679
2459.489521 -0.1637647 0.0255752 -0.0443584 0.0721022 -0.3000734 -0.1814399 0.9337221
2459.746055 -0.1690496 0.0272378 -0.0472131 0.0886291 -0.3133391 -0.1828311 0.9276509
2460.398896 -0.1787578 0.0293949 -0.0556539 0.1267966 -0.3350995 -0.1806919 0.9159593
2460.852763 -0.1835934 0.0308963 -0.0610599 0.1449328 -0.3499016 -0.1790553 0.9080213
2461.602137 -0.1969672 0.0375260 -0.0719093 0.1677511 -0.3718538 -0.1845687 0.8941581
2462.002059 -0.1975292 0.0370421 -0.0721700 0.1842070 -0.3813775 -0.1791900 0.8879808
2462.451700 -0.2029851 0.0391868 -0.0778083 0.1956818 -0.3901070 -0.1736190 0.8828259
2464.889946 -0.2217691 0.0546637 -0.1006975 0.2022095 -0.4184954 -0.1723102 0.8684942
2464.938993 -0.2216404 0.0545871 -0.1008252 0.2029020 -0.4192008 -0.1718383 0.8680859
2465.875410 -0.2273357 0.0619835 -0.1108835 0.1782024 -0.4160191 -0.1874473 0.8718002
2465.975400 -0.2265033 0.0627800 -0.1113283 0.1727143 -0.4135931 -0.1905728 0.8733799
2466.075391 -0.2258895 0.0640944 -0.1125080 0.1676860 -0.4135429 -0.1923958 0.8739837
2466.275371 -0.2288669 0.0672216 -0.1172247 0.1529898 -0.4163290 -0.1996134 0.8737384
2467.825221 -0.2396358 0.0836188 -0.1249471 0.0810374 -0.3833373 -0.2423200 0.8875621
2467.925211 -0.2391450 0.0833760 -0.1251360 0.0774272 -0.3832619 -0.2435356 0.8875842
2468.275178 -0.2422151 0.0877863 -0.1278822 0.0645389 -0.3887136 -0.2503635 0.8843385
2469.175091 -0.2453268 0.0937046 -0.1321676 0.0427994 -0.3833739 -0.2616353 0.8847257
2469.625047 -0.2479074 0.0958721 -0.1355743 0.0329092 -0.3818277 -0.2663910 0.8843984
2470.127132 -0.2502558 0.0991074 -0.1397044 0.0243653 -0.3777568 -0.2710741 0.8850000
2470.381829 -0.2513911 0.1002266 -0.1411630 0.0221205 -0.3763563 -0.2721541 0.8853241
2470.995143 -0.2550594 0.1033996 -0.1464398 0.0213552 -0.3790064 -0.2720535 0.8842427
2471.754572 -0.2585649 0.1072297 -0.1516918 0.0188452 -0.3720950 -0.2740339 0.8866203
2472.656085 -0.2637236 0.1137649 -0.1586730 0.0064612 -0.3670605 -0.2805409 0.8868606
2473.205498 -0.2667497 0.1152555 -0.1635669 0.0132303 -0.3767425 -0.2760261 0.8841378
2473.802477 -0.2698360 0.1140598 -0.1688193 0.0567851 -0.3965967 -0.2534726 0.8804761
2474.451427 -0.2739372 0.1137678 -0.1767309 0.0945689 -0.4196599 -0.2333084 0.8720719
2475.145394 -0.2755836 0.1130181 -0.1816482 0.1321107 -0.4284816 -0.2137633 0.8679030
2476.724360 -0.2833266 0.1200253 -0.1951313 0.1403800 -0.4278302 -0.2086136 0.8681792
2476.924340 -0.2837679 0.1208225 -0.1963745 0.1442227 -0.4288796 -0.2063680 0.8675681
2477.074326 -0.2839526 0.1208575 -0.1965658 0.1456239 -0.4287817 -0.2054367 0.8676035
2477.574277 -0.2838476 0.1215398 -0.1975523 0.1461293 -0.4269767 -0.2048082 0.8685567
2477.824253 -0.2838598 0.1236890 -0.1994610 0.1325270 -0.4211281 -0.2119699 0.8718696
2478.024234 -0.2851540 0.1255136 -0.2008517 0.1219522 -0.4177157 -0.2178640 0.8735998
2478.274210 -0.2876396 0.1286624 -0.2011755 0.1077428 -0.4119038 -0.2261261 0.8761243
2478.474190 -0.2885787 0.1296344 -0.2013125 0.0934357 -0.4067805 -0.2331637 0.8783132
2479.174122 -0.2908998 0.1364024 -0.2016067 0.0396778 -0.3771144 -0.2634691 0.8870144
2479.924050 -0.2883680 0.1417004 -0.2017491 -0.0176486 -0.3552145 -0.2935961 0.8873063
2480.224021 -0.2882777 0.1451437 -0.1996322 -0.0348051 -0.3472653 -0.3029704 0.8867945
2480.673977 -0.2870630 0.1460935 -0.1990225 -0.0576108 -0.3355488 -0.3150530 0.8859062
2481.823866 -0.2885863 0.1457113 -0.1999599 -0.0602117 -0.3369660 -0.3156038 0.8849987
