2469.725037 0.0000000 0.0000000 0.0000000 -0.0000000 -0.0000000 -0.0000000 1.0000000
2471.097089 -0.0213157 0.0018271 -0.0016543 -0.0091692 -0.0012853 -0.0004924 0.9999570
2471.197514 -0.0223652 0.0016885 -0.0016204 -0.0079099 -0.0015517 -0.0004117 0.9999675
2472.155896 -0.0348737 0.0033916 -0.0019862 -0.0288269 0.0110743 -0.0018269 0.9995214
2472.256203 -0.0384128 0.0040484 -0.0020852 -0.0306369 0.0105404 -0.0021584 0.9994727
2472.356351 -0.0392460 0.0034487 -0.0025891 -0.0301888 0.0090316 -0.0022038 0.9995010
2472.555779 -0.0416093 0.0034545 -0.0026283 -0.0309135 0.0077379 -0.0022321 0.9994896
2472.855789 -0.0451014 0.0035745 -0.0029643 -0.0300953 0.0037286 -0.0019994 0.9995381
2473.255651 -0.0511088 0.0014139 -0.0043612 -0.0144416 -0.0024236 -0.0005319 0.9998927
2473.355662 -0.0526455 0.0003641 -0.0045886 -0.0020817 -0.0036172 -0.0001048 0.9999913
2473.454862 -0.0532187 -0.0006538 -0.0050625 0.0069625 -0.0046894 0.0007012 0.9999645
2473.903416 -0.0573981 -0.0043275 -0.0071952 0.0400389 -0.0088883 0.0024700 0.9991556
2474.053085 -0.0594734 -0.0054705 -0.0076743 0.0508436 -0.0098771 0.0029893 0.9986534
2476.029050 -0.0849414 -0.0124519 -0.0159047 0.1399245 -0.0224678 0.0066728 0.9898847
2476.524379 -0.0886480 -0.0119315 -0.0163966 0.1259751 -0.0151419 0.0072251 0.9918916
2476.624369 -0.0911815 -0.0122308 -0.0158196 0.1297900 -0.0158071 0.0074677 0.9913874
2476.824350 -0.0941695 -0.0133266 -0.0168251 0.1350050 -0.0174375 0.0079269 0.9906598
2476.974335 -0.0985501 -0.0120842 -0.0161961 0.1375293 -0.0161006 0.0076379 0.9903374
2477.374297 -0.0996167 -0.0122464 -0.0169310 0.1438460 -0.0144153 0.0084355 0.9894592
2477.574277 -0.1002512 -0.0118655 -0.0174894 0.1390031 -0.0133038 0.0085864 0.9901654
2477.624272 -0.1009506 -0.0118049 -0.0180274 0.1371853 -0.0134564 0.0080396 0.9904214
2479.724069 -0.1263234 -0.0181013 -0.0437210 -0.0449161 0.0096981 -0.0037568 0.9989367
2479.824059 -0.1246626 -0.0189282 -0.0405097 -0.0561873 0.0107681 -0.0016793 0.9983608
2480.473997 -0.1271647 -0.0185539 -0.0430236 -0.1067348 0.0174044 -0.0056966 0.9941189
2480.723972 -0.1250395 -0.0173510 -0.0433594 -0.1202267 0.0170275 -0.0090418 0.9925593
2481.423905 -0.1277842 -0.0179866 -0.0454674 -0.1237669 0.0193744 -0.0094309 0.9920774
