2461.502147 0.0000000 0.0000000 0.0000000 -0.0000000 -0.0000000 -0.0000000 1.0000000
2462.751513 -0.0089569 -0.0009703 0.0005377 0.0385029 -0.0185198 -0.0027862 0.9990830
2462.851503 -0.0089859 -0.0009689 0.0004826 0.0376130 -0.0208694 -0.0026932 0.9990708
2462.951493 -0.0090162 -0.0010010 0.0005151 0.0371220 -0.0225678 -0.0025840 0.9990525
2463.801115 -0.0092036 -0.0007859 -0.0000664 0.0419659 -0.0344672 0.0001082 0.9985244
2464.642301 -0.0178736 -0.0009447 -0.0012733 0.0476488 -0.0417325 -0.0004359 0.9979919
2465.875410 -0.0262609 -0.0006580 -0.0032354 0.0252532 -0.0486220 -0.0057986 0.9984812
2465.925405 -0.0262184 -0.0005328 -0.0034786 0.0223423 -0.0479238 -0.0059297 0.9985835
2466.025395 -0.0262143 -0.0005793 -0.0034166 0.0148471 -0.0472943 -0.0062942 0.9987509
2466.125386 -0.0263119 -0.0004913 -0.0037005 0.0094154 -0.0508522 -0.0061930 0.9986426
2466.375362 -0.0270527 0.0002852 -0.0052833 -0.0113269 -0.0543025 -0.0079363 0.9984288
2469.675042 -0.0447422 0.0059948 -0.0064026 -0.1434373 -0.0530273 -0.0261207 0.9878925
2471.400873 -0.0553549 0.0067543 -0.0083946 -0.1518753 -0.0506520 -0.0290705 0.9866728
2471.502878 -0.0529855 0.0062247 -0.0081852 -0.1539810 -0.0504299 -0.0274476 0.9864042
2471.754572 -0.0538638 0.0066031 -0.0083337 -0.1598295 -0.0479911 -0.0285396 0.9855643
2472.306356 -0.0570192 0.0070256 -0.0088356 -0.1739437 -0.0432872 -0.0312569 0.9833071
2472.505783 -0.0553862 0.0064079 -0.0089438 -0.1754453 -0.0471552 -0.0293033 0.9829225
2472.605932 -0.0553931 0.0063829 -0.0089899 -0.1748707 -0.0483499 -0.0290057 0.9829757
2473.255651 -0.0614980 0.0066125 -0.0098393 -0.1589385 -0.0547187 -0.0274683 0.9853882
2474.102764 -0.0643877 0.0037888 -0.0108912 -0.0889285 -0.0646450 -0.0186147 0.9937637
2474.352365 -0.0661846 0.0031720 -0.0113495 -0.0721549 -0.0724288 -0.0164514 0.9946241
2476.524379 -0.0734540 0.0010385 -0.0144510 -0.0202491 -0.0698642 -0.0100692 0.9973001
2476.824350 -0.0757637 0.0007137 -0.0147268 -0.0110150 -0.0718536 -0.0090661 0.9973131
2476.924340 -0.0757849 0.0005872 -0.0147048 -0.0092130 -0.0716535 -0.0086885 0.9973492
2477.224311 -0.0763410 0.0006654 -0.0149023 -0.0038607 -0.0711889 -0.0081627 0.9974220
2477.524282 -0.0765672 0.0006132 -0.0151528 -0.0060255 -0.0683676 -0.0081454 0.9976088
2477.624272 -0.0765853 0.0007099 -0.0152745 -0.0092149 -0.0687594 -0.0083941 0.9975554
2477.824253 -0.0767566 0.0011294 -0.0159713 -0.0240050 -0.0662443 -0.0098323 0.9974661
2478.474190 -0.0794881 0.0028201 -0.0155568 -0.0703249 -0.0619521 -0.0146833 0.9954903
2478.824156 -0.0813735 0.0035581 -0.0157252 -0.1037982 -0.0516864 -0.0208572 0.9930355
2479.524088 -0.0823847 0.0069940 -0.0160531 -0.1675481 -0.0461896 -0.0298379 0.9843292
2479.924050 -0.0827531 0.0068734 -0.0162640 -0.2038895 -0.0423549 -0.0354519 0.9774346
2480.074035 -0.0826659 0.0068391 -0.0164659 -0.2132414 -0.0419663 -0.0366733 0.9754086
2480.224021 -0.0828250 0.0069806 -0.0165940 -0.2251500 -0.0401341 -0.0388378 0.9727222
2480.773967 -0.0831286 0.0092031 -0.0173252 -0.2525136 -0.0352056 -0.0440910 0.9659470
