2469.725037 0.0000000 0.0000000 0.0000000 -0.0000000 -0.0000000 -0.0000000 1.0000000
2471.097089 -0.0185039 0.0059660 0.0007618 -0.0075798 -0.0021626 -0.0001328 0.9999689
2471.197514 -0.0191911 0.0060176 0.0007885 -0.0062366 -0.0025977 0.0001079 0.9999772
2471.854879 -0.0273497 0.0073514 0.0007814 -0.0180850 0.0056586 -0.0007829 0.9998201
2472.256203 -0.0329031 0.0092421 0.0018691 -0.0287340 0.0088190 -0.0013783 0.9995472
2472.356351 -0.0343750 0.0092565 0.0018420 -0.0280383 0.0075676 -0.0015464 0.9995770
2472.555779 -0.0367378 0.0091491 0.0017315 -0.0288419 0.0063395 -0.0015998 0.9995626
2472.955937 -0.0409289 0.0090553 0.0016128 -0.0268910 0.0010046 -0.0010033 0.9996374
2473.355662 -0.0465107 0.0068865 0.0005103 0.0002814 -0.0053215 0.0005692 0.9999856
2473.454862 -0.0497675 0.0060769 0.0011355 0.0093172 -0.0053567 0.0007636 0.9999420
2473.903416 -0.0505371 0.0059836 -0.0010970 0.0438560 -0.0107722 0.0030594 0.9989751
2474.202182 -0.0511300 0.0059143 -0.0033614 0.0689279 -0.0161536 0.0046167 0.9974802
2474.947112 -0.0615882 -0.0035498 -0.0058068 0.1170786 -0.0220783 0.0056012 0.9928614
2476.129395 -0.0764721 -0.0042290 -0.0087987 0.1378988 -0.0235313 0.0071665 0.9901408
2476.229050 -0.0781479 -0.0043865 -0.0084749 0.1345457 -0.0217114 0.0071790 0.9906435
2476.624369 -0.0813493 -0.0037103 -0.0074579 0.1327233 -0.0182903 0.0081285 0.9909510
2476.824350 -0.0849227 -0.0050369 -0.0089909 0.1378457 -0.0196386 0.0082739 0.9902244
2477.024331 -0.0864941 -0.0051500 -0.0078812 0.1407867 -0.0191746 0.0085441 0.9898174
2477.124321 -0.0877698 -0.0053709 -0.0078822 0.1427875 -0.0183177 0.0085619 0.9895468
2477.574277 -0.0904497 -0.0044693 -0.0070745 0.1415574 -0.0159447 0.0085971 0.9897643
2477.624272 -0.0906542 -0.0044070 -0.0068355 0.1397398 -0.0160504 0.0088807 0.9900184
2479.724069 -0.1103352 0.0132489 -0.0072735 -0.0347841 0.0058365 -0.0027554 0.9993740
2480.024040 -0.1108049 0.0155000 -0.0066010 -0.0629673 0.0086929 -0.0057156 0.9979613
2480.174026 -0.1101042 0.0158706 -0.0063310 -0.0744633 0.0092851 -0.0064883 0.9971595
2480.773967 -0.1097002 0.0172010 -0.0059311 -0.1087758 0.0137836 -0.0096883 0.9939235
2481.273919 -0.1100552 0.0165532 -0.0054866 -0.1112842 0.0150321 -0.0092654 0.9936318
