2469.725037 0.0000000 0.0000000 0.0000000 -0.0000000 -0.0000000 -0.0000000 1.0000000
2471.097089 -0.0203438 0.0011726 -0.0019633 -0.0093107 -0.0012507 -0.0006694 0.9999557
2471.197514 -0.0209847 0.0012240 -0.0017250 -0.0080024 -0.0016695 -0.0003574 0.9999665
2471.804883 -0.0283075 0.0017091 -0.0025702 -0.0172587 0.0057121 -0.0013086 0.9998339
2472.055886 -0.0329491 0.0031654 -0.0022215 -0.0241017 0.0079019 -0.0017661 0.9996767
2472.356351 -0.0371333 0.0033834 -0.0026540 -0.0300853 0.0089750 -0.0021472 0.9995047
2472.755937 -0.0424931 0.0031467 -0.0031549 -0.0308352 0.0049009 -0.0023518 0.9995097
2473.355662 -0.0502548 -0.0002572 -0.0051580 -0.0022224 -0.0035522 -0.0001589 0.9999912
2473.454862 -0.0514238 -0.0013331 -0.0055654 0.0067873 -0.0043224 0.0004506 0.9999676
2473.852650 -0.0546307 -0.0041771 -0.0072761 0.0372535 -0.0085779 0.0021372 0.9992668
2474.053085 -0.0569797 -0.0053906 -0.0081606 0.0508507 -0.0096956 0.0027176 0.9986556
2474.252177 -0.0595136 -0.0074182 -0.0097318 0.0662903 -0.0149406 0.0034805 0.9976825
2475.832546 -0.0778652 -0.0144920 -0.0167402 0.1458262 -0.0204082 0.0065003 0.9890783
2476.524379 -0.0833287 -0.0122728 -0.0175296 0.1257424 -0.0153921 0.0073988 0.9919159
2476.674364 -0.0866285 -0.0136767 -0.0177889 0.1316750 -0.0168723 0.0076664 0.9911197
2476.824350 -0.0883304 -0.0137802 -0.0186645 0.1347851 -0.0177799 0.0081232 0.9906820
2476.924340 -0.0892113 -0.0138289 -0.0186406 0.1367124 -0.0172423 0.0082101 0.9904267
2477.224311 -0.0907345 -0.0142627 -0.0186188 0.1417114 -0.0167933 0.0086467 0.9897278
2477.574277 -0.0958014 -0.0136978 -0.0195406 0.1381999 -0.0132879 0.0079368 0.9902834
2477.624272 -0.0938357 -0.0130621 -0.0203434 0.1365420 -0.0141296 0.0082124 0.9904995
2477.824253 -0.0980044 -0.0136913 -0.0198533 0.1213572 -0.0108155 0.0075653 0.9925212
2477.924243 -0.0979841 -0.0137918 -0.0200569 0.1161338 -0.0105921 0.0076831 0.9931474
2478.824156 -0.1080355 -0.0044633 -0.0164938 0.0423615 0.0017644 0.0040796 0.9990925
2479.474093 -0.1142481 0.0016724 -0.0172421 -0.0205999 0.0080839 -0.0017352 0.9997537
2479.674074 -0.1153007 0.0026872 -0.0164273 -0.0351375 0.0078465 -0.0029280 0.9993474
2479.924050 -0.1131040 0.0018115 -0.0158909 -0.0607146 0.0101209 -0.0046519 0.9980930
2480.174026 -0.1148618 0.0087898 -0.0160935 -0.0769519 0.0121669 -0.0063820 0.9969401
2480.374006 -0.1152947 0.0092493 -0.0171818 -0.0891300 0.0142244 -0.0076993 0.9958887
2481.573890 -0.1131136 0.0092380 -0.0171359 -0.1126892 0.0153156 -0.0097910 0.9934640
