2469.725037 0.0000000 0.0000000 0.0000000 -0.0000000 -0.0000000 -0.0000000 1.0000000
2471.097089 -0.0200163 0.0010387 -0.0020699 -0.0094073 -0.0012939 -0.0006235 0.9999548
2471.197514 -0.0211221 0.0011382 -0.0018300 -0.0080886 -0.0015242 -0.0003704 0.9999661
2472.055886 -0.0323847 0.0026782 -0.0024603 -0.0243056 0.0078179 -0.0017507 0.9996725
2472.256203 -0.0353901 0.0033251 -0.0025245 -0.0308145 0.0102578 -0.0020855 0.9994703
2472.555779 -0.0395050 0.0030318 -0.0028921 -0.0309621 0.0079433 -0.0024610 0.9994860
2472.656085 -0.0404741 0.0026936 -0.0034978 -0.0305208 0.0058668 -0.0020750 0.9995148
2473.205498 -0.0477292 0.0016084 -0.0045667 -0.0199062 -0.0016612 -0.0011950 0.9997998
2473.255651 -0.0482258 0.0010121 -0.0044840 -0.0145424 -0.0023139 -0.0007834 0.9998913
2473.802477 -0.0534762 -0.0035111 -0.0068470 0.0325715 -0.0082300 0.0018786 0.9994338
2474.053085 -0.0561010 -0.0053524 -0.0079935 0.0507994 -0.0097227 0.0028191 0.9986576
2475.979054 -0.0804318 -0.0145968 -0.0171491 0.1410141 -0.0220450 0.0067425 0.9897392
2476.524379 -0.0832968 -0.0125771 -0.0166775 0.1254952 -0.0150763 0.0073016 0.9919528
2476.624369 -0.0859812 -0.0127131 -0.0164760 0.1294692 -0.0157427 0.0074920 0.9914302
2476.724360 -0.0869174 -0.0133688 -0.0169525 0.1320878 -0.0169530 0.0078585 0.9910619
2476.824350 -0.0879868 -0.0133353 -0.0174451 0.1347889 -0.0175562 0.0080108 0.9906864
2477.024331 -0.0899806 -0.0130883 -0.0170317 0.1377408 -0.0167385 0.0081555 0.9902933
2477.574277 -0.0954668 -0.0138665 -0.0179512 0.1380939 -0.0131289 0.0081697 0.9902984
2477.624272 -0.0953171 -0.0137131 -0.0176477 0.1363245 -0.0134364 0.0079543 0.9905412
2479.724069 -0.1124727 0.0038671 -0.0157127 -0.0384353 0.0080649 -0.0034847 0.9992225
2479.824059 -0.1136657 0.0024029 -0.0167224 -0.0491329 0.0095462 -0.0035624 0.9987403
2480.124030 -0.1138565 0.0068974 -0.0135983 -0.0723269 0.0110582 -0.0057547 0.9973031
2480.723972 -0.1146202 0.0082654 -0.0144362 -0.1112410 0.0167770 -0.0110664 0.9935902
2481.123934 -0.1129704 0.0089813 -0.0132486 -0.1121501 0.0175551 -0.0094374 0.9934914
2481.623885 -0.1149585 0.0108444 -0.0144386 -0.1113060 0.0157303 -0.0101093 0.9936103
