2469.725037 0.0000000 0.0000000 0.0000000 -0.0000000 -0.0000000 -0.0000000 1.0000000
2471.247509 -0.0155468 0.0001401 -0.0019555 -0.0079980 -0.0016151 -0.0003000 0.9999667
2471.349495 -0.0159731 0.0003226 -0.0016958 -0.0075308 -0.0016428 -0.0002591 0.9999703
2471.451994 -0.0169767 0.0004984 -0.0020442 -0.0084587 0.0008714 -0.0003762 0.9999638
2471.804883 -0.0200101 0.0010671 -0.0020190 -0.0174381 0.0052803 -0.0010378 0.9998335
2472.005891 -0.0224210 0.0010438 -0.0023248 -0.0232269 0.0062769 -0.0012367 0.9997098
2472.555779 -0.0285550 0.0017516 -0.0024363 -0.0312960 0.0073882 -0.0021971 0.9994804
2472.605932 -0.0289630 0.0016397 -0.0027253 -0.0302859 0.0066398 -0.0021383 0.9995170
2473.055789 -0.0331601 0.0011504 -0.0036222 -0.0276515 0.0008360 -0.0016745 0.9996159
2473.355662 -0.0361795 -0.0007484 -0.0040778 -0.0025912 -0.0039759 -0.0000857 0.9999887
2473.953411 -0.0400502 -0.0038749 -0.0057930 0.0435296 -0.0096045 0.0027693 0.9990022
2474.053085 -0.0408766 -0.0034890 -0.0057737 0.0510067 -0.0102449 0.0030422 0.9986411
2475.095616 -0.0492496 -0.0086645 -0.0098529 0.1184897 -0.0193044 0.0055633 0.9927521
2476.029050 -0.0587708 -0.0095458 -0.0128467 0.1395733 -0.0228626 0.0068578 0.9899241
2476.524379 -0.0619176 -0.0093215 -0.0128579 0.1255458 -0.0153315 0.0074870 0.9919411
2476.724360 -0.0646247 -0.0093111 -0.0128145 0.1324005 -0.0171815 0.0078885 0.9910160
2476.824350 -0.0648451 -0.0092559 -0.0135100 0.1350965 -0.0179924 0.0081264 0.9906358
2476.974335 -0.0654603 -0.0096331 -0.0138674 0.1370811 -0.0176474 0.0081196 0.9903694
2477.174316 -0.0664888 -0.0096004 -0.0143297 0.1407899 -0.0169773 0.0083932 0.9898583
2477.824253 -0.0741086 -0.0105372 -0.0156512 0.1208757 -0.0105270 0.0070897 0.9925866
2478.174219 -0.0825316 -0.0037378 -0.0149418 0.1011548 -0.0076860 0.0045568 0.9948306
2480.024040 -0.0827864 -0.0033209 -0.0153862 -0.0699206 0.0103251 -0.0063321 0.9974790
2480.224021 -0.0820810 -0.0035534 -0.0163370 -0.0855712 0.0108985 -0.0071357 0.9962469
2481.273919 -0.0828104 -0.0038303 -0.0137943 -0.1190492 0.0163962 -0.0110155 0.9926919
2481.773871 -0.0822741 -0.0036601 -0.0165864 -0.1166018 0.0126885 -0.0090706 0.9930563
2481.923856 -0.0827325 -0.0034175 -0.0159551 -0.1152299 0.0118382 -0.0087661 0.9932296
