2461.502147 0.0000000 0.0000000 0.0000000 -0.0000000 -0.0000000 -0.0000000 1.0000000
2462.751513 -0.0083321 -0.0010624 0.0007364 0.0384168 -0.0190036 -0.0023959 0.9990782
2462.851503 -0.0083295 -0.0010609 0.0007188 0.0375326 -0.0214087 -0.0023490 0.9990633
2462.951493 -0.0083305 -0.0010582 0.0007190 0.0370553 -0.0231161 -0.0020541 0.9990438
2465.625434 -0.0270891 -0.0009019 -0.0026366 0.0361388 -0.0505322 -0.0052014 0.9980549
2465.975400 -0.0273714 -0.0004573 -0.0035897 0.0184126 -0.0467508 -0.0066486 0.9987147
2466.075391 -0.0275431 -0.0004554 -0.0038898 0.0129054 -0.0478255 -0.0068333 0.9987490
2466.125386 -0.0274243 -0.0005193 -0.0037607 0.0093719 -0.0502264 -0.0067110 0.9986714
2466.375362 -0.0275464 -0.0005653 -0.0042388 -0.0121802 -0.0544399 -0.0073280 0.9984159
2466.625337 -0.0304349 0.0014977 -0.0042767 -0.0376014 -0.0483144 -0.0122184 0.9980494
2467.225279 -0.0351636 0.0027523 -0.0050862 -0.0690366 -0.0495120 -0.0167801 0.9962434
2468.025202 -0.0380964 0.0040417 -0.0055669 -0.0979019 -0.0459600 -0.0210104 0.9939122
2471.349495 -0.0541997 0.0062857 -0.0078580 -0.1520871 -0.0527557 -0.0271129 0.9865857
2472.406208 -0.0597062 0.0073993 -0.0089254 -0.1741023 -0.0424994 -0.0314566 0.9833070
2472.505783 -0.0598488 0.0071341 -0.0090487 -0.1747011 -0.0435196 -0.0313353 0.9831601
2472.855789 -0.0612873 0.0071513 -0.0093084 -0.1744096 -0.0474528 -0.0306791 0.9830505
2473.205498 -0.0632685 0.0067932 -0.0097874 -0.1642603 -0.0528673 -0.0283989 0.9845899
2473.355662 -0.0637962 0.0062330 -0.0097557 -0.1469554 -0.0552139 -0.0260835 0.9872564
2473.454862 -0.0643573 0.0058776 -0.0098695 -0.1380844 -0.0560205 -0.0249995 0.9885188
2474.202182 -0.0671848 0.0036910 -0.0106466 -0.0816634 -0.0654764 -0.0178709 0.9943463
2474.302014 -0.0679749 0.0032785 -0.0111073 -0.0749660 -0.0696303 -0.0169852 0.9946071
2474.402202 -0.0684465 0.0031379 -0.0112068 -0.0705094 -0.0717571 -0.0163098 0.9947931
2475.145394 -0.0705070 0.0013898 -0.0123345 -0.0228019 -0.0728742 -0.0113118 0.9970163
2476.924340 -0.0788110 0.0007002 -0.0145549 -0.0092558 -0.0696516 -0.0090967 0.9974869
2477.024331 -0.0788695 0.0007690 -0.0146211 -0.0081213 -0.0697073 -0.0087680 0.9974959
2477.224311 -0.0789340 0.0008379 -0.0146028 -0.0038966 -0.0696731 -0.0081977 0.9975286
2477.674268 -0.0796950 0.0008700 -0.0153577 -0.0125086 -0.0663669 -0.0085346 0.9976804
2477.974239 -0.0816965 0.0016650 -0.0158956 -0.0326676 -0.0634379 -0.0113565 0.9973863
2478.274210 -0.0829037 0.0025619 -0.0156342 -0.0536845 -0.0612161 -0.0141084 0.9965799
2479.174122 -0.0859942 0.0048706 -0.0166259 -0.1364279 -0.0445996 -0.0258693 0.9893074
2479.274113 -0.0866678 0.0061982 -0.0157546 -0.1458284 -0.0426083 -0.0281304 0.9879916
2480.074035 -0.0861759 0.0086390 -0.0163681 -0.2117323 -0.0396897 -0.0365892 0.9758357
2480.873958 -0.0859241 0.0098208 -0.0168877 -0.2550761 -0.0332890 -0.0435647 0.9653653
2481.073938 -0.0860355 0.0103652 -0.0169903 -0.2527260 -0.0325092 -0.0434191 0.9660164
2481.523895 -0.0858947 0.0102497 -0.0167313 -0.2534568 -0.0331868 -0.0433555 0.9658046
2481.773871 -0.0857293 0.0103541 -0.0168418 -0.2517338 -0.0364744 -0.0419332 0.9661995
