2469.725037 0.0000000 0.0000000 0.0000000 -0.0000000 -0.0000000 -0.0000000 1.0000000
2471.654562 -0.0220027 0.0014208 -0.0008861 -0.0129526 0.0045942 -0.0005940 0.9999054
2471.754572 -0.0236960 0.0015134 -0.0012413 -0.0153742 0.0050836 -0.0007456 0.9998686
2471.854879 -0.0243066 0.0008465 -0.0012858 -0.0205848 0.0064978 -0.0010617 0.9997665
2472.356351 -0.0314012 0.0037329 -0.0001686 -0.0298688 0.0089652 -0.0019686 0.9995117
2472.905942 -0.0370922 0.0032180 -0.0013063 -0.0302671 0.0036414 -0.0016359 0.9995339
2473.155503 -0.0421135 0.0018381 -0.0015654 -0.0233652 0.0003458 -0.0014004 0.9997260
2473.355662 -0.0422956 0.0017708 -0.0018015 -0.0015002 -0.0034796 -0.0000187 0.9999928
2473.603958 -0.0427034 0.0020161 -0.0022801 0.0212599 -0.0082062 0.0017917 0.9997387
2474.053085 -0.0480270 -0.0028657 -0.0036870 0.0513853 -0.0095163 0.0028478 0.9986295
2474.202182 -0.0495955 -0.0038579 -0.0041296 0.0647121 -0.0129507 0.0033063 0.9978145
2474.352365 -0.0526353 -0.0050833 -0.0052481 0.0741638 -0.0182751 0.0032260 0.9970734
2476.374393 -0.0708330 -0.0090107 -0.0098220 0.1291955 -0.0169843 0.0066145 0.9914516
2476.624369 -0.0736076 -0.0086999 -0.0092356 0.1301153 -0.0152957 0.0072545 0.9913543
2476.774355 -0.0754825 -0.0093249 -0.0093189 0.1342483 -0.0172339 0.0073108 0.9907709
2476.874345 -0.0767558 -0.0093719 -0.0097777 0.1363172 -0.0163541 0.0074051 0.9905026
2477.074326 -0.0775332 -0.0100897 -0.0099483 0.1387338 -0.0156382 0.0080938 0.9901732
2477.524282 -0.0808520 -0.0098826 -0.0109668 0.1402507 -0.0126059 0.0078829 0.9900044
2477.624272 -0.0811234 -0.0098106 -0.0095257 0.1371140 -0.0129750 0.0080173 0.9904379
2479.824059 -0.0980313 0.0048268 -0.0099257 -0.0483546 0.0105916 -0.0035084 0.9987680
2480.024040 -0.0961144 0.0068079 -0.0083001 -0.0653039 0.0114929 -0.0051447 0.9977860
2480.324011 -0.0967924 0.0110468 -0.0066823 -0.0862557 0.0144154 -0.0070750 0.9961436
2480.473997 -0.0965569 0.0116759 -0.0072426 -0.0950645 0.0156631 -0.0078661 0.9953168
2480.523992 -0.0972187 0.0117516 -0.0075709 -0.0997351 0.0167420 -0.0089252 0.9948331
2481.123934 -0.0961941 0.0123799 -0.0062495 -0.1100421 0.0176348 -0.0100330 0.9937198
