2469.725037 0.0000000 0.0000000 0.0000000 -0.0000000 -0.0000000 -0.0000000 1.0000000
2471.247509 -0.0192191 0.0018591 0.0007208 -0.0074484 -0.0017731 -0.0000940 0.9999707
2471.502878 -0.0219803 0.0039094 0.0009299 -0.0081200 0.0019939 -0.0001551 0.9999650
2471.804883 -0.0248411 0.0052339 0.0011052 -0.0158536 0.0051743 -0.0006944 0.9998607
2472.005891 -0.0279522 0.0054008 0.0013600 -0.0216486 0.0061897 -0.0009778 0.9997460
2472.155896 -0.0295462 0.0061156 0.0019032 -0.0276678 0.0106718 -0.0014341 0.9995592
2472.555779 -0.0351131 0.0068828 0.0021069 -0.0295447 0.0071376 -0.0017531 0.9995365
2472.905942 -0.0384254 0.0065274 0.0016479 -0.0291374 0.0026812 -0.0013688 0.9995709
2473.405519 -0.0457042 0.0047788 0.0010761 0.0036416 -0.0044000 0.0006534 0.9999835
2474.053085 -0.0521957 0.0031169 -0.0000681 0.0539209 -0.0097314 0.0029390 0.9984935
2474.102764 -0.0524739 0.0030064 -0.0006970 0.0600594 -0.0111079 0.0031941 0.9981279
2474.252177 -0.0524587 0.0028812 -0.0010844 0.0700523 -0.0158813 0.0042212 0.9974080
2475.438708 -0.0660447 -0.0076275 -0.0066228 0.1392325 -0.0233006 0.0059702 0.9899676
2476.129395 -0.0742917 -0.0065184 -0.0078886 0.1366666 -0.0213625 0.0067479 0.9903638
2476.674364 -0.0790880 -0.0067799 -0.0079612 0.1336408 -0.0170089 0.0076271 0.9908545
2476.824350 -0.0808351 -0.0073497 -0.0081189 0.1365568 -0.0178273 0.0078933 0.9904404
2476.924340 -0.0810774 -0.0073893 -0.0082695 0.1384462 -0.0176024 0.0079886 0.9901813
2477.024331 -0.0811225 -0.0069212 -0.0079894 0.1397860 -0.0177324 0.0084242 0.9899871
2477.624272 -0.0863424 -0.0068806 -0.0094250 0.1382905 -0.0141918 0.0077765 0.9902595
2477.674268 -0.0893015 -0.0074981 -0.0099463 0.1347346 -0.0127305 0.0078543 0.9907688
2477.974239 -0.0914192 -0.0068827 -0.0113471 0.1142258 -0.0108720 0.0074164 0.9933677
2480.024040 -0.1073186 0.0052457 -0.0102497 -0.0664180 0.0116995 -0.0059073 0.9977058
2480.124030 -0.1078845 0.0049687 -0.0108947 -0.0730059 0.0120438 -0.0055195 0.9972435
2480.374006 -0.1084459 0.0047057 -0.0108757 -0.0909577 0.0149773 -0.0071575 0.9957165
2480.523992 -0.1066305 0.0074394 -0.0128443 -0.1018828 0.0164294 -0.0088430 0.9946215
2480.773967 -0.1049418 0.0113487 -0.0117104 -0.1104784 0.0159170 -0.0108004 0.9936924
2481.123934 -0.1065007 0.0109990 -0.0120944 -0.1111943 0.0177231 -0.0103006 0.9935873
2481.923856 -0.1059540 0.0112662 -0.0124109 -0.1084933 0.0129760 -0.0092766 0.9939692
