2444.927438 0.0000000 0.0000000 0.0000000 -0.0000000 -0.0000000 -0.0000000 1.0000000
2449.776969 -0.0147369 0.0021138 0.0024438 -0.0221767 -0.0248884 -0.0017490 0.9994428
2449.876959 -0.0157943 0.0020339 0.0022559 -0.0216448 -0.0264245 -0.0022711 0.9994138
2450.326915 -0.0212114 0.0015668 0.0024915 -0.0178143 -0.0369868 -0.0091231 0.9991153
2450.576891 -0.0254253 0.0015270 0.0025549 -0.0155668 -0.0443771 -0.0151942 0.9987780
2451.126838 -0.0332169 0.0010772 0.0022147 -0.0115207 -0.0572612 -0.0286680 0.9978811
2451.326819 -0.0363920 0.0012859 0.0024025 -0.0114203 -0.0626002 -0.0321029 0.9974568
2452.626693 -0.0554030 0.0018836 0.0001128 -0.0029065 -0.0965708 -0.0476862 0.9941789
2452.826673 -0.0628394 0.0029293 -0.0026158 -0.0039326 -0.1109252 -0.0512275 0.9924998
2453.026654 -0.0672284 0.0038712 -0.0031777 -0.0089048 -0.1230626 -0.0570885 0.9907155
2453.676591 -0.0725565 0.0041320 -0.0032039 -0.0080841 -0.1337960 -0.0665637 0.9887379
2455.076455 -0.0887433 0.0073830 -0.0049028 -0.0085308 -0.1650290 -0.0950007 0.9816657
2455.476417 -0.0964849 0.0091127 -0.0065081 -0.0096934 -0.1741512 -0.1053294 0.9790215
2455.826383 -0.1016354 0.0102041 -0.0076795 -0.0095714 -0.1794628 -0.1128284 0.9772263
2456.326335 -0.1057142 0.0117591 -0.0083874 -0.0127564 -0.1854874 -0.1219111 0.9749715
2457.826189 -0.1337553 0.0206498 -0.0191537 -0.0161997 -0.2266915 -0.1627350 0.9601384
2458.026170 -0.1379767 0.0213090 -0.0230519 -0.0158214 -0.2298951 -0.1662289 0.9587836
2458.526122 -0.1502884 0.0252197 -0.0317951 0.0059197 -0.2505993 -0.1779734 0.9515727
2458.576117 -0.1500053 0.0250382 -0.0318357 0.0081615 -0.2548245 -0.1782606 0.9503794
2458.676502 -0.1529110 0.0241483 -0.0336453 0.0157855 -0.2617372 -0.1793980 0.9481882
2459.187575 -0.1628747 0.0266288 -0.0423153 0.0505851 -0.2860669 -0.1836905 0.9390765
2459.287288 -0.1649373 0.0264984 -0.0434308 0.0592082 -0.2907930 -0.1827873 0.9372954
2459.337284 -0.1653058 0.0267704 -0.0440298 0.0621685 -0.2927010 -0.1824431 0.9365766
2459.796524 -0.1751824 0.0291780 -0.0506804 0.0921132 -0.3125966 -0.1849485 0.9271422
2459.947655 -0.1744476 0.0284350 -0.0514189 0.1031581 -0.3205930 -0.1831897 0.9235909
2461.302502 -0.1935835 0.0352242 -0.0672436 0.1584866 -0.3606576 -0.1815816 0.9010195
2462.152440 -0.2063015 0.0406399 -0.0772007 0.1890475 -0.3803571 -0.1786655 0.8875067
2462.302070 -0.2061210 0.0409958 -0.0774758 0.1931182 -0.3849014 -0.1762522 0.8851506
2462.401704 -0.2067211 0.0405410 -0.0773227 0.1951832 -0.3874688 -0.1748342 0.8838577
2464.246231 -0.2376816 0.0546779 -0.1026123 0.1973493 -0.4005418 -0.1793128 0.8766223
2465.775420 -0.2307572 0.0631228 -0.1106309 0.1827997 -0.4164475 -0.1864789 0.8708510
2465.975400 -0.2306895 0.0635818 -0.1112330 0.1728381 -0.4116712 -0.1912574 0.8741135
2466.075391 -0.2294423 0.0654421 -0.1129286 0.1681155 -0.4116119 -0.1935757 0.8745521
2466.375362 -0.2268765 0.0670161 -0.1146118 0.1448560 -0.4133628 -0.2037653 0.8755727
2466.525347 -0.2264877 0.0672932 -0.1152682 0.1331245 -0.4087427 -0.2102896 0.8780578
2467.725231 -0.2393860 0.0834061 -0.1245264 0.0827144 -0.3857786 -0.2409978 0.8867092
2467.925211 -0.2405967 0.0840417 -0.1252089 0.0775160 -0.3819067 -0.2438462 0.8880752
2468.275178 -0.2415420 0.0873380 -0.1284632 0.0644236 -0.3878206 -0.2504466 0.8847154
2469.075100 -0.2446812 0.0918080 -0.1319997 0.0436559 -0.3795041 -0.2616920 0.8863341
2469.475061 -0.2474875 0.0954972 -0.1352515 0.0353455 -0.3817391 -0.2653259 0.8846628
2469.625047 -0.2488863 0.0959815 -0.1357215 0.0328970 -0.3805304 -0.2666273 0.8848867
2470.280080 -0.2535979 0.1007901 -0.1406832 0.0225249 -0.3756606 -0.2724124 0.8855300
2471.502878 -0.2595010 0.1062807 -0.1499485 0.0237010 -0.3743004 -0.2718026 0.8862623
2471.754572 -0.2608033 0.1081369 -0.1509999 0.0191643 -0.3704055 -0.2744103 0.8872043
2472.055886 -0.2626333 0.1107229 -0.1534631 0.0122487 -0.3653574 -0.2782800 0.8882141
2473.305508 -0.2700833 0.1164431 -0.1640444 0.0227070 -0.3785586 -0.2718726 0.8844565
2473.405519 -0.2703726 0.1161743 -0.1648753 0.0318767 -0.3828581 -0.2671915 0.8837490
2473.802477 -0.2722784 0.1146126 -0.1678617 0.0570542 -0.3948306 -0.2540134 0.8810964
2474.997107 -0.2786815 0.1141110 -0.1795338 0.1257400 -0.4243035 -0.2187516 0.8696573
2475.145394 -0.2784549 0.1144118 -0.1804167 0.1328016 -0.4265989 -0.2148228 0.8684632
2475.438708 -0.2799082 0.1145445 -0.1839044 0.1442341 -0.4328029 -0.2084561 0.8651151
2476.774355 -0.2849046 0.1203881 -0.1926802 0.1416407 -0.4277872 -0.2083007 0.8680707
2476.974335 -0.2849713 0.1209710 -0.1938287 0.1445905 -0.4279142 -0.2065543 0.8679391
2477.074326 -0.2855410 0.1212955 -0.1940938 0.1458809 -0.4274957 -0.2058578 0.8680949
2477.924243 -0.2865933 0.1256394 -0.1990385 0.1288040 -0.4177049 -0.2148478 0.8733686
2478.124224 -0.2881427 0.1274270 -0.2004963 0.1161994 -0.4136990 -0.2216951 0.8753297
2478.474190 -0.2899455 0.1302587 -0.2015376 0.0935372 -0.4051200 -0.2336108 0.8789508
2479.524088 -0.2909117 0.1405947 -0.2016001 0.0129067 -0.3668180 -0.2781275 0.8876503
2479.824059 -0.2903641 0.1420442 -0.2005758 -0.0082464 -0.3580353 -0.2885639 0.8879604
2480.374006 -0.2892815 0.1448511 -0.1989727 -0.0419533 -0.3421035 -0.3065206 0.8872712
2481.373909 -0.2888224 0.1467794 -0.1998310 -0.0606391 -0.3311111 -0.3167382 0.8867725
2481.823866 -0.2894499 0.1457809 -0.1996490 -0.0602757 -0.3356124 -0.3152151 0.8856470
