2469.725037 0.0000000 0.0000000 0.0000000 -0.0000000 -0.0000000 -0.0000000 1.0000000
2471.097089 -0.0198167 0.0016118 -0.0017063 -0.0092143 -0.0017136 -0.0005101 0.9999560
2471.197514 -0.0213920 0.0016397 -0.0015887 -0.0079106 -0.0018052 -0.0003736 0.9999670
2471.854879 -0.0291320 0.0022384 -0.0024024 -0.0199963 0.0062300 -0.0012596 0.9997799
2472.256203 -0.0373034 0.0043100 -0.0015784 -0.0305557 0.0103535 -0.0022509 0.9994769
2472.356351 -0.0379928 0.0039533 -0.0022926 -0.0299437 0.0088009 -0.0022100 0.9995104
2472.605932 -0.0391854 0.0033356 -0.0032652 -0.0298439 0.0061406 -0.0019035 0.9995339
2473.255651 -0.0485715 0.0020004 -0.0039031 -0.0142214 -0.0030597 -0.0005066 0.9998941
2473.504185 -0.0518364 -0.0012327 -0.0051892 0.0111610 -0.0062143 0.0006471 0.9999182
2473.653795 -0.0530697 -0.0019568 -0.0059130 0.0250775 -0.0086172 0.0015201 0.9996472
2474.202182 -0.0591405 -0.0059617 -0.0081194 0.0643776 -0.0135964 0.0034667 0.9978270
2474.947112 -0.0664546 -0.0104707 -0.0117694 0.1146002 -0.0206242 0.0051010 0.9931845
2476.079045 -0.0813740 -0.0124162 -0.0152886 0.1372709 -0.0224827 0.0067695 0.9902552
2476.624369 -0.0881026 -0.0120775 -0.0153992 0.1298478 -0.0163974 0.0073964 0.9913708
2476.674364 -0.0886346 -0.0120583 -0.0154907 0.1322506 -0.0171989 0.0076347 0.9910377
2476.824350 -0.0890194 -0.0117941 -0.0169150 0.1354799 -0.0185243 0.0080743 0.9905740
2476.924340 -0.0905229 -0.0122219 -0.0163638 0.1372589 -0.0177548 0.0080647 0.9903432
2477.424292 -0.0948419 -0.0115406 -0.0150678 0.1439788 -0.0147303 0.0082528 0.9894367
2477.574277 -0.0950056 -0.0113187 -0.0154118 0.1390883 -0.0146188 0.0083885 0.9901366
2477.624272 -0.0949757 -0.0112971 -0.0153729 0.1372250 -0.0147612 0.0083293 0.9903949
2479.174122 -0.1144798 -0.0006721 -0.0153997 0.0085978 0.0063546 0.0009152 0.9999425
2479.824059 -0.1144999 0.0087915 -0.0132093 -0.0467648 0.0080510 -0.0026238 0.9988701
2480.473997 -0.1133301 0.0132900 -0.0107535 -0.0953500 0.0134692 -0.0077331 0.9953226
2480.523992 -0.1141896 0.0137064 -0.0105885 -0.0998719 0.0146868 -0.0084941 0.9948556
2481.623885 -0.1173636 0.0144534 -0.0107579 -0.1101088 0.0148861 -0.0099812 0.9937580
