2444.927438 0.0000000 0.0000000 0.0000000 -0.0000000 -0.0000000 -0.0000000 1.0000000
2449.776969 -0.0152585 0.0017286 0.0019436 -0.0223507 -0.0245812 -0.0018563 0.9994463
2449.826964 -0.0154593 0.0015401 0.0017128 -0.0218464 -0.0256519 -0.0020012 0.9994302
2450.326915 -0.0220232 0.0011635 0.0018985 -0.0180386 -0.0365249 -0.0093129 0.9991266
2450.426906 -0.0236325 0.0010577 0.0017766 -0.0170262 -0.0404148 -0.0122888 0.9989623
2450.576891 -0.0261005 0.0011603 0.0019772 -0.0157412 -0.0439801 -0.0153939 0.9987898
2451.376814 -0.0382325 0.0013357 0.0018896 -0.0109616 -0.0633502 -0.0330509 0.9973837
2451.626790 -0.0423293 0.0012257 0.0020204 -0.0116906 -0.0707627 -0.0369136 0.9967414
2452.226731 -0.0497496 0.0010440 0.0005776 -0.0082690 -0.0863761 -0.0437673 0.9952664
2452.676688 -0.0578566 0.0019881 -0.0005239 -0.0027184 -0.0980591 -0.0483581 0.9940013
2452.826673 -0.0639944 0.0024856 -0.0029439 -0.0041739 -0.1104330 -0.0513398 0.9925479
2453.026654 -0.0681226 0.0035338 -0.0036337 -0.0091428 -0.1227227 -0.0571315 0.9907531
2453.676591 -0.0738830 0.0042155 -0.0031416 -0.0081177 -0.1333165 -0.0667440 0.9887902
2454.476514 -0.0822540 0.0061898 -0.0031986 -0.0099706 -0.1482800 -0.0812734 0.9855497
2456.576310 -0.1101010 0.0130920 -0.0091558 -0.0136348 -0.1865458 -0.1285542 0.9739038
2456.726296 -0.1133338 0.0141143 -0.0101915 -0.0144728 -0.1899888 -0.1324301 0.9727061
2457.576214 -0.1305350 0.0200141 -0.0157475 -0.0164057 -0.2177496 -0.1551677 0.9634516
2457.826189 -0.1360636 0.0211866 -0.0195078 -0.0160802 -0.2261030 -0.1631256 0.9602130
2458.026170 -0.1361538 0.0216055 -0.0206726 -0.0158912 -0.2314173 -0.1657359 0.9585015
2458.126160 -0.1381817 0.0215641 -0.0216702 -0.0140128 -0.2324674 -0.1681057 0.9578638
2458.276146 -0.1410425 0.0229572 -0.0232691 -0.0095741 -0.2362140 -0.1719962 0.9563099
2458.376136 -0.1442720 0.0259129 -0.0263932 -0.0016442 -0.2409052 -0.1757094 0.9545094
2458.476126 -0.1473277 0.0244143 -0.0270817 0.0042052 -0.2494545 -0.1771910 0.9520285
2458.676502 -0.1531021 0.0256472 -0.0316107 0.0163604 -0.2623561 -0.1794900 0.9479899
2458.980345 -0.1594688 0.0272286 -0.0360586 0.0338107 -0.2766597 -0.1824767 0.9428778
2459.136493 -0.1620483 0.0277309 -0.0385563 0.0461554 -0.2847570 -0.1828758 0.9398615
2459.438499 -0.1667130 0.0281272 -0.0420861 0.0690814 -0.2965484 -0.1816625 0.9350324
2459.594331 -0.1693515 0.0293575 -0.0445521 0.0798031 -0.3042198 -0.1822699 0.9315898
2459.796524 -0.1733371 0.0304801 -0.0473374 0.0924242 -0.3144310 -0.1839330 0.9266928
2460.651143 -0.1830858 0.0314318 -0.0568632 0.1353501 -0.3404670 -0.1799810 0.9128907
2460.751923 -0.1842811 0.0317035 -0.0589372 0.1411600 -0.3445361 -0.1786257 0.9107478
2460.902580 -0.1870805 0.0328563 -0.0617475 0.1471903 -0.3515667 -0.1796545 0.9068959
2461.752795 -0.2001491 0.0388820 -0.0730001 0.1748517 -0.3779188 -0.1838314 0.8903990
2464.691664 -0.2214937 0.0532796 -0.0991923 0.1975677 -0.4142575 -0.1736766 0.8713175
2465.875410 -0.2306061 0.0633436 -0.1141147 0.1781163 -0.4150478 -0.1878082 0.8722029
2465.975400 -0.2299156 0.0637630 -0.1144368 0.1724979 -0.4126622 -0.1907124 0.8738325
2466.075391 -0.2294060 0.0646234 -0.1159097 0.1672869 -0.4125964 -0.1929185 0.8743923
2467.275275 -0.2392877 0.0773589 -0.1298476 0.0949529 -0.3942060 -0.2340161 0.8836414
2467.775226 -0.2400593 0.0784471 -0.1333138 0.0796314 -0.3844456 -0.2423644 0.8871978
2468.275178 -0.2434641 0.0868170 -0.1344106 0.0636277 -0.3878749 -0.2507515 0.8846628
2469.475061 -0.2489373 0.0947374 -0.1410429 0.0344488 -0.3821155 -0.2654831 0.8844885
2470.025008 -0.2535365 0.1002986 -0.1410475 0.0260792 -0.3762409 -0.2703739 0.8858107
2470.736931 -0.2570799 0.1041497 -0.1459274 0.0217970 -0.3737687 -0.2725480 0.8863067
2471.804883 -0.2631260 0.1103199 -0.1544435 0.0175420 -0.3699161 -0.2750196 0.8872533
2472.055886 -0.2648578 0.1132153 -0.1567917 0.0122781 -0.3660519 -0.2779883 0.8880190
2472.256203 -0.2660192 0.1144838 -0.1584414 0.0072723 -0.3619864 -0.2808742 0.8888322
2473.255651 -0.2719231 0.1182726 -0.1670222 0.0178399 -0.3776538 -0.2738333 0.8843499
2473.504185 -0.2735256 0.1177817 -0.1692257 0.0393105 -0.3876544 -0.2631264 0.8825776
2475.145394 -0.2821578 0.1166470 -0.1849615 0.1324365 -0.4270205 -0.2142939 0.8684424
2475.783953 -0.2837964 0.1176437 -0.1912003 0.1512429 -0.4334220 -0.2041727 0.8646297
2476.824350 -0.2893279 0.1251092 -0.1990681 0.1430630 -0.4276724 -0.2076003 0.8680619
2476.924340 -0.2890288 0.1251471 -0.1998767 0.1448015 -0.4277380 -0.2066256 0.8679739
2477.324302 -0.2889046 0.1253643 -0.2008452 0.1495731 -0.4278328 -0.2033823 0.8678840
2477.674268 -0.2885096 0.1260895 -0.2026777 0.1423168 -0.4241228 -0.2072057 0.8700181
2477.874248 -0.2894869 0.1242644 -0.2067516 0.1298629 -0.4186688 -0.2140975 0.8729343
2478.074229 -0.2895392 0.1243337 -0.2086480 0.1187846 -0.4159623 -0.2196513 0.8744249
2478.574180 -0.2916656 0.1287279 -0.2092134 0.0825424 -0.4014481 -0.2380968 0.8805317
2479.724069 -0.2924404 0.1427009 -0.2072280 -0.0001068 -0.3625507 -0.2841462 0.8875911
2480.224021 -0.2929297 0.1448499 -0.2061473 -0.0361618 -0.3458829 -0.3033251 0.8871591
2480.424001 -0.2907968 0.1455060 -0.2058015 -0.0462897 -0.3400351 -0.3086979 0.8870958
2480.823963 -0.2907087 0.1467198 -0.2048645 -0.0617825 -0.3328323 -0.3165929 0.8861008
2481.573890 -0.2909743 0.1473731 -0.2049750 -0.0612549 -0.3336509 -0.3165526 0.8858439
2481.873861 -0.2914560 0.1467106 -0.2049290 -0.0605097 -0.3368425 -0.3150160 0.8852348
