2469.725037 0.0000000 0.0000000 0.0000000 -0.0000000 -0.0000000 -0.0000000 1.0000000
2471.654562 -0.0201777 0.0016825 -0.0013202 -0.0127152 0.0041398 -0.0005679 0.9999104
2471.754572 -0.0216390 0.0019671 -0.0014634 -0.0150758 0.0045403 -0.0007505 0.9998758
2471.804883 -0.0217487 0.0021074 -0.0012594 -0.0170246 0.0051688 -0.0009406 0.9998413
2472.155896 -0.0264780 0.0031530 -0.0011848 -0.0285999 0.0109515 -0.0018316 0.9995293
2472.755937 -0.0331154 0.0032547 -0.0017146 -0.0305892 0.0043146 -0.0021358 0.9995205
2473.305508 -0.0389986 0.0013903 -0.0028202 -0.0088982 -0.0031412 -0.0001774 0.9999555
2473.355662 -0.0392041 0.0008283 -0.0028103 -0.0018934 -0.0041742 0.0000233 0.9999895
2473.454862 -0.0401206 0.0002487 -0.0030276 0.0072924 -0.0049754 0.0007955 0.9999607
2473.653795 -0.0415998 -0.0009479 -0.0038676 0.0253052 -0.0085779 0.0016391 0.9996417
2473.802477 -0.0422859 -0.0015693 -0.0041767 0.0331393 -0.0089055 0.0020332 0.9994090
2474.053085 -0.0449090 -0.0031460 -0.0046940 0.0512614 -0.0101901 0.0029076 0.9986290
2475.095616 -0.0541237 -0.0084997 -0.0092720 0.1188541 -0.0192704 0.0053340 0.9927104
2475.438708 -0.0573242 -0.0100414 -0.0103240 0.1378647 -0.0236425 0.0062586 0.9901491
2476.524379 -0.0668858 -0.0076514 -0.0109300 0.1266604 -0.0156870 0.0073258 0.9917951
2476.624369 -0.0696272 -0.0090919 -0.0111929 0.1299183 -0.0161267 0.0072719 0.9913669
2476.824350 -0.0703368 -0.0095134 -0.0128620 0.1353140 -0.0183175 0.0080094 0.9906011
2476.974335 -0.0728914 -0.0088176 -0.0124850 0.1377192 -0.0172550 0.0077221 0.9902909
2477.174316 -0.0728929 -0.0089019 -0.0124269 0.1414489 -0.0169589 0.0081533 0.9897667
2477.374297 -0.0728526 -0.0089395 -0.0123714 0.1440944 -0.0157266 0.0087493 0.9894003
2477.624272 -0.0730184 -0.0086079 -0.0128113 0.1375022 -0.0152163 0.0085422 0.9903477
2480.473997 -0.0887171 0.0095733 -0.0083203 -0.0957326 0.0134777 -0.0087476 0.9952774
2480.723972 -0.0904655 0.0095694 -0.0085764 -0.1097396 0.0152402 -0.0104141 0.9937890
2481.623885 -0.0908506 0.0093331 -0.0086235 -0.1110349 0.0145501 -0.0092714 0.9936668
2481.923856 -0.0914359 0.0089325 -0.0092663 -0.1090011 0.0124873 -0.0088904 0.9939235
