368.951853 0.0000000 0.0000000 0.0000000 -0.0000000 -0.0000000 -0.0000000 1.0000000
369.201828 -0.0167077 -0.0000014 0.0005717 -0.0003665 0.0092667 0.0002769 0.9999570
369.251824 -0.0191308 -0.0001295 0.0003303 -0.0006237 0.0092327 0.0004389 0.9999571
369.751775 -0.0346876 0.0000292 0.0002293 -0.0019863 0.0171910 -0.0001333 0.9998503
370.651688 -0.0951499 0.0001345 -0.0000988 -0.0024128 0.0206222 0.0008707 0.9997841
370.751678 -0.0996866 0.0002193 0.0000987 -0.0024801 0.0236395 0.0009620 0.9997170
371.101644 -0.1155605 0.0003681 0.0002433 -0.0025471 0.0300726 0.0010785 0.9995439
371.351620 -0.1314995 0.0002563 0.0002729 -0.0027552 0.0322797 0.0011272 0.9994745
371.651591 -0.1495244 0.0005761 0.0013440 -0.0025130 0.0257370 0.0012543 0.9996648
372.351523 -0.1854581 0.0003592 0.0034670 -0.0026673 0.0218503 0.0014507 0.9997566
372.551504 -0.1954591 0.0003909 0.0035291 -0.0029425 0.0233438 0.0011419 0.9997225
372.951465 -0.2175924 0.0002597 0.0028305 -0.0026958 0.0209094 0.0011284 0.9997771
373.801383 -0.2724810 0.0000286 0.0037815 -0.0012910 0.0193146 0.0019116 0.9998108
373.901373 -0.2793116 0.0000201 0.0055691 -0.0010430 0.0157244 0.0015260 0.9998747
374.001364 -0.2866692 -0.0000294 0.0053248 -0.0018434 0.0124114 0.0018553 0.9999196
374.901277 -0.3461989 0.0000515 0.0097861 -0.0041875 0.0069898 0.0014556 0.9999657
375.001267 -0.3522703 0.0000999 0.0093333 -0.0036834 0.0101119 0.0017120 0.9999406
375.751194 -0.3820519 -0.0001410 0.0107087 -0.0040181 0.0109466 0.0016992 0.9999306
376.151156 -0.3996131 -0.0002137 0.0121472 -0.0040351 0.0067138 0.0018029 0.9999677
376.451126 -0.4107597 -0.0000507 0.0130503 -0.0049235 0.0057973 0.0019615 0.9999692
376.701102 -0.4175409 -0.0001427 0.0127797 -0.0052210 0.0104398 0.0016873 0.9999304
376.901083 -0.4247343 -0.0000436 0.0139596 -0.0044796 0.0059292 0.0017686 0.9999709
377.201054 -0.4360445 -0.0002112 0.0124416 -0.0037258 0.0102256 0.0020805 0.9999386
377.800996 -0.4621072 -0.0003046 0.0139907 -0.0036289 0.0193927 0.0029919 0.9998009
378.150962 -0.4791887 -0.0001826 0.0137210 -0.0044588 0.0266600 0.0023757 0.9996318
378.350943 -0.4893848 -0.0001837 0.0137010 -0.0051601 0.0285611 0.0018872 0.9995770
378.750904 -0.5103202 -0.0002015 0.0142254 -0.0058146 0.0256746 0.0012986 0.9996526
378.950885 -0.5188746 -0.0003823 0.0137873 -0.0061764 0.0255761 0.0013912 0.9996529
379.300851 -0.5405499 -0.0005366 0.0135994 -0.0063882 0.0252728 0.0012074 0.9996595
379.450836 -0.5477043 -0.0008308 0.0133766 -0.0066211 0.0245716 0.0011540 0.9996755
379.750807 -0.5635861 -0.0004834 0.0137455 -0.0056876 0.0203450 0.0010742 0.9997763
379.950788 -0.5735014 -0.0008658 0.0145755 -0.0058385 0.0150975 0.0014418 0.9998680
380.450739 -0.5905375 -0.0006136 0.0166813 -0.0065018 0.0078825 0.0014913 0.9999467
380.700715 -0.6038945 -0.0010166 0.0172620 -0.0072539 0.0049142 0.0043211 0.9999523
381.300657 -0.6316944 -0.0010679 0.0189727 -0.0094727 -0.0078764 0.0081516 0.9998909
381.500638 -0.6378055 -0.0013908 0.0186212 -0.0123759 -0.0037433 0.0108907 0.9998571
381.850604 -0.6541713 -0.0035126 0.0157157 -0.0169687 -0.0067701 0.0386393 0.9990862
381.950594 -0.6600091 -0.0057886 0.0161079 -0.0153117 -0.0105980 0.0431215 0.9988963
382.150575 -0.6785362 -0.0193115 0.0186032 -0.0049628 -0.0134842 0.0460701 0.9988349
382.350555 -0.6999920 -0.0237966 0.0219310 -0.0066212 -0.0079123 0.0447007 0.9989471
382.550536 -0.7193059 -0.0227804 0.0254936 -0.0078692 -0.0018950 0.0414428 0.9991081
382.650526 -0.7289960 -0.0230071 0.0284379 -0.0071348 -0.0028800 0.0449873 0.9989579
382.750517 -0.7393545 -0.0242114 0.0306271 -0.0033300 -0.0001070 0.0458223 0.9989440
382.850507 -0.7512630 -0.0242600 0.0334186 -0.0036869 -0.0006379 0.0430883 0.9990643
383.050488 -0.7708010 -0.0209972 0.0357629 -0.0178239 -0.0015962 0.0518273 0.9984957
387.150091 -0.7763854 -0.0175027 0.0373151 0.0207433 -0.0388393 0.0672048 0.9967672
387.450062 -0.7762536 -0.0177777 0.0375619 0.0205608 -0.0389442 0.0674054 0.9967533
387.950013 -0.7762268 -0.0178251 0.0374853 0.0205998 -0.0390261 0.0675945 0.9967365
388.399970 -0.7760302 -0.0177912 0.0380675 0.0206897 -0.0390303 0.0677854 0.9967215
389.049907 -0.7760625 -0.0178739 0.0381896 0.0206071 -0.0389551 0.0676852 0.9967330
390.949723 -0.7772036 -0.0180781 0.0363449 0.0201156 -0.0384466 0.0677449 0.9967587
