368.951853 0.0000000 0.0000000 0.0000000 -0.0000000 -0.0000000 -0.0000000 1.0000000
369.201828 -0.0181499 0.0003676 0.0006919 -0.0001655 0.0092207 0.0000940 0.9999575
369.251824 -0.0210215 0.0001573 0.0002871 -0.0005126 0.0093276 0.0002247 0.9999564
369.751775 -0.0377688 0.0003720 0.0005893 -0.0018213 0.0171583 -0.0002617 0.9998511
370.301722 -0.0836375 0.0005280 0.0003039 -0.0017836 0.0160861 0.0009354 0.9998686
370.651688 -0.1041895 0.0005014 0.0017764 -0.0021586 0.0210012 0.0013021 0.9997762
370.751678 -0.1093119 0.0005881 0.0023798 -0.0021610 0.0240226 0.0014730 0.9997080
371.301625 -0.1406951 0.0008462 0.0027954 -0.0022998 0.0328631 0.0015665 0.9994560
371.751582 -0.1700656 0.0006153 0.0051354 -0.0023177 0.0267059 0.0017438 0.9996392
372.101548 -0.1893337 0.0006492 0.0064882 -0.0021367 0.0249100 0.0019604 0.9996855
372.301528 -0.1998605 0.0007732 0.0076699 -0.0021338 0.0229027 0.0019793 0.9997335
373.051456 -0.2442590 0.0008386 0.0075081 -0.0021365 0.0220775 0.0016646 0.9997526
373.401422 -0.2662587 0.0004462 0.0087161 -0.0018077 0.0182662 0.0019825 0.9998296
373.651398 -0.2832928 0.0004796 0.0080801 -0.0012311 0.0232073 0.0022851 0.9997273
373.751388 -0.2924745 0.0003977 0.0086979 -0.0007674 0.0215585 0.0023367 0.9997646
374.651301 -0.3614036 0.0001284 0.0157838 -0.0040181 -0.0041047 0.0013031 0.9999827
374.851281 -0.3739445 0.0002544 0.0156934 -0.0037441 0.0050228 0.0018322 0.9999787
375.351233 -0.4034348 0.0001995 0.0166516 -0.0022255 0.0061700 0.0025878 0.9999751
375.801190 -0.4174114 0.0001678 0.0164698 -0.0031481 0.0115477 0.0021193 0.9999261
376.151156 -0.4342576 -0.0000451 0.0181324 -0.0034733 0.0081358 0.0024548 0.9999579
376.701102 -0.4535905 0.0001719 0.0191432 -0.0044604 0.0118615 0.0022163 0.9999173
376.801093 -0.4581056 -0.0000147 0.0195328 -0.0043841 0.0095600 0.0021046 0.9999425
377.751001 -0.4987060 -0.0003267 0.0201639 -0.0030167 0.0182742 0.0035494 0.9998221
378.050972 -0.5156244 -0.0002347 0.0198506 -0.0037668 0.0280797 0.0030212 0.9995940
378.150962 -0.5206736 -0.0005111 0.0196363 -0.0040307 0.0284725 0.0029159 0.9995822
378.550923 -0.5428637 -0.0001213 0.0199461 -0.0053846 0.0293757 0.0019936 0.9995520
378.950885 -0.5640932 -0.0006398 0.0206291 -0.0056020 0.0276567 0.0022101 0.9995993
379.050875 -0.5700106 -0.0003095 0.0210528 -0.0053189 0.0279975 0.0021167 0.9995916
379.450836 -0.5932152 -0.0004644 0.0208405 -0.0054867 0.0256157 0.0022630 0.9996542
379.650817 -0.6046604 -0.0005839 0.0217171 -0.0052060 0.0235791 0.0021812 0.9997060
379.800802 -0.6135460 -0.0007696 0.0214991 -0.0051358 0.0202336 0.0025606 0.9997788
379.950788 -0.6209499 -0.0011683 0.0224820 -0.0051049 0.0164096 0.0025938 0.9998490
380.600725 -0.6471880 -0.0013842 0.0259516 -0.0066145 0.0072014 0.0045022 0.9999421
380.700715 -0.6540916 -0.0015346 0.0248500 -0.0066968 0.0063901 0.0055607 0.9999417
381.400647 -0.6870546 -0.0014174 0.0272073 -0.0097459 -0.0055723 0.0096534 0.9998904
381.650623 -0.6967000 -0.0026209 0.0254019 -0.0152685 -0.0011499 0.0240111 0.9995944
381.800609 -0.7055382 -0.0032855 0.0244810 -0.0175419 -0.0055341 0.0380535 0.9991064
382.100580 -0.7281240 -0.0184645 0.0248359 -0.0059398 -0.0138677 0.0487189 0.9986987
382.200570 -0.7402828 -0.0234912 0.0264109 -0.0042029 -0.0097712 0.0460951 0.9988804
382.300560 -0.7519712 -0.0256532 0.0294726 -0.0044547 -0.0076137 0.0454791 0.9989263
382.400550 -0.7630070 -0.0255541 0.0318836 -0.0074694 -0.0045149 0.0453531 0.9989329
382.600531 -0.7836152 -0.0253215 0.0362152 -0.0078343 -0.0013824 0.0439877 0.9990004
382.800512 -0.8067908 -0.0273702 0.0410542 -0.0023105 0.0021979 0.0448137 0.9989903
386.750129 -0.8398260 -0.0200791 0.0468280 0.0212516 -0.0369596 0.0688183 0.9967178
387.350071 -0.8396262 -0.0199878 0.0470834 0.0212944 -0.0370478 0.0686043 0.9967284
387.450062 -0.8397910 -0.0198603 0.0464586 0.0211662 -0.0368947 0.0685723 0.9967390
388.249984 -0.8400428 -0.0207564 0.0466562 0.0209750 -0.0366403 0.0684710 0.9967594
388.799931 -0.8398174 -0.0205221 0.0470631 0.0210619 -0.0367904 0.0683530 0.9967601
391.349684 -0.8399062 -0.0201276 0.0466787 0.0211008 -0.0372201 0.0690050 0.9966984
