368.951853 0.0000000 0.0000000 0.0000000 -0.0000000 -0.0000000 -0.0000000 1.0000000
369.201828 -0.0178903 0.0000491 0.0010620 -0.0003402 0.0091640 0.0000548 0.9999580
369.251824 -0.0206342 0.0000608 0.0008370 -0.0004484 0.0091281 0.0002374 0.9999582
369.601790 -0.0283154 0.0002147 0.0001930 -0.0011772 0.0170131 0.0000783 0.9998546
370.701683 -0.1068552 0.0004697 0.0013811 -0.0022701 0.0230911 0.0014190 0.9997298
370.851669 -0.1136297 0.0004052 0.0023116 -0.0026076 0.0266463 0.0014488 0.9996405
371.201635 -0.1326332 0.0005137 0.0022051 -0.0023960 0.0317539 0.0014369 0.9994918
371.301625 -0.1398053 0.0005947 0.0023343 -0.0025193 0.0326539 0.0015626 0.9994624
372.251533 -0.1961717 0.0003841 0.0053362 -0.0025389 0.0230204 0.0020455 0.9997297
372.501509 -0.2096516 0.0005794 0.0061655 -0.0026359 0.0228683 0.0018819 0.9997333
372.751485 -0.2228849 0.0002847 0.0056207 -0.0027302 0.0248958 0.0017114 0.9996849
373.701393 -0.2869484 -0.0000544 0.0060703 -0.0014067 0.0220580 0.0020905 0.9997535
373.801383 -0.2955583 0.0000596 0.0066137 -0.0010945 0.0198859 0.0023331 0.9997990
373.901373 -0.3025381 0.0001077 0.0082089 -0.0009135 0.0160538 0.0021661 0.9998684
374.301335 -0.3329978 -0.0000304 0.0096418 -0.0028644 0.0077795 0.0019137 0.9999638
374.551310 -0.3531125 0.0000109 0.0123312 -0.0035763 -0.0079762 0.0014440 0.9999608
374.651301 -0.3602309 -0.0000131 0.0127282 -0.0045098 -0.0047445 0.0012703 0.9999778
374.801286 -0.3703160 -0.0000638 0.0132519 -0.0045304 0.0019578 0.0013318 0.9999869
375.551214 -0.4054428 0.0001852 0.0133200 -0.0034250 0.0080328 0.0024121 0.9999590
376.301141 -0.4400254 0.0000004 0.0159770 -0.0039755 0.0051049 0.0023021 0.9999765
376.601112 -0.4489332 0.0002035 0.0161969 -0.0049562 0.0123427 0.0022024 0.9999092
376.801093 -0.4565848 -0.0000717 0.0164443 -0.0046719 0.0084259 0.0022677 0.9999511
377.601015 -0.4912251 -0.0006339 0.0174399 -0.0035434 0.0122166 0.0029665 0.9999147
378.200957 -0.5224131 -0.0004000 0.0164203 -0.0045555 0.0283379 0.0029594 0.9995837
378.600918 -0.5443313 -0.0004287 0.0172256 -0.0059916 0.0269869 0.0019877 0.9996158
378.700909 -0.5496144 -0.0001698 0.0176718 -0.0057885 0.0260977 0.0018360 0.9996409
378.900889 -0.5597017 -0.0004781 0.0180606 -0.0059597 0.0253966 0.0018433 0.9996580
379.100870 -0.5729487 -0.0006266 0.0170897 -0.0059964 0.0272812 0.0019910 0.9996078
379.300851 -0.5858179 -0.0005921 0.0172869 -0.0062139 0.0260032 0.0018062 0.9996409
379.450836 -0.5930791 -0.0003625 0.0169041 -0.0060177 0.0250041 0.0016781 0.9996678
379.650817 -0.6052531 -0.0006622 0.0177611 -0.0058618 0.0233935 0.0015525 0.9997080
380.200763 -0.6292357 -0.0005454 0.0198486 -0.0055175 0.0140845 0.0023162 0.9998829
380.400744 -0.6383713 -0.0008986 0.0210769 -0.0062971 0.0109112 0.0026364 0.9999172
380.500734 -0.6426188 -0.0008826 0.0211328 -0.0062400 0.0074762 0.0033347 0.9999470
381.050681 -0.6731210 -0.0012956 0.0229760 -0.0070825 0.0001260 0.0077215 0.9999451
381.300657 -0.6846040 -0.0011308 0.0226662 -0.0091144 -0.0067742 0.0089676 0.9998953
381.400647 -0.6880575 -0.0012951 0.0226425 -0.0102195 -0.0060326 0.0093304 0.9998860
381.850604 -0.7095973 -0.0034406 0.0188570 -0.0164143 -0.0052499 0.0391094 0.9990863
382.150575 -0.7356892 -0.0210331 0.0221880 -0.0048212 -0.0122356 0.0471257 0.9988024
382.250565 -0.7475889 -0.0244736 0.0239946 -0.0039051 -0.0081669 0.0443848 0.9989735
382.500541 -0.7741157 -0.0250389 0.0298653 -0.0084138 -0.0009495 0.0412234 0.9991141
382.600531 -0.7861568 -0.0246063 0.0321780 -0.0081526 -0.0015294 0.0438026 0.9990058
382.700521 -0.7958540 -0.0247381 0.0353000 -0.0047383 -0.0002333 0.0467450 0.9988956
382.800512 -0.8077262 -0.0263496 0.0382356 -0.0021540 0.0013660 0.0446259 0.9990005
385.800221 -0.8417223 -0.0189951 0.0424037 0.0209608 -0.0372655 0.0679038 0.9967753
387.450062 -0.8418267 -0.0190150 0.0421957 0.0210435 -0.0375061 0.0682284 0.9967424
388.000008 -0.8419773 -0.0190026 0.0419689 0.0211419 -0.0375603 0.0684549 0.9967228
388.499960 -0.8420846 -0.0195469 0.0423877 0.0207238 -0.0374551 0.0684173 0.9967381
390.899728 -0.8421155 -0.0196506 0.0424113 0.0207837 -0.0374606 0.0689410 0.9967005
391.949626 -0.8421973 -0.0195319 0.0422202 0.0207015 -0.0372331 0.0689423 0.9967107
