368.951853 0.0000000 0.0000000 0.0000000 -0.0000000 -0.0000000 -0.0000000 1.0000000
369.151833 -0.0147760 0.0001745 0.0009382 -0.0001508 0.0067123 -0.0000585 0.9999775
369.201828 -0.0168845 0.0004271 0.0008103 -0.0001117 0.0087181 0.0002141 0.9999620
369.851766 -0.0439783 0.0006108 0.0003765 -0.0018866 0.0186327 -0.0001666 0.9998246
370.251727 -0.0767225 0.0006483 0.0000391 -0.0017229 0.0138036 0.0006542 0.9999030
370.801674 -0.1086296 0.0005402 0.0024112 -0.0024011 0.0243148 0.0010301 0.9997010
370.951659 -0.1150123 0.0003370 0.0025676 -0.0024097 0.0282272 0.0008436 0.9995983
371.101644 -0.1231072 0.0003658 0.0024023 -0.0024025 0.0297391 0.0011861 0.9995542
372.051553 -0.1817131 0.0004032 0.0053704 -0.0023133 0.0243856 0.0017872 0.9996983
372.201538 -0.1894324 0.0004718 0.0064694 -0.0023055 0.0221854 0.0016718 0.9997498
372.351523 -0.1973396 0.0003574 0.0068735 -0.0024177 0.0212214 0.0016935 0.9997705
372.501509 -0.2051052 0.0003127 0.0068324 -0.0026167 0.0217852 0.0014023 0.9997583
373.001461 -0.2350273 0.0003907 0.0068517 -0.0023812 0.0201190 0.0011811 0.9997941
373.651398 -0.2763160 0.0002677 0.0061491 -0.0015020 0.0215012 0.0015999 0.9997664
373.751388 -0.2851919 0.0002581 0.0069994 -0.0011100 0.0195187 0.0021184 0.9998066
373.801383 -0.2893801 0.0000600 0.0071304 -0.0010050 0.0184974 0.0017601 0.9998268
374.551310 -0.3455924 0.0002152 0.0128598 -0.0033137 -0.0099165 0.0010843 0.9999447
374.751291 -0.3594609 0.0003184 0.0130610 -0.0046575 -0.0005936 0.0008858 0.9999886
375.051262 -0.3777327 0.0001136 0.0125242 -0.0030379 0.0094319 0.0017791 0.9999493
376.051165 -0.4197070 0.0000095 0.0148590 -0.0033774 0.0057868 0.0022147 0.9999751
376.551117 -0.4385125 0.0001868 0.0159140 -0.0050615 0.0089958 0.0017203 0.9999453
376.701102 -0.4436457 0.0001416 0.0159501 -0.0047777 0.0093237 0.0016390 0.9999438
376.801093 -0.4477734 0.0000912 0.0164638 -0.0045936 0.0067790 0.0017013 0.9999650
377.001073 -0.4543643 -0.0001792 0.0166240 -0.0039692 0.0052353 0.0017573 0.9999769
377.900986 -0.4971130 -0.0003752 0.0158440 -0.0040540 0.0223528 0.0024819 0.9997389
378.150962 -0.5093908 -0.0003650 0.0161418 -0.0043112 0.0254586 0.0022444 0.9996641
378.550923 -0.5312464 -0.0002000 0.0160705 -0.0058303 0.0262051 0.0013060 0.9996387
379.050875 -0.5581754 -0.0002347 0.0164260 -0.0057441 0.0246806 0.0015352 0.9996777
379.150865 -0.5654730 -0.0003460 0.0156819 -0.0059857 0.0246734 0.0013562 0.9996767
379.250855 -0.5717682 -0.0003146 0.0155646 -0.0062309 0.0235209 0.0011314 0.9997033
379.450836 -0.5820732 -0.0008318 0.0153949 -0.0064588 0.0229567 0.0011080 0.9997150
379.600822 -0.5902463 -0.0006554 0.0155731 -0.0060167 0.0219557 0.0009394 0.9997404
379.950788 -0.6094433 -0.0005293 0.0166907 -0.0054920 0.0135937 0.0012128 0.9998918
380.300754 -0.6216300 -0.0006266 0.0179052 -0.0064542 0.0106039 0.0012878 0.9999222
380.500734 -0.6309210 -0.0010560 0.0188617 -0.0068542 0.0054029 0.0022282 0.9999595
380.600725 -0.6350192 -0.0005879 0.0189700 -0.0071129 0.0040364 0.0031291 0.9999617
381.250662 -0.6695550 -0.0012294 0.0202341 -0.0087478 -0.0114205 0.0069716 0.9998723
381.350652 -0.6727930 -0.0008612 0.0202341 -0.0099120 -0.0094105 0.0077652 0.9998764
381.450642 -0.6758435 -0.0009333 0.0199478 -0.0113047 -0.0069995 0.0089991 0.9998711
382.100580 -0.7152362 -0.0172464 0.0181448 -0.0064424 -0.0175592 0.0474279 0.9986995
382.200570 -0.7270014 -0.0219362 0.0193175 -0.0044657 -0.0136126 0.0444364 0.9989095
382.300560 -0.7383291 -0.0241489 0.0215706 -0.0049547 -0.0114547 0.0438625 0.9989597
382.500541 -0.7595960 -0.0239493 0.0255908 -0.0085428 -0.0041326 0.0396036 0.9991704
382.600531 -0.7704583 -0.0233727 0.0284927 -0.0081783 -0.0050030 0.0419937 0.9990719
382.700521 -0.7811512 -0.0242149 0.0304033 -0.0053734 -0.0033900 0.0450985 0.9989623
382.800512 -0.7930405 -0.0258094 0.0340850 -0.0025786 -0.0018343 0.0428372 0.9990771
384.300366 -0.8257704 -0.0180652 0.0395960 0.0203452 -0.0409022 0.0669279 0.9967115
386.250178 -0.8256290 -0.0181582 0.0393311 0.0205975 -0.0412426 0.0668238 0.9966993
388.249984 -0.8264473 -0.0182767 0.0388556 0.0206057 -0.0407456 0.0666449 0.9967315
388.399970 -0.8264564 -0.0183748 0.0389569 0.0205232 -0.0408148 0.0667053 0.9967263
390.899728 -0.8264610 -0.0182899 0.0387939 0.0204552 -0.0410692 0.0668437 0.9967080
393.549471 -0.8263676 -0.0182306 0.0389457 0.0205624 -0.0412480 0.0672781 0.9966692
