368.951853 0.0000000 0.0000000 0.0000000 -0.0000000 -0.0000000 -0.0000000 1.0000000
369.151833 -0.0123057 0.0000676 0.0008971 -0.0002476 0.0063818 0.0001083 0.9999796
369.201828 -0.0144235 0.0001096 0.0006889 -0.0002602 0.0086376 0.0004108 0.9999626
369.851766 -0.0370043 0.0003121 0.0008110 -0.0021008 0.0184440 -0.0000847 0.9998277
370.651688 -0.0856909 0.0001298 0.0022211 -0.0022232 0.0206041 0.0010628 0.9997847
370.751678 -0.0893665 0.0000985 0.0025455 -0.0023359 0.0232289 0.0012438 0.9997267
370.951659 -0.0970262 0.0001346 0.0030692 -0.0024314 0.0285083 0.0009887 0.9995901
371.401615 -0.1204797 0.0001045 0.0031022 -0.0024891 0.0314282 0.0012297 0.9995022
372.401519 -0.1677775 0.0000425 0.0068072 -0.0024975 0.0215545 0.0014826 0.9997634
372.551504 -0.1744128 0.0003436 0.0068559 -0.0025068 0.0230232 0.0014722 0.9997307
372.751485 -0.1828136 0.0002210 0.0070326 -0.0023194 0.0238354 0.0014545 0.9997122
372.951465 -0.1941663 0.0000807 0.0067249 -0.0023309 0.0206886 0.0014509 0.9997822
373.751388 -0.2390114 -0.0001175 0.0074439 -0.0011119 0.0199391 0.0022322 0.9997981
373.901373 -0.2482537 -0.0000874 0.0083865 -0.0006986 0.0151060 0.0020240 0.9998837
374.001364 -0.2551650 -0.0002626 0.0088828 -0.0014613 0.0118392 0.0017994 0.9999272
374.501315 -0.2860348 -0.0000613 0.0116900 -0.0031092 -0.0080616 0.0011894 0.9999620
374.851281 -0.3054349 -0.0001923 0.0126500 -0.0040366 0.0030149 0.0013325 0.9999865
375.601209 -0.3342161 -0.0001575 0.0132080 -0.0035848 0.0097037 0.0017635 0.9999449
376.001170 -0.3489596 -0.0002316 0.0142261 -0.0032520 0.0043678 0.0024205 0.9999822
376.301141 -0.3605838 -0.0002789 0.0155844 -0.0038586 0.0036128 0.0017739 0.9999844
376.401131 -0.3636615 -0.0002252 0.0158649 -0.0041508 0.0033945 0.0019473 0.9999837
376.701102 -0.3707001 -0.0001028 0.0156168 -0.0046887 0.0095444 0.0017737 0.9999419
377.900986 -0.4153388 -0.0004667 0.0164929 -0.0037509 0.0229527 0.0026462 0.9997260
378.100967 -0.4235688 -0.0003706 0.0165104 -0.0039442 0.0255941 0.0022440 0.9996622
378.200957 -0.4280178 -0.0003449 0.0161885 -0.0042750 0.0268713 0.0022074 0.9996274
378.950885 -0.4605358 -0.0002272 0.0171973 -0.0054911 0.0246729 0.0012173 0.9996797
379.100870 -0.4687928 -0.0002024 0.0167735 -0.0053997 0.0254244 0.0013357 0.9996613
379.300851 -0.4788343 -0.0001239 0.0168474 -0.0055765 0.0238539 0.0008219 0.9996996
379.500831 -0.4872598 -0.0005687 0.0165681 -0.0056917 0.0229317 0.0007304 0.9997206
379.950788 -0.5078883 -0.0008302 0.0173308 -0.0054205 0.0137850 0.0011384 0.9998897
380.250759 -0.5161484 -0.0006253 0.0185564 -0.0057718 0.0113167 0.0014886 0.9999182
380.350749 -0.5199192 -0.0007833 0.0185392 -0.0061774 0.0095519 0.0014317 0.9999343
380.450739 -0.5238177 -0.0003913 0.0194293 -0.0057593 0.0070142 0.0014704 0.9999577
380.900696 -0.5454734 -0.0008592 0.0192432 -0.0064221 -0.0021099 0.0039217 0.9999695
381.000686 -0.5485089 -0.0010017 0.0192318 -0.0068414 -0.0029922 0.0061419 0.9999533
381.350652 -0.5639172 -0.0007593 0.0190402 -0.0096289 -0.0070117 0.0077292 0.9998992
381.450642 -0.5639084 -0.0009236 0.0190120 -0.0110259 -0.0064801 0.0095703 0.9998724
381.800609 -0.5642882 -0.0017540 0.0233049 -0.0168075 -0.0194882 0.0351672 0.9990501
381.900599 -0.5642297 -0.0021382 0.0247636 -0.0136757 -0.0248323 0.0386751 0.9988496
382.000589 -0.5652810 -0.0031283 0.0284952 -0.0057429 -0.0343282 0.0440516 0.9984228
382.300560 -0.5670070 -0.0057178 0.0399706 0.0096332 -0.0528075 0.0348319 0.9979506
382.500541 -0.5649149 -0.0063470 0.0426723 0.0044424 -0.0633101 0.0293496 0.9975523
382.600531 -0.5637144 -0.0067867 0.0436649 0.0038832 -0.0718892 0.0274129 0.9970283
382.700521 -0.5626629 -0.0074314 0.0452640 0.0059288 -0.0790168 0.0283393 0.9964527
382.800512 -0.5618895 -0.0078546 0.0464426 0.0086424 -0.0850525 0.0236488 0.9960583
383.100483 -0.5593569 -0.0098922 0.0495319 -0.0237378 -0.1087188 0.0257687 0.9934549
384.400357 -0.5589479 -0.0101671 0.0499837 0.0191161 -0.1494472 0.0409838 0.9877350
387.350071 -0.5588931 -0.0101871 0.0500889 0.0194306 -0.1501652 0.0411189 0.9876143
387.600047 -0.5588484 -0.0101917 0.0500798 0.0193071 -0.1504427 0.0411513 0.9875732
388.999911 -0.5588825 -0.0101727 0.0501143 0.0193840 -0.1501944 0.0413340 0.9876019
389.499863 -0.5588928 -0.0101680 0.0501239 0.0193810 -0.1501903 0.0411884 0.9876086
391.599660 -0.5588931 -0.0101595 0.0501124 0.0195916 -0.1501933 0.0412147 0.9876029
