368.951853 0.0000000 0.0000000 0.0000000 -0.0000000 -0.0000000 -0.0000000 1.0000000
369.151833 -0.0128053 0.0003506 0.0011839 0.0000416 0.0065971 -0.0002599 0.9999782
369.201828 -0.0150301 0.0004726 0.0008917 0.0000064 0.0090119 0.0000611 0.9999594
370.251727 -0.0663603 0.0005644 0.0012423 -0.0016279 0.0141903 0.0004026 0.9998980
370.651688 -0.0868349 0.0003416 0.0024121 -0.0021335 0.0203566 0.0008426 0.9997902
370.951659 -0.0983639 0.0001343 0.0029931 -0.0024791 0.0282897 0.0007374 0.9995964
371.101644 -0.1050484 0.0001997 0.0028493 -0.0023937 0.0296504 0.0009646 0.9995570
372.051553 -0.1543466 0.0004512 0.0058860 -0.0021565 0.0237254 0.0017465 0.9997147
372.351523 -0.1678163 0.0004210 0.0072760 -0.0022074 0.0207653 0.0015560 0.9997808
372.501509 -0.1746594 0.0004831 0.0073259 -0.0023853 0.0213859 0.0011348 0.9997678
372.651494 -0.1810061 0.0003940 0.0070705 -0.0023996 0.0236526 0.0012535 0.9997166
373.401422 -0.2203360 0.0001601 0.0079667 -0.0017982 0.0158038 0.0013794 0.9998726
374.251339 -0.2738376 -0.0000829 0.0103548 -0.0025127 0.0087927 0.0018424 0.9999565
374.351330 -0.2794225 -0.0002100 0.0101525 -0.0029470 0.0003896 0.0016104 0.9999943
374.751291 -0.3048060 0.0001832 0.0134259 -0.0044240 -0.0013051 0.0007748 0.9999891
374.851281 -0.3089068 -0.0001433 0.0129345 -0.0039682 0.0015063 0.0010908 0.9999904
375.601209 -0.3380628 0.0001197 0.0132730 -0.0033327 0.0081123 0.0017648 0.9999600
375.751194 -0.3434996 -0.0000620 0.0136026 -0.0034995 0.0086628 0.0016669 0.9999550
376.401131 -0.3678781 -0.0001090 0.0152423 -0.0041034 0.0016607 0.0018015 0.9999886
376.551117 -0.3710580 0.0001894 0.0151025 -0.0047931 0.0079215 0.0014677 0.9999561
376.801093 -0.3783391 0.0000099 0.0155105 -0.0043321 0.0050559 0.0018202 0.9999762
377.501025 -0.4046136 -0.0004120 0.0160687 -0.0031273 0.0053780 0.0023306 0.9999779
377.651010 -0.4086665 -0.0002722 0.0159572 -0.0030487 0.0104760 0.0027133 0.9999368
377.900986 -0.4200918 -0.0003408 0.0151812 -0.0037911 0.0208767 0.0024201 0.9997720
378.150962 -0.4305371 -0.0003519 0.0154427 -0.0040199 0.0239085 0.0021049 0.9997039
378.850894 -0.4622245 -0.0002117 0.0163406 -0.0055670 0.0214473 0.0008647 0.9997541
378.950885 -0.4664732 -0.0002962 0.0154693 -0.0056530 0.0228268 0.0012551 0.9997227
379.100870 -0.4745661 -0.0002165 0.0145998 -0.0056072 0.0232689 0.0012554 0.9997128
379.500831 -0.4934569 -0.0005686 0.0144652 -0.0058569 0.0206927 0.0008088 0.9997684
379.700812 -0.5034694 -0.0004231 0.0149039 -0.0056807 0.0178322 0.0009207 0.9998244
379.950788 -0.5145158 -0.0003067 0.0153479 -0.0052734 0.0115622 0.0008885 0.9999189
380.200763 -0.5213196 -0.0004660 0.0162526 -0.0055624 0.0097968 0.0009116 0.9999362
380.300754 -0.5245965 -0.0006255 0.0162385 -0.0063114 0.0084351 0.0013929 0.9999436
380.500734 -0.5322972 -0.0001983 0.0175738 -0.0057792 0.0030893 0.0019955 0.9999766
381.550633 -0.5735276 -0.0006967 0.0186558 -0.0129905 -0.0066562 0.0129982 0.9998090
381.850604 -0.5868034 -0.0026675 0.0155597 -0.0165663 -0.0106834 0.0381086 0.9990792
382.050584 -0.5979819 -0.0108313 0.0174851 -0.0092780 -0.0201203 0.0491365 0.9985463
382.150575 -0.6086749 -0.0171603 0.0176137 -0.0047647 -0.0176522 0.0456599 0.9987897
382.250565 -0.6185440 -0.0197516 0.0187011 -0.0037696 -0.0136762 0.0431208 0.9989691
382.450546 -0.6368077 -0.0201924 0.0229920 -0.0087406 -0.0075639 0.0410965 0.9990883
382.650526 -0.6543816 -0.0198401 0.0270849 -0.0065687 -0.0073099 0.0442744 0.9989711
382.750517 -0.6635303 -0.0214954 0.0279040 -0.0032446 -0.0048639 0.0453623 0.9989535
382.850507 -0.6743307 -0.0207601 0.0307525 -0.0029860 -0.0052837 0.0426093 0.9990734
382.950497 -0.6844602 -0.0202793 0.0318144 -0.0062735 -0.0069910 0.0498269 0.9987137
383.050488 -0.6911803 -0.0176540 0.0312456 -0.0174673 -0.0066451 0.0507343 0.9985373
387.350071 -0.6973413 -0.0145490 0.0312024 0.0208135 -0.0433892 0.0667781 0.9966067
388.000008 -0.6972291 -0.0146349 0.0315465 0.0206055 -0.0434601 0.0668700 0.9966018
388.349974 -0.6965992 -0.0148476 0.0323500 0.0209136 -0.0437659 0.0666296 0.9965981
388.899921 -0.6965355 -0.0148165 0.0322806 0.0208388 -0.0437645 0.0666664 0.9965972
390.949723 -0.6966239 -0.0147701 0.0321731 0.0206760 -0.0437737 0.0667065 0.9965975
