368.951853 0.0000000 0.0000000 0.0000000 -0.0000000 -0.0000000 -0.0000000 1.0000000
369.201828 -0.0180780 0.0003140 0.0008655 -0.0002479 0.0093222 0.0002718 0.9999565
369.251824 -0.0206001 0.0001970 0.0007750 -0.0003942 0.0092362 0.0004249 0.9999572
369.751775 -0.0374497 0.0003302 0.0008911 -0.0017774 0.0172496 -0.0000774 0.9998497
370.451707 -0.0927243 0.0004256 0.0009277 -0.0018792 0.0162474 0.0008102 0.9998659
370.651688 -0.1029932 0.0005576 0.0018713 -0.0020708 0.0213815 0.0010335 0.9997687
370.751678 -0.1074718 0.0004683 0.0019062 -0.0022279 0.0240823 0.0011389 0.9997069
371.301625 -0.1380933 0.0004939 0.0024767 -0.0024273 0.0327375 0.0014163 0.9994600
372.051553 -0.1834429 0.0005383 0.0055013 -0.0022258 0.0254106 0.0018247 0.9996729
372.201538 -0.1913092 0.0004877 0.0065051 -0.0022440 0.0234248 0.0017389 0.9997216
372.451514 -0.2044777 0.0005127 0.0070910 -0.0022683 0.0228157 0.0016248 0.9997358
372.751485 -0.2206251 0.0002457 0.0072411 -0.0024031 0.0252059 0.0013620 0.9996785
373.451417 -0.2649046 0.0003199 0.0081834 -0.0016177 0.0202083 0.0020965 0.9997923
373.701393 -0.2836588 0.0002004 0.0080728 -0.0010831 0.0223936 0.0021469 0.9997464
374.001364 -0.3075198 0.0003041 0.0105837 -0.0011295 0.0135147 0.0022412 0.9999055
374.151349 -0.3192600 0.0001450 0.0113067 -0.0023392 0.0141838 0.0020884 0.9998945
374.651301 -0.3557272 0.0002005 0.0151503 -0.0039808 -0.0041575 0.0014429 0.9999824
374.701296 -0.3586738 0.0001448 0.0152714 -0.0043574 -0.0013678 0.0013016 0.9999887
374.801286 -0.3645932 -0.0000241 0.0148767 -0.0042187 0.0017951 0.0015785 0.9999883
375.601209 -0.4020868 0.0001916 0.0154643 -0.0032369 0.0114379 0.0025188 0.9999262
376.551117 -0.4413865 -0.0001787 0.0176054 -0.0050151 0.0116823 0.0019777 0.9999172
376.701102 -0.4461598 -0.0001805 0.0178367 -0.0046595 0.0116859 0.0022468 0.9999183
376.901083 -0.4533975 -0.0001196 0.0190861 -0.0040653 0.0067648 0.0025587 0.9999656
377.001073 -0.4565054 -0.0004035 0.0189049 -0.0038072 0.0074483 0.0025101 0.9999619
378.350943 -0.5224010 -0.0006504 0.0191703 -0.0047885 0.0300602 0.0022091 0.9995342
378.450933 -0.5281807 -0.0005103 0.0187057 -0.0052413 0.0300461 0.0021127 0.9995325
378.650914 -0.5385001 -0.0004468 0.0199661 -0.0054751 0.0269897 0.0019229 0.9996189
378.750904 -0.5437324 -0.0004554 0.0199937 -0.0053088 0.0265729 0.0017117 0.9996313
379.250855 -0.5733173 -0.0002541 0.0195841 -0.0055993 0.0261802 0.0016408 0.9996402
379.500831 -0.5862929 -0.0007393 0.0195423 -0.0054343 0.0254733 0.0016637 0.9996594
379.600822 -0.5919583 -0.0008196 0.0193351 -0.0055738 0.0247305 0.0017761 0.9996771
379.950788 -0.6110211 -0.0010551 0.0209137 -0.0050906 0.0165957 0.0021810 0.9998469
380.400744 -0.6269664 -0.0009942 0.0232629 -0.0059289 0.0109800 0.0027525 0.9999183
380.500734 -0.6314756 -0.0010536 0.0232784 -0.0058488 0.0079802 0.0033877 0.9999453
380.900696 -0.6551000 -0.0011050 0.0234539 -0.0061583 0.0000897 0.0053760 0.9999666
381.400647 -0.6756535 -0.0017660 0.0237841 -0.0103373 -0.0060077 0.0096087 0.9998823
381.650623 -0.6852254 -0.0023275 0.0229385 -0.0152548 -0.0013349 0.0238365 0.9995986
381.900599 -0.6994962 -0.0051179 0.0194482 -0.0159429 -0.0071529 0.0427166 0.9989344
382.100580 -0.7163855 -0.0185810 0.0217439 -0.0065541 -0.0143862 0.0491687 0.9986654
382.200570 -0.7279468 -0.0230444 0.0238094 -0.0043613 -0.0105131 0.0461422 0.9988701
382.300560 -0.7398054 -0.0252275 0.0264082 -0.0047420 -0.0081149 0.0456792 0.9989120
382.500541 -0.7600844 -0.0250110 0.0302884 -0.0083441 -0.0011807 0.0411882 0.9991159
382.700521 -0.7821715 -0.0258894 0.0349737 -0.0054275 -0.0000807 0.0470348 0.9988785
382.800512 -0.7936004 -0.0268272 0.0377544 -0.0024839 0.0013583 0.0446807 0.9989973
383.350458 -0.8269938 -0.0151741 0.0451249 -0.0178664 -0.0122203 0.0588644 0.9980313
386.350168 -0.8264216 -0.0189234 0.0422301 0.0211842 -0.0377715 0.0685329 0.9967085
387.150091 -0.8265134 -0.0185855 0.0426138 0.0215266 -0.0376691 0.0681394 0.9967320
387.400066 -0.8261206 -0.0189667 0.0430302 0.0213608 -0.0380795 0.0686248 0.9966867
388.399970 -0.8266351 -0.0191730 0.0425028 0.0210799 -0.0377890 0.0685443 0.9967092
391.549665 -0.8268146 -0.0190181 0.0420455 0.0209699 -0.0379230 0.0685348 0.9967071
392.349587 -0.8268462 -0.0190111 0.0419199 0.0208855 -0.0378665 0.0684587 0.9967163
