368.951853 0.0000000 0.0000000 0.0000000 -0.0000000 -0.0000000 -0.0000000 1.0000000
369.201828 -0.0173147 0.0003796 0.0007722 -0.0001561 0.0092998 0.0002016 0.9999567
369.251824 -0.0198136 0.0002603 0.0006163 -0.0004135 0.0091275 0.0003951 0.9999582
369.751775 -0.0358962 0.0002610 0.0003341 -0.0019284 0.0171072 -0.0001580 0.9998518
370.751678 -0.1036882 0.0004199 0.0013111 -0.0022697 0.0236175 0.0013013 0.9997177
370.851669 -0.1083023 0.0003880 0.0026116 -0.0024106 0.0261217 0.0015676 0.9996547
371.751582 -0.1616161 0.0006068 0.0050638 -0.0022340 0.0261396 0.0021404 0.9996535
372.201538 -0.1847132 0.0007327 0.0064378 -0.0020457 0.0228031 0.0020662 0.9997358
372.351523 -0.1922124 0.0004075 0.0072008 -0.0022676 0.0216815 0.0020235 0.9997603
373.001461 -0.2292530 0.0003442 0.0071061 -0.0022265 0.0207188 0.0018670 0.9997811
373.401422 -0.2538799 0.0002397 0.0080885 -0.0018118 0.0174957 0.0022007 0.9998429
373.451417 -0.2565083 0.0003610 0.0078623 -0.0015826 0.0195887 0.0022798 0.9998043
373.701393 -0.2748739 0.0002348 0.0074429 -0.0010160 0.0216859 0.0024691 0.9997613
373.901373 -0.2900344 0.0002948 0.0098162 -0.0005237 0.0156788 0.0028950 0.9998728
374.251339 -0.3163328 -0.0003027 0.0104827 -0.0024667 0.0110389 0.0024160 0.9999331
374.501315 -0.3341963 -0.0000391 0.0122663 -0.0029635 -0.0069909 0.0018646 0.9999694
375.601209 -0.3906029 -0.0000903 0.0143566 -0.0032797 0.0105281 0.0027736 0.9999353
375.951175 -0.4055666 -0.0002148 0.0154158 -0.0029215 0.0048280 0.0028801 0.9999800
376.151156 -0.4145489 -0.0003419 0.0167127 -0.0034330 0.0066656 0.0027141 0.9999682
376.251146 -0.4193116 -0.0004653 0.0170708 -0.0036142 0.0051043 0.0025220 0.9999773
376.551117 -0.4287229 -0.0002462 0.0170970 -0.0048942 0.0106416 0.0022596 0.9999288
378.200957 -0.5010149 -0.0008309 0.0174946 -0.0043468 0.0284251 0.0028588 0.9995824
378.300947 -0.5058099 -0.0006391 0.0179572 -0.0045118 0.0288626 0.0026786 0.9995697
378.450933 -0.5138906 -0.0010475 0.0176461 -0.0054741 0.0292478 0.0023573 0.9995545
378.600918 -0.5215352 -0.0007128 0.0182345 -0.0057351 0.0268899 0.0021275 0.9996197
379.000880 -0.5421516 -0.0009140 0.0187072 -0.0056557 0.0272954 0.0021199 0.9996092
379.300851 -0.5611286 -0.0014261 0.0181556 -0.0060656 0.0257826 0.0020971 0.9996470
379.400841 -0.5654227 -0.0011738 0.0181850 -0.0059041 0.0247218 0.0019226 0.9996751
379.500831 -0.5709698 -0.0014301 0.0183802 -0.0058229 0.0247274 0.0020574 0.9996752
380.200763 -0.6025953 -0.0014687 0.0211867 -0.0054206 0.0139424 0.0021522 0.9998858
380.300754 -0.6064255 -0.0014193 0.0215576 -0.0059479 0.0125986 0.0022803 0.9999003
380.400744 -0.6112081 -0.0011953 0.0225813 -0.0058086 0.0107091 0.0026010 0.9999224
380.500734 -0.6152647 -0.0012209 0.0230169 -0.0058295 0.0072852 0.0032873 0.9999511
381.000686 -0.6421490 -0.0019919 0.0240863 -0.0065954 -0.0008828 0.0072074 0.9999519
381.250662 -0.6537451 -0.0021243 0.0250639 -0.0079294 -0.0088289 0.0080927 0.9998968
381.500638 -0.6611248 -0.0023766 0.0246072 -0.0118964 -0.0033084 0.0116632 0.9998558
381.750613 -0.6735190 -0.0039962 0.0229606 -0.0171024 -0.0056105 0.0371526 0.9991475
382.150575 -0.7035533 -0.0209322 0.0248651 -0.0042250 -0.0128695 0.0470972 0.9987985
382.450546 -0.7358282 -0.0252710 0.0306594 -0.0088289 -0.0026110 0.0426277 0.9990487
382.550536 -0.7454140 -0.0247074 0.0323556 -0.0072141 -0.0014135 0.0423474 0.9990759
382.650526 -0.7562454 -0.0247799 0.0349059 -0.0065154 -0.0021522 0.0462376 0.9989069
382.750517 -0.7664923 -0.0267979 0.0370836 -0.0031774 0.0003417 0.0470458 0.9988876
382.850507 -0.7792870 -0.0267758 0.0405237 -0.0032679 0.0002897 0.0445344 0.9990025
383.400454 -0.8053986 -0.0166771 0.0460109 -0.0123564 -0.0135607 0.0654921 0.9976844
387.150091 -0.8047741 -0.0193228 0.0440421 0.0212944 -0.0383746 0.0683714 0.9966942
387.950013 -0.8053637 -0.0200273 0.0439569 0.0209266 -0.0379652 0.0684839 0.9967099
388.349974 -0.8050397 -0.0201486 0.0444687 0.0211003 -0.0381562 0.0688754 0.9966720
388.849926 -0.8050677 -0.0201396 0.0443794 0.0210525 -0.0381902 0.0687916 0.9966775
391.049713 -0.8051182 -0.0201142 0.0441228 0.0211180 -0.0383176 0.0689018 0.9966636
391.349684 -0.8052545 -0.0200408 0.0438872 0.0209418 -0.0381753 0.0687453 0.9966836
