368.951853 0.0000000 0.0000000 0.0000000 -0.0000000 -0.0000000 -0.0000000 1.0000000
369.201828 -0.0180999 0.0002056 0.0009017 -0.0002464 0.0093166 0.0001220 0.9999566
369.251824 -0.0207742 -0.0000301 0.0007335 -0.0005167 0.0092597 0.0003534 0.9999569
369.701780 -0.0344313 0.0003001 0.0007888 -0.0013713 0.0157472 -0.0000092 0.9998751
370.751678 -0.1086171 0.0000488 0.0042193 -0.0023155 0.0243264 0.0008779 0.9997010
370.951659 -0.1172206 0.0002598 0.0044934 -0.0023333 0.0291426 0.0009396 0.9995721
371.101644 -0.1254422 0.0001329 0.0048613 -0.0022749 0.0305442 0.0011104 0.9995302
371.351620 -0.1425268 0.0003266 0.0050073 -0.0023262 0.0328376 0.0013248 0.9994571
372.351523 -0.1992288 0.0003166 0.0091416 -0.0022521 0.0218562 0.0016848 0.9997572
372.651494 -0.2147926 0.0004496 0.0088874 -0.0024112 0.0248780 0.0016023 0.9996863
373.001461 -0.2365363 0.0003721 0.0084112 -0.0022265 0.0206130 0.0016099 0.9997838
373.151446 -0.2466928 0.0002824 0.0087745 -0.0022641 0.0203324 0.0017144 0.9997892
373.801383 -0.2909528 -0.0000881 0.0094717 -0.0007623 0.0187976 0.0020737 0.9998209
373.901373 -0.2980587 0.0002169 0.0108002 -0.0005310 0.0152459 0.0018855 0.9998819
374.551310 -0.3479134 -0.0001848 0.0157051 -0.0033403 -0.0087502 0.0009962 0.9999557
374.651301 -0.3543633 -0.0001776 0.0164834 -0.0041296 -0.0059361 0.0010172 0.9999734
374.901277 -0.3692082 0.0002015 0.0168000 -0.0035219 0.0064012 0.0015045 0.9999722
375.751194 -0.4073185 -0.0001583 0.0171775 -0.0034070 0.0102619 0.0019514 0.9999396
375.851185 -0.4110119 -0.0002016 0.0179860 -0.0029827 0.0071574 0.0022609 0.9999674
375.951175 -0.4160983 -0.0001299 0.0179475 -0.0028927 0.0038770 0.0023132 0.9999856
376.701102 -0.4448018 -0.0001289 0.0197254 -0.0045515 0.0098006 0.0018277 0.9999400
376.901083 -0.4522458 -0.0003059 0.0207081 -0.0041499 0.0050517 0.0020524 0.9999765
377.501025 -0.4791426 -0.0005992 0.0215026 -0.0029549 0.0070584 0.0029073 0.9999665
378.100967 -0.5075071 -0.0005274 0.0204789 -0.0038820 0.0254618 0.0024304 0.9996653
378.200957 -0.5126105 -0.0002447 0.0199975 -0.0040803 0.0266446 0.0022484 0.9996341
378.450933 -0.5261021 -0.0004608 0.0200394 -0.0052412 0.0274729 0.0018352 0.9996071
378.750904 -0.5420353 -0.0007074 0.0211438 -0.0054627 0.0242616 0.0013004 0.9996899
378.950885 -0.5520940 -0.0004355 0.0213492 -0.0054213 0.0247466 0.0014475 0.9996780
379.050875 -0.5580149 -0.0002794 0.0212189 -0.0052086 0.0250184 0.0016157 0.9996721
379.500831 -0.5839471 -0.0007435 0.0206759 -0.0055713 0.0225936 0.0015953 0.9997280
379.700812 -0.5956522 -0.0008833 0.0213669 -0.0055867 0.0198575 0.0016846 0.9997858
379.950788 -0.6083791 -0.0010106 0.0225949 -0.0051772 0.0135664 0.0018178 0.9998930
380.250759 -0.6181520 -0.0014678 0.0234563 -0.0059628 0.0109233 0.0023716 0.9999198
380.350749 -0.6228231 -0.0016221 0.0237083 -0.0062758 0.0092852 0.0023483 0.9999345
380.450739 -0.6273602 -0.0011812 0.0239211 -0.0059563 0.0066084 0.0020857 0.9999583
380.750710 -0.6437751 -0.0008196 0.0250920 -0.0061237 0.0013347 0.0049727 0.9999680
381.050681 -0.6593925 -0.0011517 0.0253159 -0.0066232 -0.0023984 0.0074412 0.9999475
381.500638 -0.6769006 -0.0008463 0.0252174 -0.0111932 -0.0052806 0.0114415 0.9998580
381.800609 -0.6940820 -0.0017443 0.0200732 -0.0170578 -0.0077293 0.0381878 0.9990951
381.900599 -0.6936615 -0.0016966 0.0203155 -0.0138315 -0.0123310 0.0421207 0.9989407
382.000589 -0.6930749 -0.0033949 0.0220659 -0.0070163 -0.0226876 0.0480385 0.9985632
382.100580 -0.6916555 -0.0031692 0.0249711 0.0026206 -0.0316621 0.0469525 0.9983918
382.200570 -0.6966191 -0.0062188 0.0359949 0.0087937 -0.0325517 0.0380970 0.9987050
382.300560 -0.7007076 -0.0092984 0.0437739 0.0083451 -0.0351332 0.0371501 0.9986570
382.500541 -0.7018758 -0.0117771 0.0510186 0.0024097 -0.0407638 0.0323992 0.9986405
382.600531 -0.7041687 -0.0139191 0.0565601 0.0010061 -0.0477859 0.0336221 0.9982911
382.700521 -0.7034260 -0.0148409 0.0587939 0.0032220 -0.0533268 0.0346073 0.9979721
382.800512 -0.7027346 -0.0155190 0.0607615 0.0061563 -0.0589511 0.0301249 0.9977872
383.650430 -0.7005352 -0.0183823 0.0659657 -0.0092435 -0.0948190 0.0476268 0.9943116
387.150091 -0.7004938 -0.0183614 0.0665201 0.0190028 -0.1220958 0.0509849 0.9910258
388.349974 -0.7005426 -0.0182210 0.0662021 0.0193002 -0.1216915 0.0510477 0.9910665
389.499863 -0.7005974 -0.0182670 0.0662457 0.0191248 -0.1216547 0.0512934 0.9910617
396.399195 -0.7006141 -0.0182069 0.0661067 0.0192071 -0.1212676 0.0506491 0.9911407
