368.951853 0.0000000 0.0000000 0.0000000 -0.0000000 -0.0000000 -0.0000000 1.0000000
369.201828 -0.0151937 0.0002943 0.0007336 -0.0001239 0.0091894 0.0004408 0.9999577
369.251824 -0.0176181 0.0002216 0.0007203 -0.0003094 0.0092744 0.0005181 0.9999568
369.601790 -0.0240771 0.0003960 0.0004654 -0.0009513 0.0170875 0.0002951 0.9998535
369.751775 -0.0318228 0.0002122 0.0012219 -0.0017614 0.0170914 0.0002011 0.9998524
370.751678 -0.0911870 0.0003474 0.0015019 -0.0022787 0.0240060 0.0009088 0.9997088
371.201635 -0.1111157 0.0002614 0.0021283 -0.0024126 0.0315837 0.0011024 0.9994976
371.301625 -0.1174142 0.0003270 0.0021448 -0.0024756 0.0326027 0.0011131 0.9994647
371.751582 -0.1419869 0.0002665 0.0038560 -0.0024178 0.0262120 0.0014272 0.9996525
372.151543 -0.1600667 0.0004562 0.0050915 -0.0021601 0.0233056 0.0014346 0.9997250
372.501509 -0.1757785 0.0003284 0.0061821 -0.0025163 0.0226141 0.0010982 0.9997405
373.001461 -0.2012363 0.0000586 0.0064575 -0.0023337 0.0208254 0.0011019 0.9997798
373.701393 -0.2406292 0.0000445 0.0070319 -0.0011018 0.0215884 0.0016809 0.9997649
373.951369 -0.2581967 -0.0000587 0.0086786 -0.0011098 0.0110413 0.0017799 0.9999369
374.051359 -0.2635842 0.0000545 0.0091456 -0.0016255 0.0135388 0.0018459 0.9999053
374.501315 -0.2922288 -0.0002545 0.0116313 -0.0032051 -0.0073647 0.0010101 0.9999673
374.601306 -0.2987359 -0.0001843 0.0122361 -0.0036350 -0.0069797 0.0007615 0.9999688
374.851281 -0.3120682 -0.0000774 0.0123672 -0.0039134 0.0037214 0.0011991 0.9999847
375.601209 -0.3411996 0.0002060 0.0127402 -0.0032555 0.0101819 0.0019211 0.9999411
376.051165 -0.3581992 0.0000076 0.0141174 -0.0032300 0.0066939 0.0020459 0.9999703
376.701102 -0.3785837 0.0000203 0.0150448 -0.0046217 0.0102027 0.0016045 0.9999360
376.801093 -0.3818212 -0.0000128 0.0153072 -0.0044331 0.0073963 0.0015083 0.9999617
376.901083 -0.3849686 -0.0000957 0.0157052 -0.0041771 0.0054764 0.0016727 0.9999749
377.001073 -0.3875153 -0.0003148 0.0156575 -0.0038016 0.0060726 0.0016530 0.9999730
378.350943 -0.4437862 -0.0002367 0.0150578 -0.0047685 0.0283730 0.0016449 0.9995847
378.450933 -0.4484101 -0.0003612 0.0150687 -0.0053592 0.0282146 0.0015395 0.9995863
378.600918 -0.4553435 -0.0002088 0.0157158 -0.0056408 0.0261237 0.0010284 0.9996423
379.000880 -0.4729235 -0.0003609 0.0156827 -0.0056896 0.0261194 0.0010732 0.9996421
379.200860 -0.4846056 -0.0004343 0.0152625 -0.0057253 0.0252850 0.0013283 0.9996630
379.450836 -0.4953099 -0.0004306 0.0154378 -0.0058189 0.0233713 0.0012622 0.9997091
379.850797 -0.5154569 -0.0006824 0.0161563 -0.0053950 0.0168422 0.0009226 0.9998432
380.100773 -0.5226979 -0.0009461 0.0172192 -0.0055079 0.0128643 0.0014174 0.9999011
380.300754 -0.5288488 -0.0008236 0.0174989 -0.0061218 0.0109528 0.0014547 0.9999202
380.550730 -0.5389839 -0.0006656 0.0183739 -0.0064754 0.0054585 0.0027818 0.9999603
381.050681 -0.5623246 -0.0006747 0.0196066 -0.0068302 -0.0015984 0.0068167 0.9999522
381.250662 -0.5707663 -0.0008988 0.0193872 -0.0082391 -0.0102194 0.0072373 0.9998876
381.400647 -0.5749894 -0.0009041 0.0191543 -0.0102170 -0.0078827 0.0086910 0.9998790
381.850604 -0.5927150 -0.0029964 0.0162086 -0.0165858 -0.0073398 0.0384041 0.9990977
382.150575 -0.6147329 -0.0173194 0.0186384 -0.0046662 -0.0142466 0.0460053 0.9988287
382.250565 -0.6246872 -0.0199723 0.0193334 -0.0037070 -0.0101588 0.0431237 0.9990113
382.350555 -0.6342170 -0.0214849 0.0206655 -0.0065604 -0.0086509 0.0445149 0.9989497
382.450546 -0.6431429 -0.0207026 0.0234196 -0.0090304 -0.0039967 0.0411963 0.9991023
382.650526 -0.6612333 -0.0203436 0.0271573 -0.0067962 -0.0033813 0.0446692 0.9989730
382.750517 -0.6702169 -0.0221117 0.0287676 -0.0033710 -0.0010400 0.0456510 0.9989513
382.850507 -0.6805717 -0.0218605 0.0319186 -0.0033585 -0.0017637 0.0430999 0.9990636
385.600241 -0.7036479 -0.0151361 0.0348408 0.0211325 -0.0399426 0.0670921 0.9967230
387.350071 -0.7041816 -0.0151590 0.0339661 0.0210217 -0.0395803 0.0671687 0.9967346
387.900018 -0.7042645 -0.0152535 0.0339888 0.0208210 -0.0395984 0.0671584 0.9967388
388.349974 -0.7051523 -0.0154018 0.0340561 0.0207676 -0.0388733 0.0668056 0.9967921
388.999911 -0.7051285 -0.0154163 0.0340664 0.0207304 -0.0389704 0.0669739 0.9967779
391.749645 -0.7051329 -0.0154619 0.0341286 0.0207361 -0.0392141 0.0670977 0.9967598
