368.951853 0.0000000 0.0000000 0.0000000 -0.0000000 -0.0000000 -0.0000000 1.0000000
369.201828 -0.0139215 0.0002474 0.0003122 -0.0002340 0.0092943 0.0001017 0.9999568
369.251824 -0.0159222 0.0000320 0.0002582 -0.0005375 0.0091798 0.0002404 0.9999577
369.751775 -0.0290296 0.0001531 0.0003560 -0.0019572 0.0171829 -0.0002620 0.9998505
370.651688 -0.0800512 0.0003368 0.0011376 -0.0023044 0.0211626 0.0007775 0.9997731
370.751678 -0.0835403 0.0003219 0.0012271 -0.0024215 0.0238658 0.0012438 0.9997115
371.351620 -0.1100319 0.0003035 0.0017758 -0.0026459 0.0325886 0.0012460 0.9994646
371.751582 -0.1298830 0.0001961 0.0032180 -0.0027655 0.0262898 0.0014129 0.9996495
372.201538 -0.1483635 0.0004352 0.0042173 -0.0025233 0.0229106 0.0014408 0.9997333
372.401519 -0.1566314 0.0002335 0.0047645 -0.0026471 0.0222108 0.0012148 0.9997491
372.551504 -0.1627338 0.0004018 0.0047240 -0.0028182 0.0234941 0.0011667 0.9997193
373.451417 -0.2056057 0.0001617 0.0051146 -0.0019994 0.0193652 0.0015540 0.9998093
373.851378 -0.2302002 0.0000242 0.0060474 -0.0010733 0.0182372 0.0018513 0.9998314
374.001364 -0.2387274 0.0001541 0.0069974 -0.0015791 0.0125716 0.0017910 0.9999181
374.101354 -0.2448886 0.0002734 0.0071785 -0.0022015 0.0137629 0.0017439 0.9999014
374.751291 -0.2818571 0.0001916 0.0106298 -0.0048693 0.0009186 0.0008920 0.9999874
374.851281 -0.2858580 0.0001565 0.0101342 -0.0042228 0.0039513 0.0012345 0.9999825
374.951272 -0.2903382 0.0002753 0.0107405 -0.0036635 0.0094345 0.0016120 0.9999475
376.151156 -0.3323060 -0.0000573 0.0125116 -0.0040090 0.0069660 0.0018190 0.9999661
376.401131 -0.3402254 0.0000341 0.0130434 -0.0043925 0.0042380 0.0015234 0.9999802
376.651107 -0.3455743 0.0000575 0.0126824 -0.0052490 0.0116906 0.0012946 0.9999171
376.751098 -0.3488952 0.0001351 0.0129781 -0.0048224 0.0101691 0.0014022 0.9999357
378.100967 -0.3961540 -0.0000968 0.0136451 -0.0042245 0.0264131 0.0020967 0.9996400
378.200957 -0.4005646 -0.0001083 0.0133442 -0.0045629 0.0278202 0.0020398 0.9996005
378.300947 -0.4046424 0.0000154 0.0134083 -0.0047923 0.0284297 0.0018305 0.9995826
378.500928 -0.4130570 -0.0002864 0.0136355 -0.0057450 0.0281519 0.0015829 0.9995859
379.050875 -0.4360172 0.0000600 0.0138323 -0.0057324 0.0261118 0.0012001 0.9996419
379.200860 -0.4442265 -0.0002084 0.0134767 -0.0058834 0.0258217 0.0014709 0.9996482
379.500831 -0.4572427 -0.0003555 0.0134713 -0.0059957 0.0246417 0.0008926 0.9996780
379.650817 -0.4634930 -0.0001625 0.0139515 -0.0056768 0.0222727 0.0009305 0.9997354
380.100773 -0.4797673 -0.0003127 0.0157501 -0.0053466 0.0141119 0.0011981 0.9998854
380.350749 -0.4867347 -0.0003139 0.0160959 -0.0060544 0.0105124 0.0016630 0.9999251
380.450739 -0.4903143 -0.0000938 0.0167493 -0.0057548 0.0079225 0.0017928 0.9999505
380.900696 -0.5101941 -0.0004434 0.0166451 -0.0065129 -0.0015391 0.0046615 0.9999667
381.250662 -0.5227628 -0.0006752 0.0181918 -0.0081563 -0.0099147 0.0078982 0.9998864
381.400647 -0.5262429 -0.0008746 0.0179359 -0.0103962 -0.0076949 0.0089306 0.9998765
381.900599 -0.5448725 -0.0035498 0.0142212 -0.0160612 -0.0090644 0.0423983 0.9989306
382.250565 -0.5725175 -0.0186314 0.0180932 -0.0039055 -0.0096094 0.0440154 0.9989770
382.450546 -0.5888051 -0.0190183 0.0219090 -0.0088893 -0.0038814 0.0417678 0.9990803
382.550536 -0.5965751 -0.0190572 0.0233103 -0.0076529 -0.0024784 0.0416794 0.9990987
382.650526 -0.6050324 -0.0188388 0.0254935 -0.0066895 -0.0034511 0.0455221 0.9989350
382.750517 -0.6139012 -0.0210042 0.0268432 -0.0037342 -0.0006078 0.0464137 0.9989151
382.850507 -0.6238700 -0.0203444 0.0293059 -0.0035416 -0.0008800 0.0436903 0.9990385
383.250468 -0.6439887 -0.0120737 0.0327929 -0.0206288 -0.0090864 0.0551236 0.9982251
384.050391 -0.6449645 -0.0141474 0.0333420 0.0098223 -0.0227527 0.0686853 0.9973305
385.600241 -0.6446464 -0.0141104 0.0323684 0.0211964 -0.0392350 0.0677354 0.9967062
387.450062 -0.6445709 -0.0141345 0.0324798 0.0212555 -0.0395088 0.0682145 0.9966615
388.849926 -0.6449196 -0.0142158 0.0320139 0.0210435 -0.0392748 0.0682862 0.9966703
