368.951853 0.0000000 0.0000000 0.0000000 -0.0000000 -0.0000000 -0.0000000 1.0000000
369.151833 -0.0138724 0.0003556 0.0010192 0.0000309 0.0068411 -0.0002068 0.9999766
369.201828 -0.0156878 0.0005134 0.0008542 0.0000362 0.0088179 0.0002382 0.9999611
370.101741 -0.0588520 0.0003406 0.0002083 -0.0013911 0.0131274 0.0002232 0.9999129
370.651688 -0.0930239 0.0005423 0.0019739 -0.0019843 0.0209241 0.0013508 0.9997782
370.801674 -0.0993575 0.0005886 0.0028019 -0.0021028 0.0247866 0.0012243 0.9996898
371.101644 -0.1130407 0.0005602 0.0030262 -0.0020547 0.0304981 0.0015300 0.9995316
371.751582 -0.1512958 0.0004459 0.0053519 -0.0022494 0.0262763 0.0017725 0.9996506
372.151543 -0.1706567 0.0006802 0.0067149 -0.0019426 0.0233909 0.0019318 0.9997227
372.301528 -0.1777267 0.0004841 0.0074580 -0.0022307 0.0223164 0.0019278 0.9997466
372.501509 -0.1875193 0.0006168 0.0078747 -0.0021738 0.0226893 0.0016722 0.9997388
373.351427 -0.2345224 0.0002028 0.0090134 -0.0018828 0.0164707 0.0021533 0.9998603
373.551407 -0.2452611 0.0002826 0.0083254 -0.0012351 0.0223140 0.0022793 0.9997476
373.651398 -0.2525375 0.0001558 0.0083690 -0.0011723 0.0226898 0.0021712 0.9997395
374.201344 -0.2918644 -0.0001197 0.0113879 -0.0023472 0.0125916 0.0024395 0.9999150
374.301335 -0.2974564 0.0000021 0.0106889 -0.0024882 0.0077279 0.0022344 0.9999645
374.551310 -0.3149452 0.0000690 0.0139628 -0.0030321 -0.0083522 0.0016890 0.9999591
375.551214 -0.3618394 0.0001836 0.0156588 -0.0029415 0.0079656 0.0025669 0.9999607
375.751194 -0.3692446 0.0000913 0.0160960 -0.0030717 0.0111404 0.0026701 0.9999297
376.351136 -0.3939621 -0.0003242 0.0178727 -0.0037142 0.0042505 0.0023184 0.9999814
376.751098 -0.4057477 -0.0002225 0.0182193 -0.0042942 0.0105078 0.0022510 0.9999331
378.050972 -0.4583122 -0.0002883 0.0190453 -0.0035132 0.0268627 0.0030765 0.9996282
378.150962 -0.4624737 -0.0003566 0.0194190 -0.0035419 0.0271121 0.0028163 0.9996222
378.600918 -0.4843804 -0.0000932 0.0198743 -0.0050367 0.0265983 0.0021931 0.9996312
378.700909 -0.4889313 -0.0002706 0.0202664 -0.0051026 0.0254384 0.0022383 0.9996608
378.950885 -0.5008609 -0.0003155 0.0200387 -0.0051776 0.0261864 0.0019140 0.9996418
379.100870 -0.5096281 -0.0003749 0.0197219 -0.0051046 0.0267054 0.0019592 0.9996284
379.400841 -0.5246371 -0.0005923 0.0200123 -0.0053938 0.0242553 0.0018344 0.9996896
379.600822 -0.5345529 -0.0004039 0.0206274 -0.0049547 0.0234004 0.0016905 0.9997125
380.100773 -0.5562487 -0.0006616 0.0225011 -0.0046221 0.0140835 0.0019845 0.9998882
380.250759 -0.5605256 -0.0008884 0.0229367 -0.0053136 0.0126121 0.0023398 0.9999036
380.350749 -0.5644794 -0.0010032 0.0231436 -0.0056171 0.0106509 0.0024907 0.9999244
380.450739 -0.5682806 -0.0006261 0.0236964 -0.0053050 0.0078319 0.0024927 0.9999522
381.000686 -0.5948105 -0.0016033 0.0244053 -0.0062610 -0.0018986 0.0070408 0.9999539
381.500638 -0.6135934 -0.0017655 0.0249445 -0.0116180 -0.0034925 0.0116758 0.9998583
381.600628 -0.6175234 -0.0017743 0.0241720 -0.0138194 -0.0023912 0.0174552 0.9997493
381.900599 -0.6316979 -0.0045807 0.0209758 -0.0154669 -0.0086344 0.0427754 0.9989277
382.000589 -0.6386622 -0.0099522 0.0213808 -0.0111835 -0.0138392 0.0494363 0.9986188
382.150575 -0.6521412 -0.0187217 0.0245504 -0.0039757 -0.0136774 0.0466057 0.9988118
382.250565 -0.6634229 -0.0219962 0.0256689 -0.0032438 -0.0091334 0.0443450 0.9989693
382.450546 -0.6824348 -0.0225961 0.0298629 -0.0084141 -0.0033683 0.0424612 0.9990571
382.550536 -0.6919944 -0.0225464 0.0312338 -0.0071640 -0.0017822 0.0423253 0.9990767
382.750517 -0.7114140 -0.0241701 0.0357125 -0.0028174 -0.0001944 0.0468308 0.9988989
382.850507 -0.7230566 -0.0238904 0.0388629 -0.0029480 -0.0005004 0.0442973 0.9990140
384.150381 -0.7466568 -0.0172110 0.0431271 0.0155603 -0.0340326 0.0684912 0.9969497
384.950304 -0.7461900 -0.0171010 0.0420023 0.0213867 -0.0388807 0.0680193 0.9966967
387.500057 -0.7467346 -0.0174879 0.0408007 0.0211539 -0.0387749 0.0682132 0.9966925
387.900018 -0.7466535 -0.0178468 0.0406926 0.0210399 -0.0388432 0.0680506 0.9967034
388.349974 -0.7465394 -0.0178968 0.0412458 0.0210753 -0.0389076 0.0682344 0.9966876
389.149897 -0.7465489 -0.0180008 0.0414410 0.0211249 -0.0388708 0.0684389 0.9966739
391.749645 -0.7464834 -0.0179531 0.0411284 0.0209537 -0.0391920 0.0687350 0.9966446
