368.951853 0.0000000 0.0000000 0.0000000 -0.0000000 -0.0000000 -0.0000000 1.0000000
369.201828 -0.0173805 0.0004185 0.0006929 -0.0000510 0.0091171 0.0003967 0.9999583
369.251824 -0.0201167 0.0002769 0.0007887 -0.0002802 0.0090262 0.0006188 0.9999591
369.751775 -0.0367555 0.0006096 0.0009743 -0.0016475 0.0171500 0.0000244 0.9998516
370.401712 -0.0876283 0.0010571 0.0011790 -0.0014654 0.0152481 0.0008928 0.9998823
370.651688 -0.1006479 0.0008836 0.0021248 -0.0019361 0.0210873 0.0014740 0.9997747
371.151640 -0.1253398 0.0007700 0.0029378 -0.0021691 0.0310719 0.0018044 0.9995131
371.351620 -0.1388265 0.0007111 0.0030020 -0.0022046 0.0330237 0.0019393 0.9994503
371.701586 -0.1615732 0.0007479 0.0046093 -0.0021703 0.0263024 0.0021208 0.9996495
372.151543 -0.1854141 0.0006289 0.0059773 -0.0021584 0.0240004 0.0023129 0.9997070
372.401519 -0.1979815 0.0005660 0.0071851 -0.0022575 0.0225908 0.0021338 0.9997400
372.951465 -0.2298606 0.0002185 0.0072048 -0.0022023 0.0221019 0.0020092 0.9997513
373.401422 -0.2577845 0.0001170 0.0086098 -0.0018039 0.0185801 0.0023572 0.9998230
373.551407 -0.2668589 0.0001340 0.0080771 -0.0014331 0.0233549 0.0026760 0.9997227
373.801383 -0.2871634 -0.0001270 0.0083797 -0.0007623 0.0205715 0.0026851 0.9997845
374.651301 -0.3497228 -0.0002238 0.0145800 -0.0040196 -0.0035423 0.0017850 0.9999840
374.751291 -0.3561629 -0.0001013 0.0148199 -0.0044340 0.0021318 0.0017948 0.9999863
374.851281 -0.3614438 -0.0003108 0.0146307 -0.0039256 0.0053525 0.0022058 0.9999756
375.751194 -0.4017140 -0.0002647 0.0156181 -0.0034416 0.0127678 0.0029174 0.9999083
375.951175 -0.4105237 -0.0003068 0.0160455 -0.0029557 0.0064177 0.0032790 0.9999697
376.701102 -0.4384977 -0.0003622 0.0176481 -0.0046553 0.0123701 0.0027445 0.9999089
376.851088 -0.4444122 -0.0005111 0.0183394 -0.0043692 0.0084199 0.0026990 0.9999514
376.951078 -0.4474892 -0.0006420 0.0184476 -0.0039441 0.0079630 0.0029209 0.9999563
377.751001 -0.4822515 -0.0011374 0.0187363 -0.0033083 0.0189423 0.0038916 0.9998075
377.850991 -0.4877239 -0.0008611 0.0182493 -0.0036770 0.0235649 0.0037765 0.9997085
378.550923 -0.5243866 -0.0008533 0.0192233 -0.0055869 0.0297775 0.0024131 0.9995381
378.650914 -0.5297448 -0.0008254 0.0196792 -0.0054785 0.0280534 0.0023515 0.9995887
379.050875 -0.5506909 -0.0008649 0.0196153 -0.0055066 0.0283915 0.0024049 0.9995788
379.500831 -0.5765055 -0.0014470 0.0196242 -0.0058303 0.0264067 0.0022700 0.9996317
379.600822 -0.5822885 -0.0015792 0.0199892 -0.0058068 0.0258193 0.0023377 0.9996471
379.900793 -0.5987483 -0.0017526 0.0213222 -0.0054451 0.0180660 0.0026926 0.9998183
380.100773 -0.6054445 -0.0016798 0.0221135 -0.0053088 0.0165179 0.0025565 0.9998462
380.250759 -0.6099708 -0.0015237 0.0227751 -0.0055789 0.0148243 0.0029686 0.9998702
380.350749 -0.6147842 -0.0015497 0.0230238 -0.0058847 0.0133789 0.0028431 0.9998891
380.950691 -0.6472276 -0.0019150 0.0241082 -0.0064010 0.0016205 0.0058122 0.9999613
381.300657 -0.6621490 -0.0018627 0.0259638 -0.0087604 -0.0046901 0.0092609 0.9999078
381.400647 -0.6654696 -0.0017630 0.0253427 -0.0098681 -0.0039594 0.0097737 0.9998958
381.800609 -0.6834598 -0.0035973 0.0231339 -0.0174662 -0.0037195 0.0382705 0.9991078
382.150575 -0.7105252 -0.0209513 0.0257969 -0.0043605 -0.0106149 0.0474195 0.9988092
382.250565 -0.7226655 -0.0241384 0.0273169 -0.0032720 -0.0060734 0.0443110 0.9989940
382.350555 -0.7331425 -0.0258567 0.0291123 -0.0060831 -0.0047565 0.0459220 0.9989152
382.800512 -0.7807140 -0.0261509 0.0409211 -0.0019802 0.0033888 0.0450829 0.9989755
382.900502 -0.7926837 -0.0269213 0.0441286 -0.0025795 0.0028632 0.0488702 0.9987977
384.300366 -0.8122120 -0.0197327 0.0478596 0.0210843 -0.0353989 0.0687083 0.9967856
386.000202 -0.8122397 -0.0195087 0.0473594 0.0214249 -0.0355935 0.0684625 0.9967883
387.350071 -0.8127212 -0.0197576 0.0462799 0.0212593 -0.0354530 0.0685289 0.9967923
388.849926 -0.8134316 -0.0203775 0.0463939 0.0210312 -0.0348963 0.0687364 0.9968025
389.099902 -0.8134510 -0.0204142 0.0465278 0.0210321 -0.0348247 0.0685048 0.9968209
393.549471 -0.8134021 -0.0201325 0.0457507 0.0208465 -0.0351530 0.0689742 0.9967809
