368.951853 0.0000000 0.0000000 0.0000000 -0.0000000 -0.0000000 -0.0000000 1.0000000
369.201828 -0.0164412 0.0002453 0.0005486 -0.0002410 0.0093129 0.0002329 0.9999566
369.251824 -0.0187255 0.0001954 0.0004351 -0.0004219 0.0091609 0.0004685 0.9999579
369.751775 -0.0337377 0.0002144 0.0004823 -0.0019529 0.0169939 -0.0000234 0.9998537
370.651688 -0.0944363 0.0005031 0.0014667 -0.0021036 0.0214777 0.0011349 0.9997665
370.801674 -0.1009185 0.0006945 0.0019516 -0.0023111 0.0254392 0.0010085 0.9996732
371.201635 -0.1201865 0.0008083 0.0019950 -0.0021868 0.0319814 0.0014322 0.9994851
371.301625 -0.1270533 0.0007927 0.0021749 -0.0023275 0.0331360 0.0015056 0.9994470
371.801577 -0.1563428 0.0008517 0.0038586 -0.0022407 0.0282521 0.0019035 0.9995965
372.151543 -0.1734952 0.0007439 0.0051886 -0.0021667 0.0242109 0.0018531 0.9997029
372.401519 -0.1855264 0.0005844 0.0063846 -0.0022949 0.0229613 0.0016288 0.9997324
372.901470 -0.2117838 0.0003094 0.0059326 -0.0023886 0.0229542 0.0015177 0.9997326
373.401422 -0.2406350 0.0003406 0.0073708 -0.0018352 0.0184328 0.0019914 0.9998264
373.701393 -0.2605274 0.0002383 0.0066473 -0.0012180 0.0229490 0.0021314 0.9997336
374.051359 -0.2854684 0.0002230 0.0085779 -0.0017567 0.0150342 0.0020105 0.9998834
374.351330 -0.3054706 0.0000520 0.0095525 -0.0029672 0.0037842 0.0020655 0.9999864
374.451320 -0.3129725 -0.0000169 0.0101260 -0.0030965 -0.0029882 0.0016528 0.9999894
375.301238 -0.3628564 0.0001453 0.0134586 -0.0024886 0.0064147 0.0025809 0.9999730
375.851185 -0.3782133 0.0000965 0.0139606 -0.0031533 0.0089388 0.0025945 0.9999517
376.101160 -0.3896469 -0.0001507 0.0147656 -0.0037595 0.0087867 0.0024089 0.9999515
376.651107 -0.4076877 0.0001311 0.0155315 -0.0047929 0.0130739 0.0019790 0.9999011
376.801093 -0.4130695 0.0000766 0.0158649 -0.0045708 0.0092658 0.0020096 0.9999446
376.901083 -0.4161209 -0.0001134 0.0167188 -0.0043872 0.0071344 0.0020674 0.9999628
377.401034 -0.4372993 -0.0003191 0.0161398 -0.0034697 0.0091578 0.0027585 0.9999483
377.751001 -0.4502438 -0.0004725 0.0165815 -0.0034152 0.0184706 0.0030802 0.9998188
378.100967 -0.4673952 -0.0003257 0.0165752 -0.0041297 0.0279360 0.0027226 0.9995975
378.600918 -0.4922559 -0.0001858 0.0170457 -0.0057983 0.0281129 0.0016957 0.9995865
378.700909 -0.4968851 -0.0001275 0.0174993 -0.0055868 0.0270239 0.0017850 0.9996176
378.950885 -0.5090146 -0.0003433 0.0170562 -0.0057853 0.0276740 0.0017870 0.9995987
379.050875 -0.5144294 -0.0003858 0.0168200 -0.0057705 0.0278303 0.0017996 0.9995944
379.350846 -0.5312247 -0.0007018 0.0164155 -0.0063293 0.0265327 0.0016510 0.9996266
379.500831 -0.5388801 -0.0007727 0.0164299 -0.0059840 0.0259943 0.0015932 0.9996430
379.650817 -0.5464321 -0.0005600 0.0169112 -0.0057627 0.0238641 0.0014638 0.9996975
380.100773 -0.5660380 -0.0008073 0.0191744 -0.0053623 0.0160671 0.0020101 0.9998546
380.400744 -0.5767114 -0.0007669 0.0198264 -0.0061432 0.0118284 0.0021797 0.9999088
380.500734 -0.5805341 -0.0007295 0.0204501 -0.0060323 0.0084052 0.0030591 0.9999418
381.750613 -0.6344972 -0.0029826 0.0215773 -0.0171373 -0.0048712 0.0367736 0.9991648
381.850604 -0.6391827 -0.0038810 0.0202904 -0.0167184 -0.0055147 0.0391855 0.9990769
381.950594 -0.6454390 -0.0065806 0.0198275 -0.0154556 -0.0087817 0.0441963 0.9988647
382.050584 -0.6516663 -0.0127125 0.0208712 -0.0098793 -0.0143133 0.0504724 0.9985740
382.200570 -0.6681268 -0.0207500 0.0232432 -0.0042531 -0.0100124 0.0458331 0.9988899
382.300560 -0.6785474 -0.0227246 0.0261759 -0.0045482 -0.0080058 0.0452788 0.9989320
382.400550 -0.6889758 -0.0228887 0.0280556 -0.0077553 -0.0044476 0.0450819 0.9989433
382.500541 -0.6973738 -0.0225896 0.0299993 -0.0082941 -0.0007546 0.0411867 0.9991168
382.700521 -0.7171532 -0.0235531 0.0345867 -0.0052059 0.0002819 0.0470155 0.9988806
382.800512 -0.7280983 -0.0240441 0.0363740 -0.0022595 0.0019479 0.0446738 0.9989972
384.300366 -0.7574236 -0.0174754 0.0415352 0.0206577 -0.0371059 0.0687758 0.9967278
385.850216 -0.7576049 -0.0170172 0.0413123 0.0212087 -0.0370659 0.0685437 0.9967337
387.350071 -0.7575921 -0.0172500 0.0411600 0.0213199 -0.0372244 0.0687788 0.9967092
388.249984 -0.7579406 -0.0175930 0.0418956 0.0211470 -0.0371348 0.0687521 0.9967181
388.449965 -0.7579444 -0.0177049 0.0421657 0.0210819 -0.0370711 0.0684381 0.9967435
396.149219 -0.7581828 -0.0178806 0.0420447 0.0209165 -0.0371201 0.0688394 0.9967175
