368.951853 0.0000000 0.0000000 0.0000000 -0.0000000 -0.0000000 -0.0000000 1.0000000
369.201828 -0.0172558 0.0001270 0.0006587 -0.0002170 0.0090394 0.0002899 0.9999591
369.251824 -0.0203999 -0.0000411 0.0005623 -0.0004397 0.0091852 0.0006189 0.9999576
369.601790 -0.0278518 0.0002580 0.0003053 -0.0010487 0.0170819 0.0002584 0.9998536
370.301722 -0.0811532 0.0003891 0.0004077 -0.0017826 0.0162434 0.0008617 0.9998661
370.801674 -0.1086172 0.0005827 0.0024744 -0.0023029 0.0255545 0.0011570 0.9996701
371.151640 -0.1263399 0.0004230 0.0028118 -0.0023337 0.0315271 0.0017191 0.9994987
371.201635 -0.1295114 0.0004708 0.0027752 -0.0023000 0.0324010 0.0015354 0.9994711
371.301625 -0.1367863 0.0003584 0.0029467 -0.0024848 0.0334142 0.0015280 0.9994373
372.301528 -0.1938949 0.0006611 0.0071384 -0.0023581 0.0234482 0.0021564 0.9997200
372.501509 -0.2045494 0.0005986 0.0075540 -0.0024449 0.0238479 0.0020589 0.9997105
372.651494 -0.2119917 0.0006575 0.0073239 -0.0023878 0.0262740 0.0020036 0.9996499
373.551407 -0.2674548 0.0002899 0.0084089 -0.0014440 0.0238211 0.0025241 0.9997120
373.651398 -0.2749104 0.0003279 0.0080833 -0.0012605 0.0239890 0.0026284 0.9997080
373.801383 -0.2877763 -0.0001391 0.0084715 -0.0009149 0.0211317 0.0025308 0.9997731
374.301335 -0.3241194 -0.0001168 0.0116868 -0.0026360 0.0092073 0.0022386 0.9999517
374.501315 -0.3392339 0.0001786 0.0139515 -0.0028484 -0.0054500 0.0022405 0.9999786
374.601306 -0.3464831 0.0000406 0.0141848 -0.0035844 -0.0052352 0.0021931 0.9999775
374.801286 -0.3597556 -0.0001138 0.0148776 -0.0043319 0.0032567 0.0018376 0.9999837
375.601209 -0.3966421 -0.0001470 0.0158046 -0.0034895 0.0128822 0.0026515 0.9999074
376.101160 -0.4184212 0.0000238 0.0175771 -0.0033638 0.0096542 0.0029245 0.9999435
376.201151 -0.4227107 -0.0002148 0.0183713 -0.0034741 0.0079085 0.0030708 0.9999580
376.401131 -0.4312165 -0.0000161 0.0191703 -0.0038204 0.0066587 0.0025416 0.9999673
376.751098 -0.4420037 -0.0000394 0.0189189 -0.0042984 0.0124423 0.0025927 0.9999100
378.000976 -0.4972016 -0.0004892 0.0198311 -0.0037163 0.0286924 0.0036628 0.9995747
378.100967 -0.5017076 -0.0005547 0.0201623 -0.0038260 0.0290451 0.0033943 0.9995650
378.200957 -0.5069839 -0.0003068 0.0196795 -0.0039795 0.0303083 0.0034281 0.9995268
378.800899 -0.5383395 -0.0006071 0.0208007 -0.0054448 0.0275705 0.0021969 0.9996026
378.900889 -0.5432124 -0.0006131 0.0209532 -0.0054780 0.0275625 0.0022681 0.9996025
379.000880 -0.5487229 -0.0006380 0.0206478 -0.0055506 0.0293827 0.0023612 0.9995500
379.400841 -0.5723595 -0.0008551 0.0201137 -0.0057466 0.0270625 0.0022675 0.9996147
379.500831 -0.5779926 -0.0010856 0.0198735 -0.0056368 0.0270767 0.0022104 0.9996151
379.850797 -0.5976238 -0.0012222 0.0214889 -0.0052632 0.0203434 0.0023299 0.9997765
379.950788 -0.6020379 -0.0011936 0.0220893 -0.0050712 0.0180744 0.0024769 0.9998207
380.300754 -0.6133954 -0.0012192 0.0234832 -0.0058636 0.0148315 0.0026014 0.9998695
380.400744 -0.6181038 -0.0012845 0.0243924 -0.0060279 0.0128178 0.0030964 0.9998949
380.500734 -0.6222354 -0.0012391 0.0246037 -0.0058946 0.0094066 0.0036595 0.9999317
381.400647 -0.6660140 -0.0019428 0.0265940 -0.0099781 -0.0038703 0.0100407 0.9998924
381.550633 -0.6705449 -0.0018023 0.0269940 -0.0126687 0.0003391 0.0149289 0.9998083
381.850604 -0.6861665 -0.0043837 0.0236542 -0.0161577 -0.0035361 0.0400671 0.9990601
381.950594 -0.6926240 -0.0076030 0.0232622 -0.0151509 -0.0071826 0.0447061 0.9988595
382.150575 -0.7110920 -0.0211615 0.0278089 -0.0040653 -0.0103673 0.0476857 0.9988003
382.250565 -0.7224988 -0.0242376 0.0284235 -0.0033327 -0.0062403 0.0448036 0.9989708
382.550536 -0.7533991 -0.0249103 0.0357182 -0.0070852 0.0015708 0.0428633 0.9990546
382.650526 -0.7637517 -0.0250377 0.0384539 -0.0064523 0.0005586 0.0466442 0.9988906
382.750517 -0.7741949 -0.0264912 0.0403255 -0.0027808 0.0031331 0.0475253 0.9988613
382.850507 -0.7874216 -0.0268914 0.0437323 -0.0031704 0.0031220 0.0451483 0.9989704
385.600241 -0.8119015 -0.0201836 0.0491523 0.0213678 -0.0357878 0.0693316 0.9967225
387.150091 -0.8126868 -0.0202951 0.0487978 0.0214940 -0.0353725 0.0690151 0.9967566
387.350071 -0.8124632 -0.0205786 0.0490188 0.0213352 -0.0354048 0.0691089 0.9967524
388.399970 -0.8127631 -0.0204970 0.0485525 0.0212752 -0.0355064 0.0689777 0.9967591
398.049035 -0.8128133 -0.0204903 0.0482339 0.0212664 -0.0354000 0.0695282 0.9967248
