368.951853 0.0000000 0.0000000 0.0000000 -0.0000000 -0.0000000 -0.0000000 1.0000000
369.201828 -0.0175285 0.0003224 0.0010174 -0.0000097 0.0092181 0.0001303 0.9999575
369.251824 -0.0202734 0.0000236 0.0007900 -0.0003765 0.0092563 0.0003314 0.9999571
370.251727 -0.0760741 0.0006188 0.0006160 -0.0015847 0.0142741 0.0005919 0.9998967
370.551698 -0.0952953 0.0004561 0.0015829 -0.0018370 0.0173106 0.0008854 0.9998481
370.601693 -0.0972352 0.0004179 0.0019944 -0.0019115 0.0183312 0.0010982 0.9998295
370.801674 -0.1072254 0.0003529 0.0029293 -0.0023211 0.0247175 0.0009590 0.9996913
371.301625 -0.1343191 0.0004611 0.0030088 -0.0024308 0.0319009 0.0014604 0.9994870
372.101548 -0.1810687 0.0004369 0.0065639 -0.0021096 0.0239270 0.0017396 0.9997100
372.401519 -0.1962279 0.0005364 0.0077702 -0.0021841 0.0216354 0.0015052 0.9997624
372.601499 -0.2066621 0.0005760 0.0076140 -0.0023262 0.0238207 0.0014615 0.9997125
372.751485 -0.2142694 0.0004894 0.0079779 -0.0021776 0.0241885 0.0014785 0.9997040
373.201441 -0.2432803 0.0002958 0.0078276 -0.0022520 0.0194168 0.0016512 0.9998076
373.401422 -0.2548349 0.0003137 0.0090738 -0.0017139 0.0169278 0.0016536 0.9998539
374.301335 -0.3194717 0.0000392 0.0113390 -0.0024664 0.0066579 0.0017134 0.9999734
374.601306 -0.3417605 0.0003413 0.0138291 -0.0033370 -0.0079745 0.0013093 0.9999618
374.851281 -0.3575484 0.0002700 0.0143099 -0.0036891 0.0032134 0.0012843 0.9999872
375.601209 -0.3911631 0.0000052 0.0144377 -0.0034487 0.0096088 0.0018540 0.9999462
375.751194 -0.3976433 -0.0000561 0.0152686 -0.0034861 0.0104474 0.0016982 0.9999380
376.351136 -0.4239500 -0.0001390 0.0171720 -0.0039735 0.0031970 0.0017064 0.9999856
376.701102 -0.4340146 -0.0000142 0.0170393 -0.0046799 0.0096820 0.0017073 0.9999408
376.901083 -0.4410551 -0.0000261 0.0181988 -0.0041570 0.0047119 0.0019683 0.9999784
377.001073 -0.4441405 -0.0000592 0.0184207 -0.0036735 0.0054567 0.0019871 0.9999764
378.300947 -0.5057314 -0.0002674 0.0171984 -0.0046681 0.0269448 0.0017110 0.9996246
378.400938 -0.5115371 -0.0000048 0.0168660 -0.0049849 0.0280474 0.0012721 0.9995934
378.500928 -0.5168368 -0.0002796 0.0169750 -0.0054813 0.0270241 0.0013291 0.9996189
379.000880 -0.5423444 -0.0003164 0.0166434 -0.0059185 0.0252205 0.0010650 0.9996638
379.100870 -0.5492798 -0.0001938 0.0167507 -0.0057404 0.0251096 0.0010563 0.9996676
379.500831 -0.5718672 -0.0006497 0.0162765 -0.0060006 0.0230575 0.0007190 0.9997159
379.650817 -0.5798691 -0.0005302 0.0168947 -0.0057360 0.0209869 0.0005617 0.9997631
379.950788 -0.5960853 -0.0006051 0.0172240 -0.0055832 0.0139796 0.0007572 0.9998864
380.200763 -0.6037546 -0.0006059 0.0183319 -0.0057617 0.0121080 0.0007731 0.9999098
380.300754 -0.6077357 -0.0007344 0.0185624 -0.0064254 0.0108686 0.0007800 0.9999200
380.500734 -0.6169816 -0.0001534 0.0196026 -0.0060704 0.0057660 0.0016534 0.9999636
381.050681 -0.6460820 -0.0008021 0.0212874 -0.0071467 -0.0020979 0.0067266 0.9999496
381.250662 -0.6555291 -0.0009368 0.0211537 -0.0084138 -0.0107685 0.0068874 0.9998829
381.750613 -0.6757706 -0.0022598 0.0183691 -0.0173623 -0.0073246 0.0355699 0.9991896
381.900599 -0.6840702 -0.0038389 0.0160682 -0.0160175 -0.0094692 0.0412237 0.9989767
382.100580 -0.7011719 -0.0170960 0.0183144 -0.0062874 -0.0164544 0.0474283 0.9987193
382.250565 -0.7179383 -0.0226975 0.0208395 -0.0036509 -0.0106235 0.0428862 0.9990168
382.350555 -0.7292909 -0.0241434 0.0229750 -0.0062274 -0.0091081 0.0442121 0.9989613
382.450546 -0.7391065 -0.0236044 0.0249003 -0.0091894 -0.0047535 0.0412676 0.9990945
382.650526 -0.7591095 -0.0233197 0.0294139 -0.0069271 -0.0044206 0.0448126 0.9989616
382.750517 -0.7703121 -0.0246438 0.0313465 -0.0032201 -0.0017154 0.0456118 0.9989526
382.850507 -0.7833545 -0.0244907 0.0342930 -0.0035229 -0.0017981 0.0432121 0.9990581
383.600434 -0.8100314 -0.0144034 0.0411829 -0.0066451 -0.0142172 0.0653808 0.9977370
384.050391 -0.8089632 -0.0156063 0.0362726 0.0098932 -0.0240682 0.0684523 0.9973150
387.350071 -0.8095567 -0.0171277 0.0369215 0.0209864 -0.0401113 0.0668830 0.9967334
387.900018 -0.8093776 -0.0173812 0.0372060 0.0207591 -0.0402560 0.0670933 0.9967181
388.349974 -0.8097891 -0.0173628 0.0373165 0.0207706 -0.0400200 0.0675175 0.9966987
388.749936 -0.8098152 -0.0174663 0.0374857 0.0208083 -0.0398496 0.0675331 0.9967037
395.499282 -0.8098057 -0.0172568 0.0373581 0.0210051 -0.0400656 0.0671274 0.9967183
