368.951853 0.0000000 0.0000000 0.0000000 -0.0000000 -0.0000000 -0.0000000 1.0000000
369.201828 -0.0172710 0.0002414 0.0006970 -0.0001670 0.0093023 0.0002075 0.9999567
369.251824 -0.0196469 0.0000833 0.0006549 -0.0004285 0.0090952 0.0004202 0.9999585
369.751775 -0.0358681 0.0002373 0.0008867 -0.0019171 0.0170903 0.0001796 0.9998521
370.651688 -0.0988002 0.0004168 0.0023697 -0.0020470 0.0208457 0.0017693 0.9997790
370.751678 -0.1031597 0.0003599 0.0025485 -0.0021292 0.0235442 0.0018588 0.9997188
371.301625 -0.1325216 0.0004926 0.0032087 -0.0023012 0.0321128 0.0018929 0.9994798
371.351620 -0.1359222 0.0004371 0.0032261 -0.0023529 0.0323747 0.0018932 0.9994712
371.801577 -0.1625911 0.0003579 0.0050276 -0.0023127 0.0269624 0.0021325 0.9996315
371.951562 -0.1705191 0.0003187 0.0057833 -0.0021254 0.0265883 0.0022631 0.9996417
372.401519 -0.1930169 0.0002151 0.0074065 -0.0022760 0.0215966 0.0020909 0.9997620
372.551504 -0.2008612 0.0003987 0.0074915 -0.0023407 0.0231540 0.0019880 0.9997272
373.201441 -0.2392613 0.0000751 0.0076811 -0.0022070 0.0193728 0.0022485 0.9998074
373.351427 -0.2479096 -0.0001874 0.0085687 -0.0020707 0.0158170 0.0020731 0.9998707
373.801383 -0.2790868 -0.0002527 0.0082085 -0.0007190 0.0188816 0.0026816 0.9998179
373.901373 -0.2859598 -0.0000486 0.0098293 -0.0004402 0.0150863 0.0025788 0.9998828
374.551310 -0.3335760 -0.0003746 0.0144047 -0.0031870 -0.0090591 0.0017192 0.9999524
374.901277 -0.3543470 0.0000078 0.0149256 -0.0033672 0.0062116 0.0021875 0.9999726
375.051262 -0.3640041 -0.0003359 0.0142287 -0.0027625 0.0099286 0.0021667 0.9999446
375.601209 -0.3850697 -0.0004265 0.0150769 -0.0033585 0.0099986 0.0024828 0.9999413
376.101160 -0.4066225 -0.0006325 0.0169096 -0.0035374 0.0069783 0.0025106 0.9999663
376.301141 -0.4151794 -0.0006428 0.0176742 -0.0036515 0.0037491 0.0025138 0.9999831
376.401131 -0.4185781 -0.0008117 0.0181676 -0.0040464 0.0034149 0.0024068 0.9999831
376.751098 -0.4291599 -0.0005733 0.0179581 -0.0043464 0.0092474 0.0023561 0.9999450
377.900986 -0.4783622 -0.0008944 0.0180912 -0.0036004 0.0230462 0.0029553 0.9997236
378.050972 -0.4850418 -0.0008517 0.0183125 -0.0037555 0.0253195 0.0029372 0.9996681
378.450933 -0.5057956 -0.0010562 0.0182054 -0.0052732 0.0278441 0.0019836 0.9995964
378.550923 -0.5108873 -0.0008520 0.0182289 -0.0054803 0.0266614 0.0019535 0.9996276
379.000880 -0.5336448 -0.0008898 0.0184527 -0.0056077 0.0258006 0.0015875 0.9996501
379.150865 -0.5432293 -0.0008885 0.0185195 -0.0053840 0.0251779 0.0015060 0.9996673
379.350846 -0.5539603 -0.0011240 0.0181308 -0.0057853 0.0238725 0.0015274 0.9996971
379.800802 -0.5783800 -0.0012277 0.0186404 -0.0053113 0.0179012 0.0016463 0.9998243
379.950788 -0.5851487 -0.0014688 0.0193834 -0.0052256 0.0138130 0.0018241 0.9998893
380.200763 -0.5929426 -0.0012872 0.0204428 -0.0053157 0.0122094 0.0020357 0.9999093
380.300754 -0.5967300 -0.0012896 0.0204751 -0.0058405 0.0109276 0.0020452 0.9999212
380.950691 -0.6296640 -0.0018260 0.0223665 -0.0063133 -0.0025657 0.0050913 0.9999638
381.050681 -0.6347412 -0.0019922 0.0229155 -0.0069146 -0.0014650 0.0075472 0.9999465
381.300657 -0.6443208 -0.0016509 0.0236912 -0.0086891 -0.0091212 0.0084504 0.9998850
381.400647 -0.6477776 -0.0018318 0.0229656 -0.0099529 -0.0082493 0.0088620 0.9998772
382.000589 -0.6777109 -0.0110573 0.0189264 -0.0114549 -0.0149584 0.0490314 0.9986196
382.100580 -0.6867442 -0.0177054 0.0216590 -0.0059167 -0.0168114 0.0483825 0.9986699
382.200570 -0.6984523 -0.0223942 0.0229009 -0.0041115 -0.0124156 0.0451993 0.9988924
382.300560 -0.7091430 -0.0245594 0.0254568 -0.0046460 -0.0104494 0.0446893 0.9989355
382.500541 -0.7279255 -0.0242424 0.0290421 -0.0083241 -0.0038266 0.0405307 0.9991363
382.600531 -0.7393242 -0.0241733 0.0315210 -0.0080497 -0.0043000 0.0431109 0.9990286
382.800512 -0.7601506 -0.0254905 0.0365103 -0.0021490 -0.0013841 0.0440764 0.9990249
385.750226 -0.7920129 -0.0186312 0.0415811 0.0209779 -0.0402409 0.0677324 0.9966709
387.050100 -0.7921289 -0.0187654 0.0420163 0.0213230 -0.0403413 0.0676051 0.9966682
387.350071 -0.7921253 -0.0187078 0.0418577 0.0213686 -0.0402810 0.0676129 0.9966691
388.399970 -0.7919546 -0.0188285 0.0421514 0.0209197 -0.0405794 0.0682207 0.9966251
388.849926 -0.7919587 -0.0188107 0.0421287 0.0209584 -0.0406626 0.0684727 0.9966036
390.949723 -0.7919134 -0.0187695 0.0419516 0.0207821 -0.0406048 0.0678067 0.9966552
