368.951853 0.0000000 0.0000000 0.0000000 -0.0000000 -0.0000000 -0.0000000 1.0000000
369.201828 -0.0195006 0.0002120 0.0007338 -0.0002724 0.0094620 0.0001362 0.9999552
369.251824 -0.0224751 0.0001043 0.0009277 -0.0004432 0.0094405 0.0003274 0.9999553
369.751775 -0.0400683 0.0002066 0.0012313 -0.0019002 0.0172442 -0.0002013 0.9998495
370.651688 -0.1096106 0.0005515 0.0028001 -0.0021666 0.0209436 0.0006160 0.9997782
370.751678 -0.1148007 0.0004641 0.0030879 -0.0023130 0.0238817 0.0007567 0.9997119
371.201635 -0.1395228 0.0006294 0.0039854 -0.0023131 0.0314911 0.0010303 0.9995008
371.301625 -0.1473852 0.0005869 0.0041453 -0.0024493 0.0325303 0.0009916 0.9994673
371.701586 -0.1752132 0.0006370 0.0061512 -0.0023499 0.0256990 0.0013764 0.9996660
371.951562 -0.1896052 0.0006860 0.0068190 -0.0021948 0.0268436 0.0014828 0.9996362
372.451514 -0.2174182 0.0005293 0.0084467 -0.0024978 0.0221433 0.0012362 0.9997510
372.601499 -0.2260106 0.0005568 0.0082085 -0.0026296 0.0240276 0.0012235 0.9997071
373.701393 -0.3013301 0.0003811 0.0089941 -0.0012306 0.0212327 0.0018196 0.9997721
373.851378 -0.3147384 0.0004391 0.0098857 -0.0008595 0.0177028 0.0018870 0.9998412
374.001364 -0.3266545 0.0002804 0.0113864 -0.0013593 0.0121256 0.0017841 0.9999240
374.151349 -0.3390629 0.0002504 0.0120170 -0.0024970 0.0128098 0.0016564 0.9999135
374.651301 -0.3784686 0.0000260 0.0150172 -0.0044463 -0.0054309 0.0004943 0.9999753
374.751291 -0.3850573 0.0002979 0.0156883 -0.0047730 -0.0000647 0.0006757 0.9999884
375.201248 -0.4156456 0.0002474 0.0155082 -0.0030275 0.0061042 0.0017656 0.9999753
375.751194 -0.4349489 -0.0000195 0.0159341 -0.0037876 0.0106704 0.0014867 0.9999348
376.201151 -0.4566517 -0.0001146 0.0177202 -0.0038603 0.0051367 0.0015493 0.9999782
376.401131 -0.4654947 0.0000213 0.0183948 -0.0043066 0.0034003 0.0015018 0.9999838
376.751098 -0.4775374 -0.0000115 0.0182919 -0.0048993 0.0095194 0.0010876 0.9999421
377.900986 -0.5322441 -0.0002896 0.0179530 -0.0041107 0.0231419 0.0023573 0.9997210
378.050972 -0.5396214 -0.0002492 0.0184096 -0.0042256 0.0254525 0.0021899 0.9996647
378.550923 -0.5683192 -0.0000297 0.0184757 -0.0058076 0.0267116 0.0012200 0.9996256
378.850894 -0.5852525 -0.0002668 0.0191150 -0.0060245 0.0237794 0.0005091 0.9996989
378.950885 -0.5907956 -0.0000814 0.0190008 -0.0058816 0.0252487 0.0008546 0.9996635
379.100870 -0.6012056 -0.0001221 0.0185439 -0.0058835 0.0258215 0.0009912 0.9996488
379.300851 -0.6142961 -0.0003283 0.0186323 -0.0062117 0.0242995 0.0009246 0.9996850
379.800802 -0.6440665 -0.0001165 0.0194039 -0.0056640 0.0181833 0.0011046 0.9998180
379.950788 -0.6516845 -0.0005923 0.0199509 -0.0056157 0.0142345 0.0012599 0.9998822
380.250759 -0.6619383 -0.0003499 0.0222107 -0.0057526 0.0115363 0.0015950 0.9999157
380.350749 -0.6665879 -0.0004329 0.0222233 -0.0062064 0.0097483 0.0015979 0.9999320
380.550730 -0.6771106 -0.0002288 0.0228301 -0.0065078 0.0052742 0.0029652 0.9999605
381.000686 -0.7035369 -0.0006543 0.0247342 -0.0066357 -0.0025173 0.0062533 0.9999553
381.250662 -0.7161119 -0.0008412 0.0256813 -0.0079952 -0.0106552 0.0071367 0.9998858
381.400647 -0.7212050 -0.0011108 0.0250676 -0.0103392 -0.0082429 0.0084424 0.9998770
381.650623 -0.7318683 -0.0018816 0.0238179 -0.0154605 -0.0035164 0.0232719 0.9996035
382.000589 -0.7545871 -0.0108466 0.0209347 -0.0116422 -0.0148389 0.0483247 0.9986537
382.100580 -0.7651879 -0.0190414 0.0231494 -0.0064084 -0.0164641 0.0477917 0.9987011
382.250565 -0.7840829 -0.0252643 0.0256410 -0.0037555 -0.0104957 0.0431759 0.9990053
382.450546 -0.8062769 -0.0256455 0.0315486 -0.0087568 -0.0047088 0.0412178 0.9991007
382.550536 -0.8174376 -0.0262034 0.0330624 -0.0077752 -0.0033035 0.0413738 0.9991081
382.750517 -0.8409564 -0.0278249 0.0372068 -0.0034596 -0.0014001 0.0458853 0.9989398
382.850507 -0.8552562 -0.0274808 0.0406281 -0.0035125 -0.0014734 0.0432128 0.9990587
384.800318 -0.8822935 -0.0195408 0.0464152 0.0207407 -0.0404362 0.0674946 0.9966841
387.350071 -0.8833724 -0.0193057 0.0441061 0.0210159 -0.0400106 0.0671551 0.9967185
387.500057 -0.8831829 -0.0193332 0.0445369 0.0209250 -0.0400538 0.0673530 0.9967053
387.950013 -0.8831378 -0.0195072 0.0445050 0.0208614 -0.0402001 0.0674886 0.9966915
388.849926 -0.8842433 -0.0198108 0.0436967 0.0205896 -0.0396004 0.0675345 0.9967181
390.999718 -0.8842257 -0.0196713 0.0435649 0.0208685 -0.0395881 0.0673590 0.9967247
397.749064 -0.8842200 -0.0197374 0.0434145 0.0207948 -0.0397862 0.0677406 0.9966925
