368.951853 0.0000000 0.0000000 0.0000000 -0.0000000 -0.0000000 -0.0000000 1.0000000
369.151833 -0.0139271 0.0003314 0.0012417 0.0000158 0.0068227 -0.0000738 0.9999768
369.201828 -0.0158145 0.0002132 0.0010274 -0.0001741 0.0087701 0.0001947 0.9999616
369.651785 -0.0276837 0.0004729 0.0006955 -0.0008960 0.0163203 0.0000605 0.9998664
370.651688 -0.0933192 0.0003688 0.0018396 -0.0021032 0.0207667 0.0007694 0.9997818
370.801674 -0.0999333 0.0004140 0.0025656 -0.0023198 0.0247791 0.0005481 0.9996901
370.951659 -0.1054615 0.0003226 0.0026542 -0.0023557 0.0284284 0.0009004 0.9995927
371.351620 -0.1283978 0.0005326 0.0030338 -0.0023116 0.0321924 0.0012570 0.9994782
371.751582 -0.1511784 0.0005667 0.0051860 -0.0022507 0.0253877 0.0015909 0.9996739
372.401519 -0.1826308 0.0004728 0.0066948 -0.0023282 0.0213362 0.0013849 0.9997687
372.601499 -0.1922268 0.0005661 0.0066275 -0.0024557 0.0233445 0.0012843 0.9997237
373.101451 -0.2202032 0.0006738 0.0066244 -0.0020413 0.0202433 0.0013134 0.9997922
373.501412 -0.2419205 0.0004588 0.0071471 -0.0015245 0.0198433 0.0015505 0.9998007
373.651398 -0.2519582 0.0003796 0.0067703 -0.0013165 0.0212958 0.0016915 0.9997709
373.851378 -0.2673187 0.0002538 0.0077508 -0.0007602 0.0168215 0.0018519 0.9998565
374.301335 -0.2966972 -0.0000530 0.0096605 -0.0027743 0.0057299 0.0012496 0.9999790
374.551310 -0.3147998 0.0001822 0.0121518 -0.0033833 -0.0100122 0.0007214 0.9999439
374.651301 -0.3214647 -0.0000238 0.0129664 -0.0042825 -0.0064711 0.0002915 0.9999698
374.801286 -0.3303324 0.0001079 0.0132097 -0.0042672 0.0000481 0.0005484 0.9999908
375.851185 -0.3729223 0.0002205 0.0142897 -0.0029477 0.0063093 0.0015368 0.9999746
375.951175 -0.3779700 0.0001104 0.0141801 -0.0030371 0.0034533 0.0015372 0.9999883
376.101160 -0.3841043 -0.0000003 0.0147997 -0.0036379 0.0059250 0.0014014 0.9999748
376.601112 -0.4001379 0.0003819 0.0158112 -0.0047019 0.0099009 0.0011767 0.9999393
378.050972 -0.4584289 -0.0002240 0.0159809 -0.0039010 0.0243833 0.0020068 0.9996930
378.600918 -0.4848918 0.0000526 0.0162188 -0.0056734 0.0242063 0.0008173 0.9996905
378.700909 -0.4895871 0.0001142 0.0164553 -0.0054414 0.0232878 0.0009092 0.9997136
379.000880 -0.5038779 -0.0002202 0.0161440 -0.0057087 0.0244540 0.0007117 0.9996844
379.100870 -0.5099881 -0.0001077 0.0158971 -0.0055090 0.0241857 0.0008796 0.9996919
379.300851 -0.5211828 -0.0005107 0.0161571 -0.0060137 0.0227154 0.0008954 0.9997235
379.500831 -0.5298994 -0.0002582 0.0161228 -0.0054179 0.0213107 0.0009141 0.9997578
379.700812 -0.5409165 -0.0004689 0.0165090 -0.0055436 0.0186458 0.0009034 0.9998104
380.150768 -0.5581993 -0.0005700 0.0180371 -0.0053901 0.0108442 0.0011491 0.9999260
380.300754 -0.5629830 -0.0005695 0.0184828 -0.0060188 0.0088529 0.0014552 0.9999416
380.700715 -0.5814081 -0.0003579 0.0199015 -0.0063151 0.0017486 0.0038541 0.9999712
381.000686 -0.5965366 -0.0009453 0.0203179 -0.0066351 -0.0043430 0.0060223 0.9999505
381.550633 -0.6158957 -0.0009531 0.0201045 -0.0130428 -0.0058060 0.0129989 0.9998136
381.750613 -0.6251832 -0.0022595 0.0188864 -0.0169978 -0.0095983 0.0358290 0.9991673
381.950594 -0.6354014 -0.0053025 0.0174204 -0.0148964 -0.0141560 0.0433348 0.9988493
382.050584 -0.6415449 -0.0115962 0.0197134 -0.0091585 -0.0197641 0.0497766 0.9985228
382.150575 -0.6538690 -0.0180706 0.0199263 -0.0044334 -0.0165486 0.0458080 0.9988033
382.250565 -0.6639581 -0.0208895 0.0210437 -0.0033445 -0.0127544 0.0429682 0.9989895
382.450546 -0.6832376 -0.0214724 0.0255422 -0.0085184 -0.0068837 0.0410925 0.9990953
382.650526 -0.7009312 -0.0211714 0.0298892 -0.0063135 -0.0070459 0.0446265 0.9989589
382.750517 -0.7109483 -0.0225756 0.0317071 -0.0026352 -0.0045520 0.0456673 0.9989429
382.850507 -0.7231270 -0.0230392 0.0344844 -0.0031318 -0.0045933 0.0427775 0.9990692
383.050488 -0.7407619 -0.0190123 0.0363967 -0.0168890 -0.0064895 0.0517195 0.9984977
387.100095 -0.7470918 -0.0162597 0.0370418 0.0210308 -0.0432774 0.0674011 0.9965650
387.500057 -0.7473640 -0.0162442 0.0369516 0.0210259 -0.0428932 0.0672698 0.9965906
387.900018 -0.7473832 -0.0163038 0.0367239 0.0210212 -0.0428814 0.0670967 0.9966029
388.749936 -0.7476059 -0.0164694 0.0369013 0.0210986 -0.0428745 0.0675076 0.9965738
390.999718 -0.7476773 -0.0164066 0.0365887 0.0210060 -0.0429655 0.0674894 0.9965731
397.849055 -0.7475726 -0.0164776 0.0367843 0.0211274 -0.0432159 0.0679371 0.9965293
