368.951853 0.0000000 0.0000000 0.0000000 -0.0000000 -0.0000000 -0.0000000 1.0000000
369.201828 -0.0190937 0.0002104 0.0009702 -0.0001681 0.0091535 0.0002145 0.9999581
369.251824 -0.0222316 0.0000414 0.0008174 -0.0004363 0.0092016 0.0004719 0.9999574
369.751775 -0.0404064 0.0000193 0.0010202 -0.0019213 0.0173424 -0.0001568 0.9998478
370.451707 -0.1000395 0.0003933 0.0016731 -0.0017338 0.0162899 0.0009808 0.9998654
370.651688 -0.1107932 0.0001206 0.0030799 -0.0020878 0.0213249 0.0011719 0.9997697
370.801674 -0.1182318 0.0003324 0.0038469 -0.0022361 0.0253435 0.0010056 0.9996758
371.251630 -0.1443027 0.0003945 0.0038031 -0.0022892 0.0327069 0.0015751 0.9994611
371.301625 -0.1485926 0.0004526 0.0037555 -0.0023367 0.0329278 0.0015206 0.9994539
371.751582 -0.1795635 0.0003154 0.0066643 -0.0022826 0.0267556 0.0017019 0.9996380
372.151543 -0.2022595 0.0006012 0.0077769 -0.0020049 0.0238596 0.0018939 0.9997115
372.501509 -0.2221419 0.0003872 0.0092232 -0.0023731 0.0232136 0.0015699 0.9997265
373.301431 -0.2746069 0.0002244 0.0097975 -0.0019775 0.0176226 0.0017996 0.9998412
373.601402 -0.2940574 0.0003732 0.0095904 -0.0011814 0.0233983 0.0022183 0.9997231
373.801383 -0.3124497 0.0001311 0.0101942 -0.0005530 0.0199745 0.0024823 0.9997973
373.901373 -0.3202757 0.0003675 0.0116379 -0.0002540 0.0166232 0.0023814 0.9998590
374.301335 -0.3519769 -0.0002543 0.0135658 -0.0024087 0.0082787 0.0018016 0.9999612
374.551310 -0.3728864 -0.0000879 0.0159755 -0.0031886 -0.0076609 0.0011926 0.9999649
375.201248 -0.4179422 0.0000525 0.0170840 -0.0025919 0.0073478 0.0024454 0.9999667
375.551214 -0.4282106 0.0000822 0.0181661 -0.0030278 0.0085923 0.0026039 0.9999551
376.401131 -0.4678879 -0.0001969 0.0200456 -0.0038808 0.0049755 0.0023396 0.9999774
376.701102 -0.4772309 -0.0002457 0.0197597 -0.0045973 0.0112994 0.0023181 0.9999229
377.001073 -0.4887900 -0.0005242 0.0212419 -0.0036449 0.0073191 0.0025687 0.9999633
377.800996 -0.5278972 -0.0006411 0.0218298 -0.0029849 0.0202999 0.0036296 0.9997829
377.950981 -0.5371089 -0.0006719 0.0214610 -0.0036617 0.0262448 0.0031716 0.9996438
378.150962 -0.5473087 -0.0007046 0.0217816 -0.0038167 0.0276112 0.0031506 0.9996065
378.450933 -0.5650902 -0.0006398 0.0214381 -0.0051543 0.0298183 0.0023183 0.9995394
378.650914 -0.5763463 -0.0004222 0.0222047 -0.0052835 0.0268396 0.0021592 0.9996235
379.050875 -0.5997199 -0.0005918 0.0221043 -0.0053042 0.0275283 0.0023287 0.9996042
379.350846 -0.6193650 -0.0010415 0.0208651 -0.0058838 0.0260990 0.0019793 0.9996401
379.450836 -0.6250607 -0.0009275 0.0211825 -0.0057568 0.0256339 0.0019379 0.9996530
379.650817 -0.6370973 -0.0011570 0.0220108 -0.0054746 0.0234716 0.0020031 0.9997075
380.000783 -0.6559032 -0.0017244 0.0227150 -0.0054494 0.0157382 0.0020801 0.9998592
380.200763 -0.6626361 -0.0014042 0.0238002 -0.0054621 0.0143888 0.0023134 0.9998789
380.400744 -0.6720758 -0.0009837 0.0246743 -0.0058861 0.0110859 0.0025573 0.9999180
380.950691 -0.7038332 -0.0016685 0.0258024 -0.0062671 -0.0005611 0.0053645 0.9999658
381.050681 -0.7082822 -0.0017783 0.0268088 -0.0068885 0.0000090 0.0078352 0.9999456
381.300657 -0.7198723 -0.0015677 0.0270280 -0.0088105 -0.0070482 0.0086452 0.9998990
381.400647 -0.7238435 -0.0018248 0.0266735 -0.0100752 -0.0061784 0.0093669 0.9998863
381.750613 -0.7400991 -0.0034660 0.0241940 -0.0170221 -0.0056057 0.0370805 0.9991516
382.100580 -0.7682680 -0.0197903 0.0248971 -0.0060746 -0.0141305 0.0484552 0.9987069
382.250565 -0.7867329 -0.0261693 0.0272717 -0.0036668 -0.0082257 0.0442173 0.9989814
382.350555 -0.7985723 -0.0275672 0.0298999 -0.0059962 -0.0068447 0.0454738 0.9989241
382.450546 -0.8097553 -0.0270353 0.0320128 -0.0088727 -0.0022522 0.0422360 0.9990658
382.650526 -0.8328595 -0.0268826 0.0373700 -0.0066977 -0.0014006 0.0458728 0.9989239
382.850507 -0.8587456 -0.0283012 0.0417880 -0.0033111 0.0011158 0.0441285 0.9990197
383.050488 -0.8811654 -0.0237668 0.0439200 -0.0169911 0.0004149 0.0523815 0.9984825
386.350168 -0.8867120 -0.0197504 0.0448342 0.0213282 -0.0374244 0.0683439 0.9967315
387.350071 -0.8869457 -0.0200726 0.0452133 0.0212941 -0.0372357 0.0681774 0.9967507
387.450062 -0.8869225 -0.0200723 0.0451287 0.0211747 -0.0373032 0.0683283 0.9967404
390.049810 -0.8870478 -0.0199462 0.0452731 0.0212712 -0.0372295 0.0685107 0.9967285
390.949723 -0.8872391 -0.0198590 0.0448682 0.0211853 -0.0373278 0.0684952 0.9967278
