2461.502147 0.0000000 0.0000000 0.0000000 -0.0000000 -0.0000000 -0.0000000 1.0000000
2462.901498 -0.0163475 -0.0017052 0.0009355 0.0378570 -0.0221650 -0.0024192 0.9990344
2463.001488 -0.0176258 -0.0016923 0.0006976 0.0360600 -0.0226605 -0.0027320 0.9990889
2463.801115 -0.0310252 -0.0027476 0.0005700 0.0414127 -0.0297947 -0.0037953 0.9986905
2464.642301 -0.0318896 -0.0017044 -0.0016604 0.0477161 -0.0422303 0.0001786 0.9979678
2465.925405 -0.0511956 -0.0009719 -0.0065093 0.0223340 -0.0473727 -0.0061638 0.9986086
2465.975400 -0.0511875 -0.0010140 -0.0065697 0.0184898 -0.0468270 -0.0063786 0.9987115
2466.075391 -0.0513956 -0.0010840 -0.0071593 0.0127262 -0.0478868 -0.0062459 0.9987522
2466.275371 -0.0523653 0.0001189 -0.0096081 -0.0020537 -0.0552105 -0.0061420 0.9984537
2469.725037 -0.0886097 0.0128826 -0.0114834 -0.1440360 -0.0513075 -0.0261939 0.9878942
2470.787973 -0.0984219 0.0126122 -0.0142547 -0.1561992 -0.0487295 -0.0278798 0.9861288
2471.654562 -0.1052993 0.0124258 -0.0156478 -0.1574090 -0.0466827 -0.0281034 0.9860291
2472.106039 -0.1103920 0.0138075 -0.0165599 -0.1706221 -0.0410820 -0.0306648 0.9840021
2472.256203 -0.1124187 0.0139760 -0.0168405 -0.1747402 -0.0404010 -0.0315893 0.9832780
2472.805794 -0.1165942 0.0135904 -0.0182453 -0.1752902 -0.0462459 -0.0305661 0.9829550
2472.955937 -0.1177822 0.0135115 -0.0183306 -0.1731941 -0.0480828 -0.0299215 0.9832582
2473.155503 -0.1200099 0.0130383 -0.0189277 -0.1674785 -0.0514779 -0.0287119 0.9841121
2473.255651 -0.1210469 0.0120316 -0.0190885 -0.1591563 -0.0531333 -0.0272823 0.9854450
2474.202182 -0.1276357 0.0062432 -0.0210748 -0.0818200 -0.0652103 -0.0173230 0.9943606
2474.252177 -0.1282777 0.0064623 -0.0208636 -0.0795203 -0.0670801 -0.0173534 0.9944223
2475.930244 -0.1415163 0.0008059 -0.0261903 -0.0012578 -0.0756359 -0.0082953 0.9971002
2476.424389 -0.1450610 0.0018875 -0.0270923 -0.0186788 -0.0694939 -0.0104239 0.9973530
2476.724360 -0.1482042 0.0018033 -0.0268695 -0.0135695 -0.0694978 -0.0094131 0.9974454
2476.924340 -0.1487075 0.0020217 -0.0276326 -0.0090004 -0.0698631 -0.0086745 0.9974783
2477.124321 -0.1491517 0.0015551 -0.0274944 -0.0058399 -0.0693219 -0.0083256 0.9975426
2477.474287 -0.1497240 0.0016925 -0.0279272 -0.0037067 -0.0670545 -0.0078618 0.9977115
2477.574277 -0.1501667 0.0020416 -0.0285941 -0.0072004 -0.0667984 -0.0079795 0.9977086
2477.674268 -0.1501519 0.0021856 -0.0294798 -0.0123295 -0.0662763 -0.0085273 0.9976887
2477.774258 -0.1511464 0.0022122 -0.0302827 -0.0203998 -0.0643243 -0.0093526 0.9976767
2478.574180 -0.1587858 0.0038092 -0.0316693 -0.0816119 -0.0576129 -0.0164725 0.9948612
2478.824156 -0.1600806 0.0035252 -0.0315716 -0.1045663 -0.0496402 -0.0208631 0.9930592
2479.824059 -0.1637369 0.0124775 -0.0329984 -0.1925918 -0.0409980 -0.0343821 0.9798191
2480.024040 -0.1637574 0.0124158 -0.0331719 -0.2103504 -0.0392916 -0.0365797 0.9761510
2480.124030 -0.1622260 0.0140162 -0.0340054 -0.2156688 -0.0398671 -0.0367105 0.9749615
2481.623885 -0.1616883 0.0153514 -0.0330871 -0.2541561 -0.0350883 -0.0430383 0.9655678
