2469.725037 0.0000000 0.0000000 0.0000000 -0.0000000 -0.0000000 -0.0000000 1.0000000
2471.704715 -0.0259694 0.0058453 0.0003009 -0.0131985 0.0039349 -0.0003482 0.9999051
2471.804883 -0.0273593 0.0064819 0.0005576 -0.0158626 0.0045153 -0.0006789 0.9998638
2473.255651 -0.0480275 0.0072474 -0.0003217 -0.0126315 -0.0039074 -0.0001150 0.9999126
2473.355662 -0.0503913 0.0060043 -0.0007888 -0.0003087 -0.0048791 0.0003431 0.9999880
2473.454862 -0.0519288 0.0052181 -0.0011284 0.0089017 -0.0055131 0.0008386 0.9999449
2473.553627 -0.0523729 0.0051265 -0.0015933 0.0196189 -0.0084349 0.0013594 0.9997710
2473.903416 -0.0527342 0.0061778 -0.0025876 0.0437430 -0.0109753 0.0030943 0.9989777
2474.102764 -0.0572181 0.0003621 -0.0032264 0.0587371 -0.0123707 0.0035405 0.9981906
2474.501066 -0.0626227 0.0004339 -0.0055855 0.0856261 -0.0230554 0.0043100 0.9960513
2475.145394 -0.0709247 -0.0050678 -0.0064873 0.1256270 -0.0208228 0.0052740 0.9918450
2475.245739 -0.0711051 -0.0059918 -0.0088676 0.1289153 -0.0247142 0.0060085 0.9913294
2476.474384 -0.0847719 -0.0072678 -0.0105288 0.1276215 -0.0177969 0.0071394 0.9916376
2476.574374 -0.0851499 -0.0067880 -0.0104054 0.1304937 -0.0177390 0.0076666 0.9912608
2476.674364 -0.0894436 -0.0081453 -0.0107041 0.1335251 -0.0180842 0.0073336 0.9908533
2476.824350 -0.0895522 -0.0078323 -0.0102339 0.1367649 -0.0193013 0.0081253 0.9903821
2476.924340 -0.0904983 -0.0084739 -0.0105845 0.1384539 -0.0188289 0.0083574 0.9901546
2477.024331 -0.0899430 -0.0072696 -0.0105961 0.1397925 -0.0190822 0.0086166 0.9899595
2477.374297 -0.0941049 -0.0080531 -0.0095712 0.1451491 -0.0167006 0.0084405 0.9892328
2477.574277 -0.0956503 -0.0073853 -0.0093969 0.1405350 -0.0154769 0.0082372 0.9899205
2478.924147 -0.1149512 0.0023746 -0.0116416 0.0340547 0.0037574 0.0019725 0.9994110
2479.824059 -0.1191459 0.0040410 -0.0166811 -0.0491505 0.0088620 -0.0048668 0.9987402
2479.924050 -0.1170151 0.0041034 -0.0139742 -0.0601214 0.0094328 -0.0051823 0.9981331
2480.074035 -0.1170751 0.0039513 -0.0139153 -0.0701073 0.0093407 -0.0060303 0.9974775
2480.523992 -0.1172892 0.0049708 -0.0156956 -0.1028996 0.0146476 -0.0091340 0.9945419
2481.023943 -0.1199622 0.0069448 -0.0173414 -0.1121558 0.0166117 -0.0107427 0.9934937
2481.823866 -0.1175645 0.0044787 -0.0160110 -0.1124207 0.0120644 -0.0091008 0.9935458
