2444.927438 0.0000000 0.0000000 0.0000000 -0.0000000 -0.0000000 -0.0000000 1.0000000
2449.476998 -0.0132595 0.0020985 0.0020283 -0.0246740 -0.0184924 -0.0008674 0.9995241
2449.626983 -0.0145486 0.0017006 0.0021512 -0.0233992 -0.0221565 -0.0014457 0.9994796
2449.676978 -0.0147202 0.0016645 0.0023338 -0.0227692 -0.0232942 -0.0016454 0.9994680
2450.576891 -0.0268954 0.0013017 0.0024092 -0.0157446 -0.0441598 -0.0152931 0.9987833
2451.226828 -0.0366177 0.0013993 0.0023663 -0.0115874 -0.0600001 -0.0305760 0.9976627
2451.426809 -0.0401196 0.0014126 0.0026901 -0.0115944 -0.0650054 -0.0330603 0.9972697
2451.776775 -0.0469132 0.0012726 0.0020017 -0.0110558 -0.0741255 -0.0395614 0.9964026
2452.526702 -0.0553115 0.0018901 0.0008737 -0.0040128 -0.0948209 -0.0465577 0.9943969
2452.726683 -0.0610809 0.0023706 -0.0009090 -0.0038112 -0.1021536 -0.0483201 0.9935871
2452.926664 -0.0683037 0.0032975 -0.0030015 -0.0053729 -0.1175496 -0.0552023 0.9915170
2454.226538 -0.0820858 0.0064358 -0.0022686 -0.0090361 -0.1420016 -0.0773380 0.9867992
2456.176349 -0.1089203 0.0113778 -0.0088733 -0.0120993 -0.1846024 -0.1187367 0.9755394
2456.676301 -0.1154882 0.0131967 -0.0103187 -0.0145869 -0.1897515 -0.1318672 0.9728271
2457.576214 -0.1338715 0.0186641 -0.0173352 -0.0173130 -0.2187939 -0.1547988 0.9632584
2457.876184 -0.1399451 0.0207906 -0.0211692 -0.0168016 -0.2285612 -0.1643170 0.9594152
2458.026170 -0.1423599 0.0201838 -0.0229629 -0.0167378 -0.2314312 -0.1658357 0.9584665
2458.276146 -0.1472327 0.0217915 -0.0253480 -0.0102074 -0.2364697 -0.1723281 0.9561804
2458.376136 -0.1521826 0.0241561 -0.0277868 -0.0032616 -0.2406681 -0.1755613 0.9545923
2458.476126 -0.1513890 0.0231196 -0.0286530 0.0032583 -0.2509245 -0.1760641 0.9518549
2458.626112 -0.1573138 0.0239512 -0.0316796 0.0092481 -0.2593001 -0.1781393 0.9491809
2459.136493 -0.1685913 0.0258041 -0.0413896 0.0448987 -0.2852500 -0.1826856 0.9398099
2459.187575 -0.1684065 0.0258784 -0.0422427 0.0495339 -0.2878163 -0.1829963 0.9387335
2459.287288 -0.1708281 0.0265447 -0.0430109 0.0586387 -0.2925552 -0.1821682 0.9369033
2459.489521 -0.1732961 0.0270945 -0.0454033 0.0718966 -0.3000154 -0.1813149 0.9337808
2459.594331 -0.1752532 0.0271610 -0.0473282 0.0783939 -0.3049284 -0.1818371 0.9315623
2460.398896 -0.1879132 0.0298233 -0.0574235 0.1263407 -0.3352908 -0.1805573 0.9159788
2461.452330 -0.2027221 0.0368107 -0.0714131 0.1613394 -0.3665334 -0.1829478 0.8978602
2462.002059 -0.2097223 0.0394580 -0.0776020 0.1840806 -0.3805318 -0.1795394 0.8882992
2463.101874 -0.2203625 0.0459888 -0.0876427 0.1922245 -0.3965542 -0.1762325 0.8801913
2463.501499 -0.2201408 0.0461643 -0.0878027 0.1918016 -0.4002415 -0.1756155 0.8787367
2464.938993 -0.2333858 0.0574397 -0.1059645 0.2027047 -0.4190338 -0.1718597 0.8682083
2465.133957 -0.2353024 0.0587160 -0.1100783 0.2047241 -0.4244387 -0.1719467 0.8650863
2465.875410 -0.2419137 0.0658685 -0.1170940 0.1782280 -0.4152051 -0.1880625 0.8720505
2465.975400 -0.2402818 0.0663553 -0.1171088 0.1726810 -0.4131415 -0.1905850 0.8735976
2466.075391 -0.2395805 0.0671853 -0.1181422 0.1674278 -0.4132267 -0.1925876 0.8741406
2466.375362 -0.2393421 0.0706573 -0.1222876 0.1448027 -0.4139354 -0.2037767 0.8753084
2466.675333 -0.2435796 0.0756720 -0.1219022 0.1203796 -0.4012907 -0.2185923 0.8813012
2467.925211 -0.2522472 0.0888145 -0.1319858 0.0775265 -0.3830728 -0.2432818 0.8877268
2468.275178 -0.2546935 0.0925368 -0.1340846 0.0644767 -0.3888604 -0.2504065 0.8842664
2468.425163 -0.2555768 0.0943670 -0.1344865 0.0595681 -0.3880593 -0.2528118 0.8842782
2469.675042 -0.2615924 0.1007811 -0.1429225 0.0315212 -0.3809235 -0.2666890 0.8847489
2470.280080 -0.2655731 0.1041243 -0.1487696 0.0214582 -0.3770927 -0.2717358 0.8851555
2470.943687 -0.2693185 0.1086982 -0.1540190 0.0208193 -0.3779387 -0.2720683 0.8847077
2472.055886 -0.2746271 0.1158882 -0.1618099 0.0117748 -0.3668447 -0.2775371 0.8878398
2473.355662 -0.2840145 0.1214578 -0.1740270 0.0278311 -0.3824647 -0.2687109 0.8835953
2473.653795 -0.2836948 0.1208352 -0.1754625 0.0501242 -0.3943693 -0.2562434 0.8810788
2474.252177 -0.2883318 0.1201014 -0.1816531 0.0841628 -0.4106643 -0.2389575 0.8758829
2475.145394 -0.2907008 0.1189806 -0.1911042 0.1320643 -0.4281602 -0.2139194 0.8680301
2475.537454 -0.2932146 0.1196893 -0.1951808 0.1492305 -0.4347614 -0.2047958 0.8641594
2477.074326 -0.3001303 0.1270808 -0.2052042 0.1454429 -0.4288661 -0.2053940 0.8676022
2477.424292 -0.3007982 0.1278851 -0.2066743 0.1499157 -0.4280658 -0.2028714 0.8678296
2477.574277 -0.3009318 0.1286745 -0.2066250 0.1462328 -0.4266916 -0.2048142 0.8686780
2477.874248 -0.3014413 0.1318173 -0.2107666 0.1307484 -0.4196042 -0.2135576 0.8724852
2478.474190 -0.3045492 0.1369753 -0.2114734 0.0931353 -0.4068104 -0.2329833 0.8783792
2479.174122 -0.3059020 0.1454932 -0.2112602 0.0401944 -0.3774388 -0.2628042 0.8870504
2479.524088 -0.3055036 0.1475300 -0.2128759 0.0124339 -0.3683161 -0.2776165 0.8871966
2479.824059 -0.3041006 0.1520666 -0.2097197 -0.0071157 -0.3599687 -0.2880285 0.8873621
2480.074035 -0.3045552 0.1511122 -0.2108934 -0.0255485 -0.3521654 -0.2974044 0.8870611
2480.374006 -0.3033899 0.1527862 -0.2097548 -0.0419218 -0.3437437 -0.3063788 0.8866876
2480.823963 -0.3030034 0.1535617 -0.2093352 -0.0613236 -0.3337810 -0.3165150 0.8858036
2481.823866 -0.3035382 0.1538251 -0.2099498 -0.0603276 -0.3374617 -0.3148249 0.8850794
