2444.927438 0.0000000 0.0000000 0.0000000 -0.0000000 -0.0000000 -0.0000000 1.0000000
2449.476998 -0.0131519 0.0017724 0.0016261 -0.0248087 -0.0185806 -0.0005733 0.9995194
2449.576988 -0.0141488 0.0018290 0.0020036 -0.0226924 -0.0210015 -0.0014717 0.9995208
2449.626983 -0.0146273 0.0015831 0.0018574 -0.0234243 -0.0221267 -0.0012810 0.9994799
2450.176930 -0.0209165 0.0015229 0.0019709 -0.0197730 -0.0331420 -0.0047443 0.9992438
2451.276823 -0.0375706 0.0010917 0.0019279 -0.0118924 -0.0610775 -0.0308546 0.9975851
2451.626790 -0.0440869 0.0015363 0.0021367 -0.0115023 -0.0707798 -0.0368234 0.9967457
2451.926760 -0.0482601 0.0013653 0.0016584 -0.0108050 -0.0795329 -0.0410532 0.9959279
2452.426712 -0.0537483 0.0014280 0.0008401 -0.0051514 -0.0895397 -0.0455469 0.9949279
2452.476707 -0.0544892 0.0015992 0.0006757 -0.0046584 -0.0917825 -0.0455770 0.9947246
2452.726683 -0.0610904 0.0023714 -0.0010141 -0.0037001 -0.1021988 -0.0482615 0.9935857
2454.076552 -0.0803483 0.0054471 -0.0027122 -0.0088308 -0.1394180 -0.0755934 0.9873046
2456.826286 -0.1182954 0.0152767 -0.0101169 -0.0158861 -0.1943632 -0.1340867 0.9715922
2457.126257 -0.1254086 0.0169805 -0.0124624 -0.0163248 -0.2018977 -0.1430287 0.9687691
2457.726199 -0.1374830 0.0208753 -0.0182923 -0.0165377 -0.2236692 -0.1598483 0.9613257
2457.826189 -0.1396261 0.0219024 -0.0192632 -0.0160185 -0.2270900 -0.1626063 0.9600691
2457.876184 -0.1402023 0.0220578 -0.0200716 -0.0161559 -0.2282256 -0.1644567 0.9594822
2458.076165 -0.1428306 0.0225646 -0.0215427 -0.0157893 -0.2317535 -0.1661833 0.9583445
2458.176155 -0.1444813 0.0231457 -0.0220582 -0.0112162 -0.2340438 -0.1699598 0.9571893
2458.476126 -0.1533479 0.0255525 -0.0280395 0.0039562 -0.2497114 -0.1761998 0.9521461
2458.728235 -0.1599315 0.0270661 -0.0315261 0.0173503 -0.2656238 -0.1785477 0.9472401
2458.880493 -0.1628627 0.0270296 -0.0348845 0.0260739 -0.2717040 -0.1807070 0.9449032
2458.980345 -0.1649702 0.0288409 -0.0359017 0.0338942 -0.2774362 -0.1814020 0.9428540
2459.187575 -0.1691391 0.0284840 -0.0400572 0.0504020 -0.2874750 -0.1823372 0.9389201
2459.489521 -0.1730920 0.0286767 -0.0429275 0.0724047 -0.3000647 -0.1808940 0.9338074
2460.550758 -0.1895405 0.0325378 -0.0562627 0.1311150 -0.3386532 -0.1799019 0.9141982
2460.701533 -0.1908274 0.0326765 -0.0574213 0.1378894 -0.3425446 -0.1788092 0.9119633
2462.152440 -0.2125374 0.0420167 -0.0766067 0.1887559 -0.3822269 -0.1770921 0.8870808
2462.252252 -0.2127675 0.0420945 -0.0764053 0.1912381 -0.3847972 -0.1755913 0.8857352
2464.345787 -0.2275641 0.0538068 -0.0942197 0.1972333 -0.4091991 -0.1740639 0.8737030
2465.232505 -0.2362910 0.0612155 -0.1087671 0.2014825 -0.4238695 -0.1742290 0.8656695
2465.975400 -0.2426274 0.0681987 -0.1159827 0.1734027 -0.4121381 -0.1909100 0.8738576
2466.075391 -0.2418049 0.0691897 -0.1169449 0.1683193 -0.4122995 -0.1929877 0.8743189
2466.375362 -0.2385927 0.0724957 -0.1201581 0.1455711 -0.4138886 -0.2030400 0.8753742
2466.525347 -0.2379549 0.0725784 -0.1207681 0.1337501 -0.4094024 -0.2092198 0.8779110
2468.125192 -0.2533502 0.0921494 -0.1315935 0.0702551 -0.3874660 -0.2470412 0.8853841
2468.275178 -0.2541504 0.0930866 -0.1317395 0.0648568 -0.3888426 -0.2495703 0.8844827
2469.275081 -0.2589752 0.1001191 -0.1383358 0.0405387 -0.3837806 -0.2620389 0.8845364
2469.625047 -0.2609377 0.1023138 -0.1395250 0.0332868 -0.3816811 -0.2656419 0.8846728
2470.280080 -0.2650676 0.1065922 -0.1454237 0.0226454 -0.3768651 -0.2712358 0.8853762
2470.943687 -0.2688068 0.1099378 -0.1507741 0.0214884 -0.3778796 -0.2716230 0.8848538
2471.754572 -0.2728273 0.1144785 -0.1563609 0.0193743 -0.3714752 -0.2734164 0.8870593
2472.055886 -0.2749043 0.1175369 -0.1586168 0.0124919 -0.3664613 -0.2771305 0.8881153
2472.356351 -0.2767974 0.1199976 -0.1612038 0.0079521 -0.3638199 -0.2798799 0.8883913
2472.955937 -0.2793992 0.1229646 -0.1657484 0.0073851 -0.3697167 -0.2792540 0.8861559
2474.997107 -0.2905923 0.1206496 -0.1862738 0.1258936 -0.4256873 -0.2174745 0.8692790
2475.145394 -0.2913387 0.1210212 -0.1885876 0.1328183 -0.4274142 -0.2135112 0.8683832
2476.424389 -0.2964429 0.1264274 -0.1989111 0.1366974 -0.4260574 -0.2107021 0.8691338
2476.924340 -0.2985074 0.1284230 -0.2029404 0.1446418 -0.4286565 -0.2056920 0.8677691
2477.024331 -0.2992486 0.1284213 -0.2033675 0.1454141 -0.4288196 -0.2050581 0.8677095
2477.174316 -0.2994692 0.1289289 -0.2033585 0.1482186 -0.4290406 -0.2037708 0.8674289
2477.624272 -0.3000334 0.1302581 -0.2050942 0.1451821 -0.4259886 -0.2050085 0.8691533
2478.024234 -0.3019350 0.1341125 -0.2076595 0.1227626 -0.4170879 -0.2175084 0.8738748
2478.224214 -0.3029765 0.1357187 -0.2079121 0.1115566 -0.4135490 -0.2234341 0.8755624
2478.324205 -0.3039113 0.1365282 -0.2072244 0.1046439 -0.4106402 -0.2268943 0.8768941
2479.574084 -0.3058177 0.1496734 -0.2099728 0.0081511 -0.3657500 -0.2803064 0.8874620
2479.824059 -0.3042867 0.1511816 -0.2091897 -0.0074330 -0.3591148 -0.2876811 0.8878180
2480.024040 -0.3047919 0.1515372 -0.2085604 -0.0225722 -0.3525451 -0.2958938 0.8874961
2480.224021 -0.3042992 0.1535148 -0.2086134 -0.0346531 -0.3465798 -0.3024862 0.8872337
2480.573987 -0.3028558 0.1535561 -0.2072495 -0.0534005 -0.3368008 -0.3122666 0.8866810
2480.723972 -0.3026942 0.1544592 -0.2072408 -0.0585928 -0.3346280 -0.3150285 0.8861986
