2469.725037 0.0000000 0.0000000 0.0000000 -0.0000000 -0.0000000 -0.0000000 1.0000000
2471.704715 -0.0191238 0.0034208 0.0001415 -0.0135422 0.0037807 -0.0004713 0.9999011
2471.804883 -0.0196667 0.0035685 0.0000692 -0.0164367 0.0041834 -0.0005670 0.9998560
2472.106039 -0.0232454 0.0053027 0.0008543 -0.0255465 0.0080264 -0.0013303 0.9996405
2472.155896 -0.0294499 0.0042722 0.0026334 -0.0284529 0.0124461 -0.0032995 0.9995122
2473.454862 -0.0311901 0.0054982 -0.0009116 0.0099255 -0.0094123 0.0025703 0.9999031
2473.653795 -0.0373120 0.0016257 -0.0011689 0.0263591 -0.0107287 0.0019236 0.9995931
2474.102764 -0.0401120 -0.0002996 -0.0021940 0.0586667 -0.0138747 0.0037977 0.9981740
2474.202182 -0.0410519 -0.0001157 -0.0025890 0.0664902 -0.0161809 0.0042949 0.9976466
2474.402202 -0.0444893 -0.0022216 -0.0039339 0.0772252 -0.0220810 0.0040377 0.9967610
2474.501066 -0.0447236 -0.0023688 -0.0043045 0.0844018 -0.0242215 0.0046706 0.9961264
2474.550607 -0.0452771 -0.0028909 -0.0047003 0.0886366 -0.0236512 0.0046338 0.9957724
2476.524379 -0.0628868 -0.0041455 -0.0077667 0.1280861 -0.0179152 0.0072663 0.9915746
2476.574374 -0.0623533 -0.0042400 -0.0072123 0.1309708 -0.0190305 0.0075261 0.9911750
2476.624369 -0.0622838 -0.0041688 -0.0071329 0.1321037 -0.0196018 0.0078279 0.9910112
2476.724360 -0.0621154 -0.0040120 -0.0066101 0.1350850 -0.0211114 0.0080575 0.9905763
2476.874345 -0.0631128 -0.0053227 -0.0066188 0.1380319 -0.0214427 0.0083325 0.9901606
2476.974335 -0.0632856 -0.0049337 -0.0069345 0.1394667 -0.0215707 0.0082951 0.9899570
2477.424292 -0.0670914 -0.0064201 -0.0091025 0.1450918 -0.0183193 0.0085617 0.9892116
2477.524282 -0.0687023 -0.0061172 -0.0081767 0.1417548 -0.0170154 0.0084200 0.9897197
2479.524088 -0.0795149 0.0045636 -0.0029927 -0.0221212 0.0020601 -0.0020996 0.9997510
2479.874055 -0.0805596 0.0048045 -0.0073543 -0.0538378 0.0054167 -0.0051835 0.9985216
2481.473900 -0.0813372 0.0113396 -0.0063701 -0.1111093 0.0129547 -0.0109603 0.9936633
2481.623885 -0.0808565 0.0113293 -0.0057603 -0.1101872 0.0106178 -0.0094039 0.9938096
2481.923856 -0.0808270 0.0127602 -0.0035275 -0.1067225 0.0080326 -0.0098553 0.9942076
