2461.502147 0.0000000 0.0000000 0.0000000 -0.0000000 -0.0000000 -0.0000000 1.0000000
2462.451700 -0.0077654 -0.0000648 0.0000038 0.0403957 -0.0142183 -0.0034391 0.9990767
2462.552065 -0.0077686 -0.0000665 -0.0000033 0.0411760 -0.0153229 -0.0030344 0.9990298
2463.201508 -0.0079012 -0.0001461 -0.0004579 0.0384713 -0.0259029 -0.0016412 0.9989226
2463.401311 -0.0080055 -0.0001606 -0.0006815 0.0385187 -0.0270585 -0.0011188 0.9988908
2463.701124 -0.0085189 0.0000663 -0.0011061 0.0412658 -0.0322760 -0.0005110 0.9986266
2465.875410 -0.0249852 -0.0001988 -0.0033235 0.0256912 -0.0473915 -0.0061890 0.9985268
2466.075391 -0.0255935 0.0003849 -0.0045514 0.0137520 -0.0466875 -0.0071710 0.9987891
2466.375362 -0.0258079 0.0002853 -0.0051430 -0.0112303 -0.0528618 -0.0083658 0.9985036
2466.475352 -0.0263731 0.0000871 -0.0059551 -0.0215262 -0.0510832 -0.0097662 0.9984146
2469.875023 -0.0428238 0.0061146 -0.0065656 -0.1468690 -0.0474770 -0.0269347 0.9876487
2469.975013 -0.0434890 0.0061511 -0.0067107 -0.1496230 -0.0479193 -0.0274493 0.9871997
2470.635558 -0.0460742 0.0064915 -0.0072318 -0.1556919 -0.0462172 -0.0286361 0.9863083
2471.502878 -0.0497020 0.0063204 -0.0079928 -0.1531215 -0.0481304 -0.0274493 0.9866529
2471.604231 -0.0500628 0.0064731 -0.0081173 -0.1577654 -0.0449175 -0.0285344 0.9860417
2472.206050 -0.0533764 0.0068753 -0.0086720 -0.1728367 -0.0389623 -0.0315828 0.9836727
2472.605932 -0.0549380 0.0069984 -0.0089040 -0.1733765 -0.0426522 -0.0310382 0.9834419
2473.255651 -0.0575725 0.0063940 -0.0097109 -0.1582786 -0.0520818 -0.0275011 0.9856364
2473.454862 -0.0584864 0.0056456 -0.0096328 -0.1375316 -0.0544602 -0.0250098 0.9886828
2474.202182 -0.0609429 0.0038818 -0.0103985 -0.0808025 -0.0638969 -0.0178259 0.9945202
2474.897828 -0.0629067 0.0024173 -0.0112162 -0.0360724 -0.0717870 -0.0130570 0.9966820
2476.374393 -0.0696689 0.0017908 -0.0122356 -0.0166936 -0.0683270 -0.0110593 0.9974620
2476.574374 -0.0699298 0.0016263 -0.0125921 -0.0168779 -0.0667590 -0.0108174 0.9975678
2476.774355 -0.0700909 0.0012615 -0.0134202 -0.0116089 -0.0697208 -0.0094338 0.9974544
2476.874345 -0.0701774 0.0012106 -0.0137272 -0.0094734 -0.0690157 -0.0088464 0.9975314
2477.474287 -0.0708433 0.0014266 -0.0140965 -0.0029834 -0.0659229 -0.0079456 0.9977886
2477.574277 -0.0708558 0.0014585 -0.0142381 -0.0065339 -0.0659394 -0.0084708 0.9977663
2477.674268 -0.0711427 0.0012688 -0.0142686 -0.0118502 -0.0651768 -0.0089336 0.9977634
2477.924243 -0.0712549 0.0013048 -0.0147408 -0.0283181 -0.0629335 -0.0100362 0.9975654
2478.124224 -0.0731794 0.0017955 -0.0148154 -0.0430350 -0.0613483 -0.0128910 0.9971049
2478.774161 -0.0752767 0.0044002 -0.0140600 -0.0979886 -0.0501541 -0.0202499 0.9937167
2479.524088 -0.0766968 0.0063935 -0.0150197 -0.1669884 -0.0427921 -0.0304326 0.9845596
2480.473997 -0.0773515 0.0091221 -0.0147171 -0.2380931 -0.0329241 -0.0410907 0.9698141
2481.173929 -0.0766589 0.0095256 -0.0152548 -0.2526519 -0.0311956 -0.0431576 0.9660907
2481.673880 -0.0762792 0.0093353 -0.0149487 -0.2516569 -0.0342763 -0.0417658 0.9663072
