2469.725037 0.0000000 0.0000000 0.0000000 -0.0000000 -0.0000000 -0.0000000 1.0000000
2470.736931 -0.0090443 0.0027255 -0.0000342 -0.0105548 0.0032296 -0.0011849 0.9999384
2470.839706 -0.0093035 0.0027186 -0.0004654 -0.0104350 0.0002514 -0.0006395 0.9999453
2471.097089 -0.0111788 0.0016879 -0.0012374 -0.0087889 -0.0026184 -0.0001622 0.9999580
2472.106039 -0.0190400 0.0029327 -0.0013962 -0.0260897 0.0080789 -0.0014165 0.9996260
2472.256203 -0.0206785 0.0033752 -0.0010291 -0.0301897 0.0086314 -0.0019845 0.9995050
2472.356351 -0.0119131 0.0022895 -0.0039845 -0.0296267 0.0011849 0.0013874 0.9995594
2472.805794 -0.0248470 0.0029205 -0.0022087 -0.0307042 0.0026007 -0.0018551 0.9995235
2473.155503 -0.0282307 0.0026195 -0.0025771 -0.0224468 -0.0025503 -0.0009861 0.9997443
2473.454862 -0.0300621 0.0004145 -0.0034982 0.0075082 -0.0066188 0.0011395 0.9999493
2474.152601 -0.0347650 -0.0026984 -0.0055983 0.0593315 -0.0135070 0.0037276 0.9981400
2475.145394 -0.0408533 -0.0062142 -0.0083827 0.1242920 -0.0221973 0.0062378 0.9919778
2476.079045 -0.0493632 -0.0071572 -0.0109029 0.1378173 -0.0242581 0.0075458 0.9901318
2476.624369 -0.0524245 -0.0068185 -0.0110714 0.1305331 -0.0187079 0.0080851 0.9912345
2476.674364 -0.0526718 -0.0070997 -0.0111989 0.1328552 -0.0195064 0.0082762 0.9909089
2476.824350 -0.0553454 -0.0065347 -0.0111691 0.1361339 -0.0197325 0.0082405 0.9904596
2477.174316 -0.0557842 -0.0067337 -0.0122463 0.1418566 -0.0191291 0.0090989 0.9896606
2477.424292 -0.0560654 -0.0064591 -0.0124071 0.1446640 -0.0172886 0.0094033 0.9892851
2477.574277 -0.0569866 -0.0070883 -0.0119121 0.1394442 -0.0165822 0.0095523 0.9900450
2478.674171 -0.0655060 -0.0093373 -0.0223581 0.0525692 -0.0046837 0.0052440 0.9985926
2478.974142 -0.0679477 -0.0099729 -0.0234250 0.0241587 0.0041659 0.0025778 0.9996961
2479.174122 -0.0680044 -0.0103545 -0.0232777 0.0040557 0.0048310 0.0015728 0.9999789
2480.473997 -0.0702034 0.0006472 -0.0169162 -0.0994590 0.0130064 -0.0079656 0.9949248
2481.173929 -0.0690454 0.0018335 -0.0156858 -0.1147221 0.0142295 -0.0103840 0.9932414
2481.873861 -0.0696854 0.0020729 -0.0154996 -0.1120801 0.0101549 -0.0084389 0.9936115
