2469.725037 0.0000000 0.0000000 0.0000000 -0.0000000 -0.0000000 -0.0000000 1.0000000
2471.955580 -0.0196774 0.0011195 -0.0021408 -0.0229408 0.0057498 -0.0012885 0.9997195
2472.055886 -0.0210768 0.0010323 -0.0019175 -0.0248340 0.0070261 -0.0013762 0.9996660
2472.306356 -0.0239091 0.0017330 -0.0018065 -0.0300722 0.0087373 -0.0019373 0.9995077
2472.406208 -0.0245893 0.0014128 -0.0023018 -0.0306689 0.0078052 -0.0021336 0.9994969
2473.155503 -0.0306649 0.0010271 -0.0032841 -0.0234039 -0.0016970 -0.0012689 0.9997239
2473.255651 -0.0318463 0.0005722 -0.0032830 -0.0146920 -0.0031443 -0.0005576 0.9998870
2473.653795 -0.0344346 -0.0027717 -0.0048043 0.0242126 -0.0090689 0.0016281 0.9996644
2473.802477 -0.0348450 -0.0030821 -0.0048919 0.0321711 -0.0094172 0.0021907 0.9994356
2474.451427 -0.0402598 -0.0063762 -0.0076838 0.0798478 -0.0227172 0.0042586 0.9965391
2474.997107 -0.0430101 -0.0076963 -0.0088989 0.1149028 -0.0208595 0.0057327 0.9931412
2475.145394 -0.0448760 -0.0074482 -0.0083728 0.1235286 -0.0209217 0.0054550 0.9921054
2476.229050 -0.0542702 -0.0086591 -0.0111551 0.1314280 -0.0206736 0.0070226 0.9910853
2476.574374 -0.0556700 -0.0082518 -0.0108650 0.1286220 -0.0171729 0.0076748 0.9915153
2476.624369 -0.0565814 -0.0086365 -0.0115041 0.1295133 -0.0173441 0.0078077 0.9913952
2476.724360 -0.0585053 -0.0090453 -0.0107642 0.1321812 -0.0180198 0.0078755 0.9910305
2476.924340 -0.0600307 -0.0087176 -0.0120975 0.1369501 -0.0181234 0.0079199 0.9903805
2477.024331 -0.0599362 -0.0083823 -0.0118756 0.1380916 -0.0183235 0.0082994 0.9902152
2477.424292 -0.0611617 -0.0088615 -0.0118080 0.1433959 -0.0159739 0.0082841 0.9895018
2477.524282 -0.0623598 -0.0090172 -0.0115367 0.1399038 -0.0147398 0.0082536 0.9900210
2479.324108 -0.0759832 -0.0036225 -0.0140852 -0.0070453 0.0080679 -0.0011367 0.9999420
2479.424098 -0.0758271 -0.0036747 -0.0137957 -0.0155563 0.0073340 -0.0023340 0.9998494
2479.524088 -0.0749728 -0.0034545 -0.0133743 -0.0250942 0.0064303 -0.0031739 0.9996594
2481.673880 -0.0750370 0.0053020 -0.0134876 -0.1118139 0.0133515 -0.0090290 0.9935985
2481.823866 -0.0730238 0.0049986 -0.0115892 -0.1110850 0.0111027 -0.0085279 0.9937123
