2469.725037 0.0000000 0.0000000 0.0000000 -0.0000000 -0.0000000 -0.0000000 1.0000000
2471.704715 -0.0216048 0.0011039 -0.0017507 -0.0146553 0.0048250 -0.0007348 0.9998807
2471.804883 -0.0226555 0.0015524 -0.0016955 -0.0174026 0.0054267 -0.0009575 0.9998334
2472.005891 -0.0249813 0.0017203 -0.0017092 -0.0231134 0.0063412 -0.0013319 0.9997119
2472.155896 -0.0273214 0.0025636 -0.0012477 -0.0290193 0.0111804 -0.0020030 0.9995143
2473.055789 -0.0367588 0.0024373 -0.0027574 -0.0273067 0.0006440 -0.0015605 0.9996257
2473.255651 -0.0387047 0.0012053 -0.0030833 -0.0145680 -0.0029356 -0.0004475 0.9998895
2473.355662 -0.0406161 0.0001633 -0.0034480 -0.0022497 -0.0038895 0.0001260 0.9999899
2473.405519 -0.0405932 0.0001255 -0.0035199 0.0017985 -0.0044594 0.0004535 0.9999883
2473.553627 -0.0421891 -0.0013399 -0.0044533 0.0172996 -0.0073778 0.0011565 0.9998225
2474.102764 -0.0462003 -0.0042458 -0.0058858 0.0568046 -0.0112244 0.0031761 0.9983172
2474.352365 -0.0492072 -0.0058809 -0.0068964 0.0737918 -0.0193045 0.0036199 0.9970803
2474.501066 -0.0501709 -0.0058495 -0.0075462 0.0827576 -0.0219729 0.0040658 0.9963192
2476.129395 -0.0665074 -0.0094978 -0.0121018 0.1350651 -0.0214205 0.0066351 0.9905829
2476.474384 -0.0684996 -0.0092512 -0.0123908 0.1261041 -0.0161580 0.0070088 0.9918607
2476.574374 -0.0685960 -0.0093758 -0.0125548 0.1286950 -0.0162336 0.0073520 0.9915241
2476.624369 -0.0686614 -0.0093237 -0.0127408 0.1297674 -0.0168189 0.0076083 0.9913726
2476.724360 -0.0695618 -0.0099554 -0.0123197 0.1324579 -0.0179167 0.0078262 0.9909958
2476.924340 -0.0724954 -0.0104046 -0.0139244 0.1367531 -0.0175171 0.0079585 0.9904183
2477.274306 -0.0738274 -0.0098126 -0.0131544 0.1433669 -0.0167492 0.0084731 0.9894916
2477.424292 -0.0746298 -0.0099537 -0.0131495 0.1434024 -0.0151089 0.0082347 0.9895149
2477.524282 -0.0761787 -0.0094717 -0.0121894 0.1402521 -0.0138603 0.0083004 0.9899840
2479.174122 -0.0924788 0.0027304 -0.0069853 0.0096912 0.0075808 -0.0005012 0.9999242
2479.724069 -0.0915249 0.0063436 -0.0094160 -0.0370716 0.0077582 -0.0026337 0.9992790
2480.623982 -0.0925645 0.0122808 -0.0090036 -0.1052312 0.0163380 -0.0085111 0.9942772
2481.073938 -0.0923724 0.0120443 -0.0085730 -0.1105018 0.0173034 -0.0083065 0.9936906
2481.473900 -0.0927109 0.0119934 -0.0088730 -0.1113870 0.0172790 -0.0089811 0.9935863
2481.773871 -0.0928695 0.0107773 -0.0102922 -0.1100845 0.0137848 -0.0074732 0.9937986
2481.873861 -0.0934543 0.0098506 -0.0107065 -0.1092648 0.0135693 -0.0070928 0.9938948
