2444.927438 0.0000000 0.0000000 0.0000000 -0.0000000 -0.0000000 -0.0000000 1.0000000
2449.476998 -0.0129302 0.0021263 0.0020463 -0.0246153 -0.0185575 -0.0007649 0.9995245
2449.626983 -0.0141788 0.0018471 0.0021257 -0.0232942 -0.0222148 -0.0013643 0.9994809
2449.676978 -0.0146387 0.0018782 0.0024852 -0.0226517 -0.0231966 -0.0017461 0.9994727
2449.926954 -0.0171836 0.0020830 0.0023110 -0.0203026 -0.0269098 -0.0026640 0.9994282
2451.276823 -0.0363672 0.0009220 0.0021967 -0.0119490 -0.0613205 -0.0309560 0.9975664
2451.476804 -0.0405644 0.0014591 0.0023123 -0.0110545 -0.0654992 -0.0343549 0.9971998
2451.826770 -0.0459007 0.0016525 0.0019103 -0.0105712 -0.0760411 -0.0403409 0.9962322
2452.026751 -0.0480813 0.0013946 0.0012676 -0.0106573 -0.0822435 -0.0415966 0.9956868
2452.726683 -0.0597810 0.0024511 -0.0003554 -0.0037125 -0.1022878 -0.0483714 0.9935712
2452.826673 -0.0643710 0.0028170 -0.0027377 -0.0039855 -0.1107988 -0.0511092 0.9925199
2454.076552 -0.0781962 0.0053589 -0.0024543 -0.0088350 -0.1396573 -0.0757147 0.9872614
2455.226441 -0.0931967 0.0080592 -0.0054485 -0.0078731 -0.1697941 -0.0997093 0.9803908
2456.226344 -0.1076093 0.0118833 -0.0086624 -0.0120788 -0.1843242 -0.1199838 0.9754397
2456.926276 -0.1177359 0.0149836 -0.0113742 -0.0158279 -0.1977785 -0.1381118 0.9703393
2457.576214 -0.1307296 0.0191018 -0.0160782 -0.0169476 -0.2188446 -0.1547054 0.9632684
2457.776194 -0.1348811 0.0207244 -0.0181646 -0.0167145 -0.2259079 -0.1615745 0.9605103
2457.826189 -0.1358047 0.0210346 -0.0190989 -0.0161542 -0.2274332 -0.1629245 0.9599317
2458.026170 -0.1393539 0.0207328 -0.0224523 -0.0160908 -0.2311921 -0.1664619 0.9584267
2458.176155 -0.1432848 0.0230613 -0.0234559 -0.0107795 -0.2330381 -0.1711559 0.9572266
2458.276146 -0.1434370 0.0229539 -0.0242418 -0.0095367 -0.2365735 -0.1719312 0.9562331
2458.376136 -0.1417916 0.0233537 -0.0251453 -0.0033733 -0.2438313 -0.1740169 0.9540718
2458.576117 -0.1518007 0.0249953 -0.0299515 0.0078754 -0.2564785 -0.1782118 0.9499459
2458.676502 -0.1546098 0.0255859 -0.0323854 0.0164661 -0.2631658 -0.1796669 0.9477301
2458.929619 -0.1594518 0.0266038 -0.0358102 0.0294230 -0.2744761 -0.1819914 0.9437565
2459.136493 -0.1637323 0.0277568 -0.0397814 0.0463206 -0.2853562 -0.1828208 0.9396824
2459.438499 -0.1681136 0.0268661 -0.0441255 0.0686106 -0.2971409 -0.1817779 0.9348565
2459.541946 -0.1695039 0.0273298 -0.0454906 0.0774646 -0.3031172 -0.1817791 0.9322422
2459.947655 -0.1778227 0.0293470 -0.0510645 0.1033090 -0.3216381 -0.1831026 0.9232278
2459.997887 -0.1776820 0.0289121 -0.0512501 0.1053861 -0.3235817 -0.1829841 0.9223369
2460.852763 -0.1884242 0.0330521 -0.0612412 0.1455115 -0.3500313 -0.1791110 0.9078677
2462.051877 -0.2042838 0.0399264 -0.0750750 0.1858398 -0.3813156 -0.1793424 0.8876364
2462.502070 -0.2080287 0.0411884 -0.0776900 0.1964186 -0.3909904 -0.1735780 0.8822795
2464.345787 -0.2196106 0.0508200 -0.0925285 0.1969404 -0.4103514 -0.1745030 0.8731408
2465.133957 -0.2326130 0.0623657 -0.1094357 0.2065995 -0.4232314 -0.1731323 0.8649954
2465.775420 -0.2313181 0.0636225 -0.1108582 0.1826201 -0.4189413 -0.1855591 0.8698884
2465.825415 -0.2313368 0.0636114 -0.1109040 0.1800971 -0.4179980 -0.1863354 0.8707019
2466.025395 -0.2312618 0.0636949 -0.1111752 0.1692994 -0.4138675 -0.1916261 0.8736880
2466.225376 -0.2292851 0.0652411 -0.1126596 0.1569859 -0.4188250 -0.1962588 0.8725958
2466.675333 -0.2352231 0.0736884 -0.1166405 0.1204427 -0.4024452 -0.2180706 0.8808954
2467.925211 -0.2431113 0.0855248 -0.1272672 0.0774985 -0.3840874 -0.2433793 0.8872640
2468.275178 -0.2460541 0.0894146 -0.1284971 0.0645489 -0.3898994 -0.2503272 0.8838259
2469.275081 -0.2507546 0.0964451 -0.1343173 0.0402648 -0.3849473 -0.2625859 0.8838795
2469.625047 -0.2521954 0.0982301 -0.1361225 0.0330714 -0.3828384 -0.2664874 0.8839262
2470.635558 -0.2577533 0.1044373 -0.1433630 0.0221325 -0.3745397 -0.2729262 0.8858563
2471.097089 -0.2611986 0.1072164 -0.1481592 0.0228631 -0.3798294 -0.2717842 0.8839346
2472.555779 -0.2687480 0.1167767 -0.1584761 0.0070281 -0.3658701 -0.2810351 0.8871916
2472.955937 -0.2704255 0.1180730 -0.1616844 0.0071557 -0.3709568 -0.2802830 0.8853142
2473.105646 -0.2716918 0.1189356 -0.1630131 0.0097315 -0.3744860 -0.2786072 0.8843322
2473.305508 -0.2731479 0.1187465 -0.1655321 0.0228537 -0.3810995 -0.2717740 0.8833911
2474.798430 -0.2808032 0.1166596 -0.1808216 0.1176375 -0.4251913 -0.2225088 0.8694042
2474.997107 -0.2809763 0.1169353 -0.1816506 0.1259282 -0.4269861 -0.2180262 0.8684984
2475.145394 -0.2805057 0.1164605 -0.1827092 0.1326779 -0.4293003 -0.2140598 0.8673387
2476.974335 -0.2901604 0.1246524 -0.1981552 0.1447798 -0.4297437 -0.2063789 0.8670449
2477.424292 -0.2905310 0.1247374 -0.1992109 0.1505259 -0.4289330 -0.2032353 0.8672104
2477.574277 -0.2904946 0.1253437 -0.1995796 0.1464640 -0.4275465 -0.2047998 0.8682219
2477.674268 -0.2903012 0.1257371 -0.2003847 0.1421224 -0.4260476 -0.2068754 0.8691877
2478.074229 -0.2901842 0.1277474 -0.2039363 0.1198514 -0.4183671 -0.2190234 0.8732888
2478.924147 -0.2963113 0.1388160 -0.2047864 0.0606050 -0.3859780 -0.2529308 0.8850842
2479.174122 -0.2965657 0.1406364 -0.2019736 0.0402549 -0.3785464 -0.2631375 0.8864766
2479.824059 -0.2951209 0.1459216 -0.2014379 -0.0077315 -0.3607334 -0.2885343 0.8868819
2480.224021 -0.2940673 0.1470074 -0.2023854 -0.0354540 -0.3481621 -0.3031729 0.8863478
2480.374006 -0.2930065 0.1472888 -0.2013504 -0.0420516 -0.3450247 -0.3063416 0.8861967
2480.523992 -0.2930577 0.1478800 -0.2008226 -0.0513976 -0.3391686 -0.3118643 0.8860382
2480.723972 -0.2925355 0.1492300 -0.2007349 -0.0588366 -0.3361912 -0.3158007 0.8853156
