2469.725037 0.0000000 0.0000000 0.0000000 -0.0000000 -0.0000000 -0.0000000 1.0000000
2470.787973 -0.0059959 0.0004462 -0.0006142 -0.0119559 0.0021887 -0.0004719 0.9999260
2470.891756 -0.0071645 0.0004627 -0.0006933 -0.0112204 0.0001052 -0.0007425 0.9999368
2471.349495 -0.0093434 0.0003672 -0.0007950 -0.0073699 -0.0012445 -0.0001573 0.9999720
2471.502878 -0.0097519 0.0004216 -0.0008918 -0.0092627 0.0018855 -0.0001836 0.9999553
2472.055886 -0.0130787 0.0012809 -0.0008617 -0.0242080 0.0072855 -0.0012537 0.9996796
2472.555779 -0.0162577 0.0015392 -0.0010162 -0.0307625 0.0075540 -0.0019772 0.9994963
2472.805794 -0.0175682 0.0015196 -0.0013186 -0.0309741 0.0044542 -0.0017949 0.9995087
2473.155503 -0.0196364 0.0012579 -0.0015141 -0.0228151 -0.0008012 -0.0012139 0.9997386
2473.255651 -0.0201664 0.0004744 -0.0016744 -0.0145012 -0.0023998 -0.0005152 0.9998919
2473.305508 -0.0203859 0.0000944 -0.0018999 -0.0093481 -0.0027372 -0.0001815 0.9999526
2474.202182 -0.0245089 -0.0027977 -0.0034255 0.0640889 -0.0130766 0.0037543 0.9978515
2474.252177 -0.0248621 -0.0028108 -0.0031626 0.0664458 -0.0149175 0.0035426 0.9976723
2475.095616 -0.0279809 -0.0048791 -0.0051010 0.1184403 -0.0190869 0.0056327 0.9927617
2476.524379 -0.0350704 -0.0048711 -0.0063285 0.1258331 -0.0150615 0.0076445 0.9919077
2476.624369 -0.0368862 -0.0051982 -0.0067397 0.1295837 -0.0152407 0.0072702 0.9914247
2476.724360 -0.0375299 -0.0052773 -0.0059778 0.1323833 -0.0162375 0.0077567 0.9910353
2477.174316 -0.0379270 -0.0054467 -0.0065015 0.1407931 -0.0165836 0.0085862 0.9898629
2477.274306 -0.0380946 -0.0054309 -0.0064143 0.1430393 -0.0160911 0.0085891 0.9895489
2477.374297 -0.0387486 -0.0053516 -0.0064177 0.1434222 -0.0146722 0.0086123 0.9895154
2477.574277 -0.0393015 -0.0052552 -0.0062416 0.1386485 -0.0135226 0.0087011 0.9902111
2477.624272 -0.0392138 -0.0052418 -0.0061404 0.1366850 -0.0138354 0.0084276 0.9904821
2479.174122 -0.0478868 -0.0027211 -0.0064946 0.0066566 0.0081747 0.0004780 0.9999443
2480.224021 -0.0479462 0.0020342 -0.0051430 -0.0822025 0.0127420 -0.0066508 0.9965120
2480.623982 -0.0482730 0.0030493 -0.0055743 -0.1081239 0.0169772 -0.0094117 0.9939479
2481.023943 -0.0475997 0.0038082 -0.0054128 -0.1117432 0.0170996 -0.0100902 0.9935387
2481.623885 -0.0478317 0.0030913 -0.0060405 -0.1126318 0.0155311 -0.0091069 0.9934736
2481.673880 -0.0483308 0.0031156 -0.0058337 -0.1123253 0.0154525 -0.0094812 0.9935061
