2469.725037 0.0000000 0.0000000 0.0000000 -0.0000000 -0.0000000 -0.0000000 1.0000000
2471.046304 -0.0131832 0.0006664 -0.0011882 -0.0103572 -0.0015466 -0.0006303 0.9999450
2471.147519 -0.0140162 0.0006520 -0.0013391 -0.0089381 -0.0017984 -0.0005326 0.9999583
2471.553643 -0.0173262 0.0012621 -0.0014922 -0.0118075 0.0046395 -0.0009218 0.9999191
2472.106039 -0.0222410 0.0021571 -0.0015013 -0.0267156 0.0093484 -0.0015803 0.9995981
2472.155896 -0.0230275 0.0022259 -0.0013595 -0.0288918 0.0110677 -0.0020020 0.9995193
2472.356351 -0.0255908 0.0022447 -0.0019535 -0.0302257 0.0088227 -0.0022420 0.9995016
2472.805794 -0.0290975 0.0020911 -0.0024677 -0.0313368 0.0042187 -0.0021952 0.9994976
2473.355662 -0.0338763 0.0001014 -0.0032486 -0.0022552 -0.0042184 0.0002752 0.9999885
2473.903416 -0.0365418 -0.0030215 -0.0048253 0.0399554 -0.0097546 0.0026274 0.9991504
2474.003090 -0.0380477 -0.0033770 -0.0052645 0.0491228 -0.0109144 0.0028722 0.9987290
2474.102764 -0.0391549 -0.0040339 -0.0054297 0.0566577 -0.0113514 0.0031481 0.9983242
2474.202182 -0.0400638 -0.0043741 -0.0059328 0.0642490 -0.0136765 0.0036134 0.9978337
2476.129395 -0.0559618 -0.0086017 -0.0114431 0.1349056 -0.0216990 0.0067168 0.9905981
2476.474384 -0.0578433 -0.0081779 -0.0109823 0.1259936 -0.0163917 0.0071386 0.9918699
2476.574374 -0.0579028 -0.0082579 -0.0109739 0.1286005 -0.0164469 0.0074197 0.9915323
2476.624369 -0.0579889 -0.0082230 -0.0112262 0.1297311 -0.0170019 0.0076432 0.9913740
2476.674364 -0.0574766 -0.0082287 -0.0118675 0.1321749 -0.0181694 0.0076968 0.9910300
2476.824350 -0.0603067 -0.0086906 -0.0125758 0.1350775 -0.0184059 0.0079444 0.9906322
2477.424292 -0.0641878 -0.0102958 -0.0138196 0.1427753 -0.0149094 0.0084152 0.9896071
2477.524282 -0.0654910 -0.0099538 -0.0128365 0.1395598 -0.0136782 0.0084471 0.9900832
2477.774258 -0.0664861 -0.0096445 -0.0128018 0.1247925 -0.0118440 0.0075867 0.9920831
2479.674074 -0.0808204 0.0021881 -0.0109372 -0.0350867 0.0084222 -0.0027456 0.9993450
2479.824059 -0.0823395 0.0028351 -0.0116695 -0.0487966 0.0109280 -0.0040654 0.9987407
2480.174026 -0.0790747 0.0057383 -0.0095160 -0.0769736 0.0116956 -0.0069488 0.9969403
2480.224021 -0.0800070 0.0046020 -0.0097830 -0.0814978 0.0124297 -0.0060454 0.9965777
2481.073938 -0.0793669 0.0061848 -0.0097059 -0.1124741 0.0172049 -0.0094980 0.9934603
2481.523895 -0.0797904 0.0056863 -0.0104207 -0.1132749 0.0168159 -0.0097663 0.9933734
2481.823866 -0.0805640 0.0050328 -0.0104707 -0.1112606 0.0136618 -0.0088574 0.9936579
