2461.502147 0.0000000 0.0000000 0.0000000 -0.0000000 -0.0000000 -0.0000000 1.0000000
2462.901498 -0.0158890 -0.0028343 0.0028390 0.0370224 -0.0216619 -0.0026618 0.9990761
2462.951493 -0.0155688 -0.0018285 0.0015769 0.0370223 -0.0225536 -0.0025233 0.9990567
2463.950073 -0.0259220 -0.0019716 -0.0003412 0.0414377 -0.0316273 -0.0030819 0.9986356
2464.494153 -0.0264476 -0.0012587 -0.0017607 0.0457424 -0.0395976 -0.0002596 0.9981682
2465.925405 -0.0422010 0.0011617 -0.0082624 0.0235331 -0.0485465 -0.0054152 0.9985290
2465.975400 -0.0423374 0.0011626 -0.0084320 0.0196535 -0.0479819 -0.0056464 0.9986389
2466.075391 -0.0424837 0.0011417 -0.0087715 0.0138889 -0.0489056 -0.0058171 0.9986899
2466.275371 -0.0428187 0.0016771 -0.0100381 -0.0009692 -0.0564848 -0.0056397 0.9983871
2469.725037 -0.0767796 0.0092424 -0.0107865 -0.1451901 -0.0518193 -0.0265643 0.9876887
2470.736931 -0.0847998 0.0118803 -0.0124804 -0.1554604 -0.0483089 -0.0285875 0.9862459
2470.839706 -0.0850101 0.0117632 -0.0128997 -0.1554347 -0.0512180 -0.0276983 0.9861286
2471.097089 -0.0871573 0.0098947 -0.0133405 -0.1545409 -0.0537055 -0.0270009 0.9861561
2472.106039 -0.0944973 0.0122841 -0.0147450 -0.1705105 -0.0425162 -0.0306479 0.9839610
2472.256203 -0.0959815 0.0126062 -0.0148510 -0.1745353 -0.0419013 -0.0314253 0.9832569
2472.356351 -0.0869479 0.0106279 -0.0158843 -0.1744810 -0.0496567 -0.0266139 0.9830475
2473.155503 -0.1030131 0.0118509 -0.0166090 -0.1672854 -0.0528508 -0.0285899 0.9840757
2473.255651 -0.1040103 0.0111649 -0.0167747 -0.1588822 -0.0544607 -0.0272188 0.9854185
2473.504185 -0.1054634 0.0096355 -0.0172224 -0.1337123 -0.0583929 -0.0240304 0.9890065
2474.202182 -0.1098182 0.0062785 -0.0185470 -0.0814234 -0.0665499 -0.0172457 0.9943058
2474.252177 -0.1104915 0.0061995 -0.0185503 -0.0791804 -0.0683808 -0.0170937 0.9943653
2475.930244 -0.1218317 0.0013006 -0.0229317 -0.0010119 -0.0769686 -0.0080481 0.9970005
2476.724360 -0.1271453 0.0024576 -0.0234891 -0.0131650 -0.0710965 -0.0089746 0.9973422
2476.924340 -0.1274759 0.0028124 -0.0243947 -0.0084153 -0.0714495 -0.0081730 0.9973752
2477.024331 -0.1275899 0.0037100 -0.0247576 -0.0068146 -0.0714392 -0.0079713 0.9973899
2477.424292 -0.1292592 0.0025780 -0.0244320 -0.0020156 -0.0687663 -0.0076190 0.9976017
2477.624272 -0.1302428 0.0027865 -0.0256343 -0.0085557 -0.0680355 -0.0082095 0.9976124
2477.724263 -0.1302031 0.0028121 -0.0264429 -0.0151675 -0.0670048 -0.0085771 0.9976005
2478.574180 -0.1366066 0.0067162 -0.0268149 -0.0802414 -0.0591537 -0.0162975 0.9948852
2479.174122 -0.1388750 0.0102534 -0.0272743 -0.1353705 -0.0462359 -0.0250564 0.9893984
2479.474093 -0.1408367 0.0121890 -0.0271647 -0.1639146 -0.0445236 -0.0298544 0.9850170
2479.824059 -0.1412801 0.0149196 -0.0264941 -0.1909304 -0.0423719 -0.0337188 0.9801088
2480.174026 -0.1408167 0.0147009 -0.0276820 -0.2197776 -0.0395779 -0.0375676 0.9740226
2480.473997 -0.1401712 0.0175081 -0.0276995 -0.2376185 -0.0364648 -0.0405113 0.9698282
2480.723972 -0.1399335 0.0177424 -0.0276849 -0.2508025 -0.0352050 -0.0431079 0.9664370
2481.773871 -0.1397577 0.0180535 -0.0267266 -0.2514969 -0.0377761 -0.0417616 0.9662185
