2469.725037 0.0000000 0.0000000 0.0000000 -0.0000000 -0.0000000 -0.0000000 1.0000000
2471.704715 -0.0279050 0.0005104 -0.0036566 -0.0148572 0.0045414 -0.0006542 0.9998791
2471.754572 -0.0293535 0.0003227 -0.0035646 -0.0159311 0.0046038 -0.0008499 0.9998621
2472.106039 -0.0344728 0.0020673 -0.0035611 -0.0270962 0.0091276 -0.0015211 0.9995900
2472.555779 -0.0413459 0.0019442 -0.0042916 -0.0315723 0.0070567 -0.0020545 0.9994745
2472.955937 -0.0461143 0.0014299 -0.0058050 -0.0296108 0.0018531 -0.0016578 0.9995584
2473.405519 -0.0526619 -0.0019098 -0.0072239 0.0011939 -0.0049573 0.0005572 0.9999869
2474.053085 -0.0593669 -0.0076156 -0.0100741 0.0502308 -0.0106855 0.0030978 0.9986757
2474.102764 -0.0600467 -0.0076109 -0.0101451 0.0563236 -0.0118670 0.0034699 0.9983360
2474.202182 -0.0620599 -0.0078533 -0.0108871 0.0640621 -0.0139416 0.0038651 0.9978411
2474.501066 -0.0653728 -0.0093585 -0.0127556 0.0825425 -0.0226318 0.0045110 0.9963204
2475.438708 -0.0754673 -0.0162110 -0.0191117 0.1371431 -0.0245019 0.0063833 0.9902276
2475.979054 -0.0835794 -0.0155956 -0.0192696 0.1411907 -0.0238899 0.0075701 0.9896652
2476.474384 -0.0912002 -0.0126310 -0.0188207 0.1262043 -0.0166663 0.0071209 0.9918388
2476.574374 -0.0921622 -0.0136447 -0.0202360 0.1285675 -0.0164972 0.0074507 0.9915355
2476.674364 -0.0935472 -0.0155417 -0.0198354 0.1314991 -0.0176279 0.0077838 0.9911290
2476.824350 -0.0972872 -0.0160168 -0.0210430 0.1345079 -0.0180439 0.0079053 0.9907167
2476.924340 -0.0975088 -0.0155672 -0.0214967 0.1365260 -0.0177416 0.0082264 0.9904435
2477.224311 -0.0973164 -0.0157140 -0.0213174 0.1417207 -0.0179676 0.0085674 0.9897065
2477.574277 -0.0986447 -0.0153981 -0.0217318 0.1383651 -0.0154741 0.0083917 0.9902249
2477.624272 -0.0985514 -0.0155697 -0.0215912 0.1363578 -0.0155991 0.0083545 0.9905016
2477.874248 -0.0997299 -0.0146663 -0.0230314 0.1190795 -0.0131523 0.0075317 0.9927691
2479.124127 -0.1184047 -0.0094597 -0.0267128 0.0123279 0.0051843 0.0000439 0.9999106
2479.324108 -0.1207538 -0.0076061 -0.0278641 -0.0076374 0.0075807 -0.0010962 0.9999415
2480.523992 -0.1198581 -0.0030517 -0.0259229 -0.1053532 0.0147047 -0.0087511 0.9942877
2480.723972 -0.1193876 -0.0027894 -0.0254968 -0.1144997 0.0145488 -0.0098615 0.9932678
2481.673880 -0.1208274 -0.0036200 -0.0265700 -0.1157613 0.0136541 -0.0098862 0.9931340
2481.923856 -0.1196978 -0.0031305 -0.0260172 -0.1136419 0.0113232 -0.0085649 0.9934204
