2444.927438 0.0000000 0.0000000 0.0000000 -0.0000000 -0.0000000 -0.0000000 1.0000000
2449.526993 -0.0121767 0.0020234 0.0022150 -0.0231892 -0.0199266 -0.0012723 0.9995317
2449.626983 -0.0128289 0.0019262 0.0021386 -0.0231905 -0.0223716 -0.0012004 0.9994800
2449.876959 -0.0147975 0.0021512 0.0023480 -0.0214519 -0.0264287 -0.0020129 0.9994185
2450.526896 -0.0229904 0.0016554 0.0025496 -0.0160009 -0.0429492 -0.0132986 0.9988606
2450.726877 -0.0260706 0.0016616 0.0026535 -0.0128042 -0.0476784 -0.0194136 0.9985920
2451.176833 -0.0322634 0.0013913 0.0025019 -0.0108709 -0.0587942 -0.0294365 0.9977768
2451.276823 -0.0336100 0.0019650 0.0026595 -0.0112925 -0.0612412 -0.0305295 0.9975921
2452.626693 -0.0523684 0.0025040 0.0008636 -0.0024920 -0.0964876 -0.0473261 0.9942054
2452.676688 -0.0539121 0.0032797 0.0006212 -0.0019125 -0.0982737 -0.0480493 0.9939969
2452.826673 -0.0591614 0.0029244 -0.0021080 -0.0037720 -0.1108904 -0.0506997 0.9925314
2453.176639 -0.0639487 0.0043467 -0.0014767 -0.0092051 -0.1249961 -0.0590750 0.9903542
2455.226441 -0.0863965 0.0074582 -0.0048352 -0.0078226 -0.1693387 -0.0994439 0.9804969
2455.276436 -0.0863393 0.0074097 -0.0048725 -0.0080136 -0.1705202 -0.1010630 0.9801250
2455.626402 -0.0931877 0.0095787 -0.0061354 -0.0097158 -0.1772986 -0.1089164 0.9780635
2456.326335 -0.0995665 0.0114881 -0.0074897 -0.0125415 -0.1854391 -0.1213531 0.9750531
2456.676301 -0.1040567 0.0127551 -0.0085989 -0.0140557 -0.1894493 -0.1312709 0.9729745
2457.026267 -0.1108548 0.0144857 -0.0110545 -0.0166654 -0.1995168 -0.1387575 0.9698772
2457.476223 -0.1195095 0.0175009 -0.0135755 -0.0168791 -0.2143772 -0.1503089 0.9649688
2457.576214 -0.1203205 0.0175899 -0.0143607 -0.0168669 -0.2187848 -0.1538327 0.9634232
2457.826189 -0.1254687 0.0193296 -0.0175754 -0.0161929 -0.2271508 -0.1622534 0.9601116
2457.876184 -0.1265160 0.0195456 -0.0186557 -0.0164092 -0.2278771 -0.1641174 0.9596188
2458.076165 -0.1283707 0.0187038 -0.0212051 -0.0167851 -0.2321682 -0.1658576 0.9582836
2458.476126 -0.1382204 0.0215793 -0.0267096 0.0032275 -0.2500224 -0.1760961 0.9520864
2458.626112 -0.1421252 0.0227098 -0.0296687 0.0095876 -0.2589984 -0.1779815 0.9492894
2458.830833 -0.1462691 0.0236045 -0.0330935 0.0219197 -0.2696562 -0.1802563 0.9456811
2458.880493 -0.1471287 0.0242658 -0.0334198 0.0261081 -0.2717873 -0.1811176 0.9447998
2459.387891 -0.1553793 0.0250339 -0.0402830 0.0635045 -0.2946807 -0.1815718 0.9360353
2459.695586 -0.1608404 0.0257834 -0.0450127 0.0845387 -0.3098350 -0.1827529 0.9292238
2459.997887 -0.1650473 0.0271550 -0.0478237 0.1050088 -0.3231974 -0.1821718 0.9226755
2460.398896 -0.1697649 0.0278889 -0.0526078 0.1264348 -0.3348556 -0.1804112 0.9161538
2460.902580 -0.1752006 0.0302516 -0.0580819 0.1467945 -0.3518995 -0.1788853 0.9069830
2462.051877 -0.1908142 0.0368861 -0.0706392 0.1851883 -0.3802418 -0.1788465 0.8883330
2462.502070 -0.1918572 0.0369946 -0.0714310 0.1954921 -0.3908250 -0.1725109 0.8827676
2465.875410 -0.2166566 0.0598108 -0.1057452 0.1782540 -0.4150779 -0.1871973 0.8722918
2465.925405 -0.2164096 0.0602322 -0.1060631 0.1759394 -0.4139097 -0.1886055 0.8730133
2465.975400 -0.2165045 0.0600046 -0.1058372 0.1726831 -0.4126255 -0.1900621 0.8739549
2466.175381 -0.2148696 0.0618367 -0.1076100 0.1608066 -0.4154097 -0.1952978 0.8737476
2466.475352 -0.2196006 0.0675720 -0.1106765 0.1376228 -0.4084203 -0.2087128 0.8778906
2467.075294 -0.2232074 0.0748065 -0.1127032 0.1042469 -0.3979955 -0.2273700 0.8826296
2468.725134 -0.2310519 0.0867666 -0.1232232 0.0533035 -0.3837087 -0.2556329 0.8857642
2468.825124 -0.2310309 0.0865447 -0.1233626 0.0514457 -0.3829195 -0.2565980 0.8859365
2468.925115 -0.2310386 0.0869201 -0.1234255 0.0467555 -0.3813992 -0.2590298 0.8861445
2469.475061 -0.2339861 0.0911775 -0.1272913 0.0355599 -0.3824939 -0.2645442 0.8845622
2470.432673 -0.2398145 0.0961564 -0.1338788 0.0221995 -0.3741540 -0.2717476 0.8863799
2470.943687 -0.2431550 0.0989524 -0.1380836 0.0212945 -0.3772988 -0.2716779 0.8850894
2471.654562 -0.2459406 0.1018406 -0.1426719 0.0210274 -0.3718306 -0.2724833 0.8871599
2471.955580 -0.2469741 0.1042401 -0.1441275 0.0132429 -0.3679588 -0.2762214 0.8877684
2472.905942 -0.2523511 0.1096021 -0.1512231 0.0057329 -0.3680988 -0.2799191 0.8866317
2473.355662 -0.2553633 0.1098729 -0.1560413 0.0280874 -0.3821699 -0.2677447 0.8840079
2473.454862 -0.2562004 0.1096124 -0.1567780 0.0357379 -0.3852300 -0.2639133 0.8835555
2475.145394 -0.2626762 0.1084307 -0.1730604 0.1326784 -0.4267935 -0.2141306 0.8685573
2475.294510 -0.2636840 0.1084902 -0.1742133 0.1356139 -0.4313534 -0.2119108 0.8663930
2475.735893 -0.2654313 0.1089753 -0.1773671 0.1531929 -0.4344986 -0.2025197 0.8641347
2476.424389 -0.2674463 0.1123012 -0.1809529 0.1360213 -0.4257864 -0.2106520 0.8693848
2476.874345 -0.2708973 0.1150501 -0.1858744 0.1435093 -0.4272704 -0.2066575 0.8684111
2476.974335 -0.2709110 0.1150127 -0.1857078 0.1444637 -0.4276462 -0.2059615 0.8682332
2477.124321 -0.2713894 0.1154336 -0.1863999 0.1473423 -0.4274366 -0.2045897 0.8681770
2477.574277 -0.2712032 0.1160857 -0.1873957 0.1463753 -0.4252303 -0.2045558 0.8694311
2477.674268 -0.2709373 0.1164650 -0.1878019 0.1420934 -0.4238000 -0.2068414 0.8702986
2478.324205 -0.2740460 0.1222560 -0.1909127 0.1043796 -0.4092937 -0.2274682 0.8774063
2478.824156 -0.2760589 0.1283305 -0.1924811 0.0680040 -0.3881985 -0.2480426 0.8849589
2479.824059 -0.2757031 0.1360385 -0.1909841 -0.0076098 -0.3578607 -0.2879448 0.8882374
2480.424001 -0.2741756 0.1383157 -0.1888144 -0.0453846 -0.3397457 -0.3078029 0.8875644
2480.523992 -0.2738596 0.1383815 -0.1887654 -0.0510737 -0.3367027 -0.3109024 0.8873345
2480.673977 -0.2736219 0.1389163 -0.1885438 -0.0577100 -0.3342371 -0.3143024 0.8866618
2481.023943 -0.2728419 0.1390167 -0.1888366 -0.0593951 -0.3331385 -0.3150773 0.8866890
2481.923856 -0.2738377 0.1390665 -0.1891658 -0.0588442 -0.3369777 -0.3139502 0.8856741
