2444.927438 0.0000000 0.0000000 0.0000000 -0.0000000 -0.0000000 -0.0000000 1.0000000
2449.476998 -0.0140364 0.0022505 0.0021287 -0.0245900 -0.0183312 -0.0008051 0.9995292
2449.526993 -0.0137501 0.0015938 0.0018799 -0.0235173 -0.0199223 -0.0011684 0.9995242
2450.826867 -0.0318978 0.0014300 0.0024677 -0.0135121 -0.0496967 -0.0205767 0.9984609
2451.226828 -0.0383492 0.0014391 0.0020739 -0.0115551 -0.0596593 -0.0304626 0.9976870
2451.426809 -0.0416171 0.0015361 0.0025683 -0.0115119 -0.0648974 -0.0329138 0.9972826
2451.776775 -0.0484919 0.0014084 0.0018896 -0.0109960 -0.0740267 -0.0392532 0.9964228
2452.676688 -0.0617010 0.0021118 -0.0001131 -0.0026974 -0.0982598 -0.0482024 0.9939891
2452.726683 -0.0636535 0.0029612 -0.0002507 -0.0035635 -0.1018614 -0.0481952 0.9936241
2453.876572 -0.0810600 0.0055018 -0.0023271 -0.0078491 -0.1355793 -0.0708951 0.9881956
2454.076552 -0.0832943 0.0057472 -0.0027525 -0.0087700 -0.1391135 -0.0756845 0.9873410
2454.476514 -0.0877240 0.0065158 -0.0036362 -0.0100121 -0.1484057 -0.0812511 0.9855322
2456.176349 -0.1135691 0.0123689 -0.0091641 -0.0118340 -0.1837570 -0.1190383 0.9756655
2457.176252 -0.1306578 0.0178936 -0.0134854 -0.0168825 -0.2035402 -0.1451518 0.9680998
2457.326238 -0.1338103 0.0188957 -0.0144602 -0.0183647 -0.2091834 -0.1465259 0.9666619
2457.576214 -0.1389169 0.0207099 -0.0164143 -0.0167239 -0.2182355 -0.1546483 0.9634197
2457.826189 -0.1435291 0.0225408 -0.0194354 -0.0161011 -0.2271513 -0.1623414 0.9600981
2458.026170 -0.1490492 0.0242024 -0.0215096 -0.0152447 -0.2302693 -0.1661983 0.9587084
2458.126160 -0.1485763 0.0248061 -0.0209566 -0.0132564 -0.2327568 -0.1675481 0.9579020
2458.376136 -0.1475088 0.0250685 -0.0220296 -0.0029263 -0.2454017 -0.1728493 0.9538829
2458.576117 -0.1594181 0.0271735 -0.0287691 0.0080112 -0.2568880 -0.1771278 0.9500369
2458.626112 -0.1613670 0.0272044 -0.0296619 0.0103660 -0.2595980 -0.1775884 0.9491912
2458.676502 -0.1629347 0.0277985 -0.0310310 0.0165229 -0.2634261 -0.1785373 0.9478703
2458.880493 -0.1671444 0.0282006 -0.0349851 0.0264648 -0.2720727 -0.1806531 0.9447966
2459.187575 -0.1730651 0.0297788 -0.0402609 0.0509432 -0.2879271 -0.1824607 0.9387283
2459.287288 -0.1748548 0.0292469 -0.0414057 0.0593795 -0.2929265 -0.1813303 0.9369031
2459.337284 -0.1753506 0.0290905 -0.0424076 0.0622443 -0.2946847 -0.1812543 0.9361802
2460.499834 -0.1934163 0.0331975 -0.0574897 0.1301630 -0.3376568 -0.1801782 0.9146482
2461.051855 -0.2009139 0.0367958 -0.0640592 0.1527770 -0.3560378 -0.1785364 0.9044452
2461.352873 -0.2054914 0.0379319 -0.0681026 0.1614177 -0.3644375 -0.1803214 0.8992296
2462.302070 -0.2177378 0.0432308 -0.0786740 0.1930480 -0.3869764 -0.1746120 0.8845860
2464.296009 -0.2318568 0.0542447 -0.0952388 0.1969165 -0.4090787 -0.1738986 0.8738637
2465.925405 -0.2456533 0.0679102 -0.1156485 0.1760999 -0.4147548 -0.1881509 0.8726779
2465.975400 -0.2448067 0.0694306 -0.1165951 0.1734183 -0.4135562 -0.1895550 0.8734794
2466.075391 -0.2442227 0.0696127 -0.1171722 0.1678506 -0.4137866 -0.1917469 0.8739794
2466.175381 -0.2436141 0.0701854 -0.1177868 0.1610255 -0.4166383 -0.1951379 0.8731578
2466.675333 -0.2484717 0.0785716 -0.1199360 0.1210234 -0.4018733 -0.2176201 0.8811883
2467.925211 -0.2566910 0.0911983 -0.1316622 0.0780443 -0.3835552 -0.2427902 0.8876077
2468.275178 -0.2601061 0.0953763 -0.1326123 0.0650897 -0.3893316 -0.2496883 0.8842172
2469.275081 -0.2643968 0.1023977 -0.1397195 0.0406431 -0.3844031 -0.2618266 0.8843242
2470.179004 -0.2707517 0.1086064 -0.1456955 0.0250176 -0.3784878 -0.2700869 0.8849713
2471.046304 -0.2761470 0.1138988 -0.1532202 0.0225804 -0.3789648 -0.2711855 0.8844966
2472.656085 -0.2847281 0.1244552 -0.1652810 0.0072885 -0.3672138 -0.2797469 0.8870414
2472.755937 -0.2852829 0.1252871 -0.1656582 0.0067707 -0.3679850 -0.2801030 0.8866135
2472.955937 -0.2861921 0.1257483 -0.1675712 0.0075867 -0.3703484 -0.2791248 0.8859311
2473.504185 -0.2904588 0.1250152 -0.1740282 0.0397022 -0.3885370 -0.2620730 0.8824854
2475.095616 -0.2974636 0.1231603 -0.1898655 0.1291454 -0.4264269 -0.2155578 0.8689167
2476.974335 -0.3061042 0.1315103 -0.2062491 0.1450891 -0.4290865 -0.2056542 0.8674908
2477.424292 -0.3070280 0.1317610 -0.2075325 0.1508276 -0.4280747 -0.2024935 0.8677554
2477.574277 -0.3067305 0.1320125 -0.2084235 0.1467769 -0.4267341 -0.2042185 0.8687056
2477.774258 -0.3062341 0.1340652 -0.2098613 0.1360863 -0.4218646 -0.2098150 0.8714863
2478.824156 -0.3109038 0.1446901 -0.2130798 0.0679271 -0.3904329 -0.2472676 0.8841984
2479.524088 -0.3122613 0.1507874 -0.2134099 0.0129684 -0.3684301 -0.2769454 0.8873513
2479.824059 -0.3098744 0.1521432 -0.2125640 -0.0080900 -0.3601374 -0.2872919 0.8875241
2480.024040 -0.3107304 0.1547601 -0.2110439 -0.0223174 -0.3533903 -0.2955604 0.8872775
2480.224021 -0.3105162 0.1558633 -0.2109465 -0.0349047 -0.3475266 -0.3020186 0.8870128
2480.324011 -0.3103251 0.1561003 -0.2103437 -0.0402499 -0.3444737 -0.3047983 0.8870265
2480.723972 -0.3094300 0.1574875 -0.2111555 -0.0586068 -0.3349470 -0.3149039 0.8861215
2481.073938 -0.3089895 0.1567639 -0.2114136 -0.0599776 -0.3335392 -0.3160127 0.8861660
