2469.725037 0.0000000 0.0000000 0.0000000 -0.0000000 -0.0000000 -0.0000000 1.0000000
2470.736931 -0.0090160 0.0008938 -0.0008177 -0.0116223 0.0030731 -0.0007078 0.9999275
2471.247509 -0.0145936 0.0005620 -0.0010271 -0.0078311 -0.0014469 -0.0004392 0.9999682
2471.553643 -0.0164142 0.0007105 -0.0013161 -0.0120896 0.0043755 -0.0007315 0.9999171
2471.854879 -0.0188807 0.0012258 -0.0014966 -0.0202044 0.0060698 -0.0010278 0.9997770
2472.206050 -0.0234547 0.0021249 -0.0014937 -0.0294454 0.0104171 -0.0020775 0.9995099
2472.805794 -0.0284365 0.0020474 -0.0023120 -0.0312939 0.0041944 -0.0021189 0.9994992
2473.055789 -0.0306442 0.0016141 -0.0026070 -0.0274269 0.0007393 -0.0016439 0.9996222
2473.305508 -0.0329649 0.0002439 -0.0030879 -0.0093864 -0.0030809 -0.0003638 0.9999512
2473.454862 -0.0338481 -0.0003801 -0.0031856 0.0069812 -0.0050858 0.0007410 0.9999624
2474.202182 -0.0394776 -0.0045120 -0.0056106 0.0640699 -0.0135141 0.0035858 0.9978475
2474.252177 -0.0404155 -0.0046949 -0.0056553 0.0662953 -0.0151740 0.0033360 0.9976791
2476.029050 -0.0544699 -0.0085793 -0.0105690 0.1396496 -0.0228637 0.0068068 0.9899136
2476.229050 -0.0554402 -0.0088110 -0.0110252 0.1313849 -0.0200338 0.0068656 0.9911052
2476.524379 -0.0559892 -0.0082647 -0.0115207 0.1256741 -0.0160388 0.0076621 0.9919124
2476.824350 -0.0595494 -0.0087037 -0.0115187 0.1349527 -0.0183461 0.0081064 0.9906490
2476.924340 -0.0602621 -0.0084421 -0.0115729 0.1369859 -0.0178730 0.0083207 0.9903768
2477.024331 -0.0604216 -0.0086753 -0.0115313 0.1379873 -0.0179103 0.0084792 0.9902357
2477.474287 -0.0632422 -0.0086608 -0.0114457 0.1421909 -0.0142308 0.0085398 0.9897001
2478.674171 -0.0738272 -0.0050339 -0.0115533 0.0545286 -0.0023553 0.0044633 0.9984995
2478.774161 -0.0739722 -0.0050817 -0.0114493 0.0456415 0.0003545 0.0036402 0.9989512
2479.924050 -0.0754264 0.0038049 -0.0096379 -0.0595889 0.0092791 -0.0047000 0.9981688
2480.024040 -0.0763350 0.0047181 -0.0088011 -0.0658395 0.0096905 -0.0059857 0.9977652
2480.723972 -0.0772152 0.0061049 -0.0093162 -0.1110150 0.0158491 -0.0093119 0.9936487
2480.973948 -0.0761530 0.0072962 -0.0096863 -0.1120195 0.0156343 -0.0093384 0.9935392
2481.623885 -0.0757033 0.0059456 -0.0111089 -0.1120570 0.0139558 -0.0086251 0.9935663
