2461.452330 0.0000000 0.0000000 0.0000000 -0.0000000 -0.0000000 -0.0000000 1.0000000
2462.701517 -0.0089837 -0.0025119 0.0002648 0.0390324 -0.0206910 -0.0032400 0.9990184
2462.851503 -0.0097583 -0.0013188 0.0003788 0.0387210 -0.0238287 -0.0032327 0.9989607
2463.401311 -0.0127945 -0.0010735 0.0003503 0.0389454 -0.0282862 -0.0032985 0.9988354
2463.900552 -0.0151300 -0.0010619 -0.0001542 0.0422143 -0.0349137 -0.0030996 0.9984936
2464.395328 -0.0184799 -0.0009167 -0.0009157 0.0465556 -0.0396301 -0.0025107 0.9981261
2465.381345 -0.0272386 -0.0005157 -0.0022361 0.0492627 -0.0562089 -0.0037934 0.9971957
2465.925405 -0.0299306 0.0023644 -0.0009896 0.0250738 -0.0497649 -0.0067970 0.9984230
2465.975400 -0.0298902 0.0023736 -0.0008660 0.0211694 -0.0491770 -0.0071727 0.9985399
2466.025395 -0.0300727 0.0023592 -0.0011847 0.0175704 -0.0491730 -0.0069331 0.9986117
2466.625337 -0.0351328 0.0041700 -0.0022898 -0.0350309 -0.0498269 -0.0136829 0.9980496
2468.025202 -0.0432313 0.0067839 -0.0029484 -0.0955352 -0.0472925 -0.0226452 0.9940441
2468.425163 -0.0460022 0.0074569 -0.0034500 -0.1101408 -0.0523174 -0.0239545 0.9922490
2468.525153 -0.0466401 0.0072510 -0.0035756 -0.1126829 -0.0513852 -0.0244526 0.9920001
2469.075100 -0.0478407 0.0083007 -0.0038503 -0.1286717 -0.0496252 -0.0265217 0.9900897
2469.375071 -0.0497674 0.0082540 -0.0043990 -0.1347318 -0.0543804 -0.0264806 0.9890344
2469.675042 -0.0509626 0.0077180 -0.0046208 -0.1417736 -0.0535152 -0.0274957 0.9880690
2469.875023 -0.0514678 0.0080823 -0.0048872 -0.1455576 -0.0505140 -0.0282550 0.9876553
2470.280080 -0.0541352 0.0082170 -0.0055751 -0.1527559 -0.0526365 -0.0285522 0.9864481
2470.943687 -0.0575120 0.0085377 -0.0060285 -0.1534496 -0.0538891 -0.0284346 0.9862761
2471.854879 -0.0616377 0.0090272 -0.0068583 -0.1619862 -0.0462009 -0.0306685 0.9852337
2472.256203 -0.0643351 0.0098042 -0.0071066 -0.1723840 -0.0420754 -0.0328008 0.9835840
2472.356351 -0.0647958 0.0097497 -0.0073650 -0.1717297 -0.0434775 -0.0324303 0.9836498
2473.255651 -0.0690412 0.0090171 -0.0081641 -0.1566909 -0.0549176 -0.0286029 0.9857048
2473.305508 -0.0692304 0.0087173 -0.0081682 -0.1516591 -0.0554205 -0.0279010 0.9864835
2474.897828 -0.0756001 0.0039895 -0.0100325 -0.0348417 -0.0745308 -0.0138766 0.9965132
2475.095616 -0.0760736 0.0037798 -0.0104386 -0.0252849 -0.0737516 -0.0131044 0.9968700
2476.824350 -0.0843290 0.0033725 -0.0123145 -0.0088034 -0.0720227 -0.0102069 0.9973119
2476.924340 -0.0844956 0.0034751 -0.0124130 -0.0067930 -0.0716497 -0.0099098 0.9973575
2477.124321 -0.0848723 0.0033677 -0.0126493 -0.0035208 -0.0710411 -0.0095927 0.9974210
2477.524282 -0.0855249 0.0033639 -0.0129515 -0.0036143 -0.0684253 -0.0093691 0.9976057
2477.824253 -0.0877237 0.0046081 -0.0123490 -0.0212769 -0.0650688 -0.0117390 0.9975849
2478.874151 -0.0920980 0.0075371 -0.0134862 -0.1051108 -0.0490416 -0.0234451 0.9929739
2479.174122 -0.0917808 0.0089792 -0.0132570 -0.1333689 -0.0463197 -0.0272299 0.9896089
2480.124030 -0.0920960 0.0119437 -0.0140437 -0.2125087 -0.0415487 -0.0382729 0.9755250
2480.274016 -0.0919142 0.0121810 -0.0139165 -0.2229187 -0.0396517 -0.0396426 0.9732233
2480.424001 -0.0918847 0.0126381 -0.0140774 -0.2335270 -0.0371304 -0.0422090 0.9707239
2480.723972 -0.0918743 0.0126149 -0.0140118 -0.2496181 -0.0355074 -0.0444155 0.9666733
2481.773871 -0.0922483 0.0133080 -0.0141242 -0.2497590 -0.0376722 -0.0435409 0.9665948
