2444.927438 0.0000000 0.0000000 0.0000000 -0.0000000 -0.0000000 -0.0000000 1.0000000
2449.476998 -0.0132092 0.0019376 0.0020717 -0.0247489 -0.0186818 -0.0008794 0.9995188
2449.526993 -0.0132303 0.0015212 0.0018546 -0.0235609 -0.0200813 -0.0012688 0.9995199
2450.776872 -0.0300151 0.0009992 0.0026375 -0.0134067 -0.0487695 -0.0201178 0.9985175
2450.926857 -0.0324349 0.0009994 0.0023997 -0.0123044 -0.0520212 -0.0243729 0.9982727
2451.126838 -0.0359867 0.0010514 0.0025074 -0.0115336 -0.0568743 -0.0290818 0.9978911
2451.726780 -0.0463713 0.0016360 0.0020495 -0.0116150 -0.0732865 -0.0379426 0.9965212
2452.476707 -0.0549377 0.0014449 0.0007228 -0.0047334 -0.0919427 -0.0456553 0.9947059
2452.576698 -0.0574102 0.0017862 0.0005093 -0.0035077 -0.0956043 -0.0469734 0.9943043
2452.926664 -0.0691572 0.0026673 -0.0037098 -0.0056123 -0.1175232 -0.0551522 0.9915216
2454.426519 -0.0853156 0.0059653 -0.0034314 -0.0084682 -0.1463366 -0.0810121 0.9858757
2455.026460 -0.0933736 0.0076422 -0.0048747 -0.0097380 -0.1627629 -0.0937082 0.9821569
2455.576407 -0.1039628 0.0107097 -0.0070805 -0.0098074 -0.1762868 -0.1082783 0.9783162
2456.226344 -0.1117794 0.0123806 -0.0090575 -0.0120969 -0.1841523 -0.1197122 0.9755054
2456.976272 -0.1234969 0.0152831 -0.0126437 -0.0157956 -0.1987725 -0.1388762 0.9700275
2457.176252 -0.1278662 0.0170181 -0.0138081 -0.0170782 -0.2038917 -0.1452698 0.9680048
2458.026170 -0.1442114 0.0200453 -0.0249491 -0.0169526 -0.2310617 -0.1659213 0.9585370
2458.176155 -0.1489198 0.0228748 -0.0258758 -0.0113350 -0.2328161 -0.1709972 0.9573026
2458.376136 -0.1479295 0.0235101 -0.0289080 -0.0038312 -0.2429600 -0.1738030 0.9543313
2458.526122 -0.1560764 0.0235839 -0.0325740 0.0042570 -0.2526198 -0.1769690 0.9512346
2458.676502 -0.1609643 0.0254392 -0.0355605 0.0157146 -0.2628967 -0.1792146 0.9479033
2459.031960 -0.1683647 0.0269441 -0.0412671 0.0376946 -0.2795238 -0.1820941 0.9419593
2459.136493 -0.1708924 0.0273172 -0.0435205 0.0454063 -0.2848312 -0.1825150 0.9399456
2459.387891 -0.1745539 0.0272265 -0.0467202 0.0633008 -0.2944093 -0.1818638 0.9360779
2459.489521 -0.1755066 0.0274206 -0.0476033 0.0717127 -0.2997523 -0.1812443 0.9338932
2459.947655 -0.1854186 0.0296414 -0.0551783 0.1027111 -0.3211146 -0.1826303 0.9235703
2460.048337 -0.1866363 0.0303247 -0.0559429 0.1087734 -0.3245434 -0.1818656 0.9218270
2460.701533 -0.1942336 0.0318190 -0.0628498 0.1371837 -0.3419251 -0.1791242 0.9122404
2460.852763 -0.1968859 0.0332971 -0.0657665 0.1447564 -0.3492734 -0.1787479 0.9083517
2461.952242 -0.2136578 0.0402522 -0.0797298 0.1814286 -0.3785879 -0.1810453 0.8893691
2464.889946 -0.2473176 0.0612505 -0.1143840 0.2025534 -0.4146385 -0.1739560 0.8699347
2465.875410 -0.2434284 0.0666317 -0.1195218 0.1781252 -0.4150224 -0.1872859 0.8723255
2465.925405 -0.2432916 0.0667151 -0.1195586 0.1756027 -0.4138884 -0.1882711 0.8731632
2466.025395 -0.2431545 0.0669143 -0.1198578 0.1692262 -0.4119859 -0.1914896 0.8746210
2466.325366 -0.2408656 0.0689037 -0.1220191 0.1494792 -0.4163214 -0.2001732 0.8742214
2466.425357 -0.2416501 0.0685480 -0.1218884 0.1406315 -0.4126663 -0.2042875 0.8764679
2467.725231 -0.2534418 0.0866556 -0.1329540 0.0818481 -0.3866644 -0.2398917 0.8867037
2467.925211 -0.2537783 0.0876069 -0.1349819 0.0768781 -0.3826737 -0.2427277 0.8881069
2468.275178 -0.2568891 0.0918111 -0.1372919 0.0641170 -0.3881820 -0.2498632 0.8847441
2469.675042 -0.2661565 0.1031293 -0.1456708 0.0318517 -0.3801269 -0.2662064 0.8852249
2470.943687 -0.2741709 0.1115280 -0.1571009 0.0211971 -0.3769997 -0.2717090 0.8852096
2471.754572 -0.2780113 0.1157856 -0.1626313 0.0189962 -0.3707542 -0.2735195 0.8873373
2472.055886 -0.2799442 0.1189741 -0.1648725 0.0122175 -0.3658065 -0.2772539 0.8883505
2473.305508 -0.2876695 0.1242146 -0.1765572 0.0223352 -0.3790928 -0.2709349 0.8845248
2473.454862 -0.2887072 0.1238221 -0.1776906 0.0358294 -0.3851412 -0.2639856 0.8835690
2474.202182 -0.2935239 0.1224797 -0.1858718 0.0828849 -0.4069419 -0.2395724 0.8775725
2475.588041 -0.2993331 0.1231701 -0.1994154 0.1505274 -0.4331081 -0.2042719 0.8648884
2476.029050 -0.3013552 0.1258759 -0.2035751 0.1456088 -0.4328275 -0.2059209 0.8654796
2476.424389 -0.3023833 0.1276362 -0.2058332 0.1362941 -0.4252298 -0.2108501 0.8695664
2476.824350 -0.3058570 0.1292751 -0.2097665 0.1425201 -0.4271059 -0.2073587 0.8684877
2477.124321 -0.3057995 0.1305608 -0.2110431 0.1474216 -0.4273823 -0.2045273 0.8682050
2477.474287 -0.3059506 0.1313310 -0.2117441 0.1495938 -0.4257796 -0.2027062 0.8690475
2477.874248 -0.3041343 0.1324341 -0.2148909 0.1304092 -0.4187156 -0.2125392 0.8732113
2478.074229 -0.3058830 0.1343817 -0.2160628 0.1200442 -0.4156192 -0.2184789 0.8747097
2478.224214 -0.3069824 0.1352319 -0.2162375 0.1106102 -0.4125699 -0.2233620 0.8761626
2478.474190 -0.3079957 0.1366978 -0.2170211 0.0927271 -0.4055082 -0.2321790 0.8792370
2479.824059 -0.3096221 0.1503041 -0.2191343 -0.0086566 -0.3574681 -0.2880206 0.8883613
2480.174026 -0.3086241 0.1523288 -0.2172856 -0.0328805 -0.3470498 -0.3004553 0.8878074
2480.324011 -0.3081905 0.1535053 -0.2155043 -0.0412362 -0.3427520 -0.3046880 0.8876857
2481.073938 -0.3075022 0.1549095 -0.2148379 -0.0607010 -0.3320126 -0.3154558 0.8868882
2481.823866 -0.3074818 0.1541362 -0.2155870 -0.0608431 -0.3360623 -0.3143578 0.8857423
