2444.927438 0.0000000 0.0000000 0.0000000 -0.0000000 -0.0000000 -0.0000000 1.0000000
2449.476998 -0.0133384 0.0019442 0.0020311 -0.0247329 -0.0184684 -0.0007480 0.9995232
2449.576988 -0.0144143 0.0016711 0.0022232 -0.0228084 -0.0208721 -0.0017273 0.9995205
2449.626983 -0.0141276 0.0015022 0.0021060 -0.0234968 -0.0223805 -0.0011960 0.9994727
2449.926954 -0.0175267 0.0018294 0.0021752 -0.0204643 -0.0269259 -0.0027138 0.9994243
2450.076940 -0.0197751 0.0015255 0.0022806 -0.0199268 -0.0304727 -0.0042957 0.9993277
2450.576891 -0.0267496 0.0013486 0.0024424 -0.0157360 -0.0442524 -0.0154417 0.9987771
2451.226828 -0.0364706 0.0013336 0.0022804 -0.0116380 -0.0599921 -0.0305163 0.9976644
2451.276823 -0.0370743 0.0009417 0.0023140 -0.0119615 -0.0612077 -0.0309995 0.9975718
2452.176736 -0.0497813 0.0021592 0.0025002 -0.0088275 -0.0860166 -0.0427473 0.9953371
2452.826673 -0.0648843 0.0032418 -0.0020385 -0.0038185 -0.1111705 -0.0512482 0.9924718
2454.076552 -0.0797285 0.0056945 -0.0021442 -0.0087110 -0.1394809 -0.0757424 0.9872853
2455.026460 -0.0909496 0.0081579 -0.0037743 -0.0094154 -0.1631421 -0.0937716 0.9820911
2455.426422 -0.0985657 0.0090306 -0.0059610 -0.0087624 -0.1733411 -0.1044130 0.9792722
2456.826286 -0.1168319 0.0144753 -0.0104631 -0.0162417 -0.1946029 -0.1339719 0.9715542
2457.026267 -0.1220382 0.0166335 -0.0113999 -0.0164392 -0.1997455 -0.1392979 0.9697564
2457.326238 -0.1284877 0.0180101 -0.0137117 -0.0184816 -0.2096290 -0.1464941 0.9665679
2457.576214 -0.1328930 0.0192783 -0.0155710 -0.0169848 -0.2189260 -0.1545966 0.9632668
2458.126160 -0.1417323 0.0221612 -0.0214756 -0.0142752 -0.2334651 -0.1676251 0.9577015
2458.376136 -0.1483440 0.0248164 -0.0259952 -0.0031623 -0.2420215 -0.1748950 0.9543728
2458.426131 -0.1473876 0.0243786 -0.0257070 0.0003633 -0.2477440 -0.1740452 0.9530640
2458.676502 -0.1561169 0.0258860 -0.0315013 0.0159065 -0.2637073 -0.1788866 0.9477368
2458.880493 -0.1599345 0.0257855 -0.0354590 0.0256753 -0.2723774 -0.1807692 0.9447083
2459.136493 -0.1655087 0.0274158 -0.0397934 0.0455702 -0.2856624 -0.1821654 0.9397532
2459.187575 -0.1656701 0.0273892 -0.0399325 0.0500686 -0.2883716 -0.1823283 0.9386647
2459.541946 -0.1707633 0.0273395 -0.0450517 0.0768948 -0.3037355 -0.1808951 0.9322601
2459.594331 -0.1718861 0.0278913 -0.0453351 0.0786776 -0.3055979 -0.1813670 0.9314106
2459.746055 -0.1751631 0.0290039 -0.0484202 0.0885432 -0.3134629 -0.1824832 0.9276858
2460.048337 -0.1802225 0.0299706 -0.0520610 0.1088375 -0.3255899 -0.1814405 0.9215341
2461.652508 -0.2024431 0.0387214 -0.0731427 0.1713013 -0.3750943 -0.1822220 0.8926115
2463.001488 -0.2159702 0.0458481 -0.0856225 0.1916561 -0.3950923 -0.1761088 0.8809970
2463.551494 -0.2159345 0.0458155 -0.0856393 0.1927973 -0.4016286 -0.1747105 0.8780660
2465.875410 -0.2380100 0.0661303 -0.1155303 0.1785346 -0.4153497 -0.1878117 0.8719729
2465.925405 -0.2376709 0.0665049 -0.1158033 0.1762400 -0.4141902 -0.1889777 0.8727390
2466.025395 -0.2375297 0.0670082 -0.1161286 0.1698464 -0.4122945 -0.1917887 0.8742897
2466.225376 -0.2363744 0.0685842 -0.1182413 0.1576444 -0.4169508 -0.1966996 0.8732752
2466.325366 -0.2362738 0.0686137 -0.1186968 0.1499127 -0.4166692 -0.2005953 0.8738847
2466.425357 -0.2362790 0.0686017 -0.1188089 0.1410429 -0.4131131 -0.2048633 0.8760568
2466.875313 -0.2409835 0.0786231 -0.1190627 0.1129145 -0.3980835 -0.2221635 0.8828495
2468.275178 -0.2496927 0.0908962 -0.1306516 0.0646931 -0.3895378 -0.2497986 0.8841243
2469.075100 -0.2522720 0.0953850 -0.1347831 0.0438270 -0.3815186 -0.2609389 0.8856826
2469.325076 -0.2540399 0.0976961 -0.1372645 0.0389051 -0.3846799 -0.2627915 0.8839957
2470.280080 -0.2602226 0.1040214 -0.1449374 0.0222166 -0.3776748 -0.2712561 0.8850358
2470.943687 -0.2638068 0.1075080 -0.1501906 0.0210967 -0.3786882 -0.2714848 0.8845599
2472.055886 -0.2693515 0.1144333 -0.1581602 0.0120150 -0.3674587 -0.2771800 0.8876942
2472.955937 -0.2741895 0.1193055 -0.1657260 0.0066600 -0.3704614 -0.2793763 0.8858120
2473.305508 -0.2770863 0.1201181 -0.1692805 0.0223206 -0.3807235 -0.2707857 0.8838702
2473.454862 -0.2775571 0.1197135 -0.1703976 0.0357599 -0.3868690 -0.2635782 0.8829384
2474.947112 -0.2848739 0.1177261 -0.1858449 0.1245321 -0.4265298 -0.2174869 0.8690590
2475.145394 -0.2861097 0.1182970 -0.1877111 0.1324577 -0.4282076 -0.2135587 0.8680357
2475.979054 -0.2904466 0.1214082 -0.1961148 0.1471805 -0.4346489 -0.2049457 0.8645319
2476.724360 -0.2948550 0.1262589 -0.2012321 0.1407807 -0.4275085 -0.2081604 0.8683816
2476.924340 -0.2952316 0.1266462 -0.2029004 0.1444996 -0.4286848 -0.2060363 0.8676971
2477.074326 -0.2953251 0.1270211 -0.2028888 0.1460115 -0.4286598 -0.2049961 0.8677027
2477.674268 -0.2947860 0.1284276 -0.2046409 0.1422566 -0.4253462 -0.2062214 0.8696645
2478.024234 -0.2947360 0.1297804 -0.2071410 0.1219444 -0.4183660 -0.2173359 0.8734212
2478.324205 -0.2957045 0.1297229 -0.2088535 0.1031009 -0.4119035 -0.2268846 0.8764868
2479.174122 -0.2991571 0.1417746 -0.2089015 0.0399616 -0.3779065 -0.2625962 0.8869233
2479.524088 -0.2995386 0.1442412 -0.2098562 0.0124248 -0.3687395 -0.2772909 0.8871227
2479.824059 -0.2988358 0.1468030 -0.2081391 -0.0080298 -0.3599286 -0.2881060 0.8873454
2480.074035 -0.2983732 0.1485606 -0.2071938 -0.0253924 -0.3526796 -0.2969141 0.8870256
2480.723972 -0.2977768 0.1501786 -0.2067758 -0.0594937 -0.3351800 -0.3153743 0.8858069
2481.723875 -0.2972153 0.1503056 -0.2064779 -0.0608507 -0.3369212 -0.3152973 0.8850814
