2469.725037 0.0000000 0.0000000 0.0000000 -0.0000000 -0.0000000 -0.0000000 1.0000000
2471.804883 -0.0227987 0.0002424 -0.0035090 -0.0178659 0.0047410 -0.0007993 0.9998289
2471.904874 -0.0244741 0.0002311 -0.0039100 -0.0220649 0.0053763 -0.0011482 0.9997414
2472.455927 -0.0317018 0.0004186 -0.0046407 -0.0308424 0.0066174 -0.0019013 0.9995006
2472.955937 -0.0361785 0.0036790 -0.0045485 -0.0283702 0.0012459 -0.0014176 0.9995957
2473.005933 -0.0367808 0.0015420 -0.0053564 -0.0269180 -0.0002151 -0.0011465 0.9996370
2473.105646 -0.0385221 -0.0057676 -0.0076435 -0.0286494 -0.0013671 -0.0007594 0.9995883
2473.255651 -0.0405950 -0.0007181 -0.0062704 -0.0152124 -0.0035274 -0.0004125 0.9998780
2473.454862 -0.0430696 -0.0034855 -0.0074293 0.0058467 -0.0054514 0.0010070 0.9999675
2473.752897 -0.0444262 -0.0055463 -0.0089818 0.0278438 -0.0094281 0.0024444 0.9995649
2474.053085 -0.0474045 -0.0069878 -0.0099588 0.0499444 -0.0110380 0.0034013 0.9986852
2474.102764 -0.0481147 -0.0077248 -0.0104546 0.0557192 -0.0120295 0.0037394 0.9983670
2476.029050 -0.0692666 -0.0152291 -0.0198729 0.1382154 -0.0235517 0.0078903 0.9900907
2476.179055 -0.0694416 -0.0153003 -0.0197521 0.1319230 -0.0215658 0.0079370 0.9909936
2476.574374 -0.0733062 -0.0139312 -0.0190739 0.1274256 -0.0167633 0.0082217 0.9916724
2476.624369 -0.0754494 -0.0147606 -0.0194467 0.1282248 -0.0166954 0.0081460 0.9915712
2476.674364 -0.0756581 -0.0156323 -0.0199845 0.1302953 -0.0175349 0.0081792 0.9912864
2476.824350 -0.0782045 -0.0151122 -0.0209187 0.1336938 -0.0181443 0.0084786 0.9908203
2476.924340 -0.0785474 -0.0155533 -0.0210416 0.1353798 -0.0177619 0.0087150 0.9905962
2477.024331 -0.0781261 -0.0148653 -0.0205861 0.1366486 -0.0179979 0.0091053 0.9904142
2477.524282 -0.0843704 -0.0164388 -0.0213681 0.1381653 -0.0134802 0.0088168 0.9902782
2477.724263 -0.0848869 -0.0164250 -0.0208974 0.1280876 -0.0129475 0.0087746 0.9916395
2479.824059 -0.1005594 -0.0030841 -0.0195206 -0.0511633 0.0090189 -0.0035771 0.9986432
2479.974045 -0.1014390 -0.0022538 -0.0209968 -0.0650271 0.0106376 -0.0050536 0.9978141
2480.374006 -0.1019223 -0.0025584 -0.0207122 -0.0930259 0.0138084 -0.0075033 0.9955397
2481.673880 -0.1010920 -0.0018016 -0.0222272 -0.1148850 0.0143058 -0.0086508 0.9932381
2481.823866 -0.1014220 -0.0007313 -0.0211478 -0.1138606 0.0131749 -0.0086274 0.9933719
2481.923856 -0.1019426 -0.0026852 -0.0207549 -0.1138108 0.0129016 -0.0080715 0.9933859
