2469.925018 0.0000000 0.0000000 0.0000000 -0.0000000 -0.0000000 -0.0000000 1.0000000
2471.097089 -0.0120529 0.0001171 -0.0010915 -0.0044147 -0.0043962 0.0000301 0.9999806
2471.197514 -0.0121265 0.0000853 -0.0009694 -0.0031448 -0.0050116 0.0003774 0.9999825
2471.804883 -0.0175135 0.0009335 -0.0012726 -0.0122120 0.0023553 -0.0005248 0.9999225
2471.955580 -0.0196594 0.0009005 -0.0018301 -0.0176854 0.0033862 -0.0009938 0.9998374
2472.256203 -0.0230274 0.0015985 -0.0014215 -0.0259234 0.0070308 -0.0016714 0.9996378
2473.255651 -0.0325844 0.0002460 -0.0029921 -0.0094809 -0.0055792 -0.0001906 0.9999395
2473.355662 -0.0335518 -0.0006170 -0.0034897 0.0028323 -0.0068831 0.0006550 0.9999721
2474.053085 -0.0380896 -0.0041629 -0.0053159 0.0559810 -0.0130570 0.0035774 0.9983401
2474.202182 -0.0399713 -0.0051127 -0.0063073 0.0693530 -0.0162887 0.0043223 0.9974499
2474.600602 -0.0435108 -0.0070611 -0.0079710 0.0953562 -0.0235317 0.0049683 0.9951527
2475.342530 -0.0478844 -0.0089235 -0.0101323 0.1352775 -0.0271236 0.0064425 0.9904155
2475.930244 -0.0550569 -0.0103282 -0.0120400 0.1497234 -0.0256254 0.0078618 0.9883646
2476.029050 -0.0552278 -0.0099034 -0.0123072 0.1446058 -0.0258776 0.0077563 0.9891205
2476.474384 -0.0592904 -0.0089219 -0.0111010 0.1310833 -0.0186740 0.0076206 0.9911662
2476.574374 -0.0595853 -0.0090637 -0.0116162 0.1336560 -0.0187041 0.0080061 0.9908190
2476.624369 -0.0599858 -0.0090921 -0.0123437 0.1348020 -0.0191097 0.0082249 0.9906541
2476.724360 -0.0602161 -0.0094494 -0.0123247 0.1374741 -0.0203286 0.0085213 0.9902601
2476.824350 -0.0608436 -0.0093218 -0.0127448 0.1402785 -0.0209584 0.0088169 0.9898510
2477.624272 -0.0664549 -0.0109805 -0.0123024 0.1413229 -0.0167935 0.0091123 0.9897792
2477.674268 -0.0664496 -0.0107260 -0.0126424 0.1381329 -0.0161875 0.0092072 0.9902386
2477.724263 -0.0669039 -0.0108008 -0.0126857 0.1345512 -0.0157072 0.0087110 0.9907439
2479.674074 -0.0828427 0.0016949 -0.0127603 -0.0297927 0.0059952 -0.0029993 0.9995337
2479.774064 -0.0805460 0.0011600 -0.0113167 -0.0392664 0.0061036 -0.0032733 0.9992048
2479.924050 -0.0811341 0.0020923 -0.0126557 -0.0552266 0.0079124 -0.0048603 0.9984307
2480.074035 -0.0823768 0.0050020 -0.0118331 -0.0634069 0.0087139 -0.0055026 0.9979345
2480.224021 -0.0808829 0.0060177 -0.0100564 -0.0753858 0.0094925 -0.0068072 0.9970860
2481.123934 -0.0797872 0.0066820 -0.0105290 -0.1062280 0.0142412 -0.0090827 0.9941983
2481.823866 -0.0807500 0.0059614 -0.0114236 -0.1056339 0.0104752 -0.0083899 0.9943146
