2469.725037 0.0000000 0.0000000 0.0000000 -0.0000000 -0.0000000 -0.0000000 1.0000000
2471.955580 -0.0191387 0.0035733 0.0001137 -0.0218185 0.0052763 -0.0010174 0.9997475
2472.055886 -0.0203684 0.0035637 0.0004826 -0.0236927 0.0064162 -0.0010655 0.9996981
2472.106039 -0.0198074 0.0042592 0.0008271 -0.0257633 0.0078989 -0.0009775 0.9996364
2472.306356 -0.0228141 0.0044387 0.0009910 -0.0288419 0.0079400 -0.0014744 0.9995514
2472.955937 -0.0275235 0.0042483 0.0003822 -0.0281008 0.0008563 -0.0011741 0.9996040
2473.504185 -0.0324797 0.0022292 -0.0001612 0.0124822 -0.0076175 0.0011093 0.9998925
2474.053085 -0.0355362 -0.0003854 -0.0014779 0.0523475 -0.0118379 0.0032028 0.9985536
2474.102764 -0.0359135 -0.0001407 -0.0013028 0.0585381 -0.0130214 0.0035156 0.9981940
2474.451427 -0.0398347 -0.0019590 -0.0029212 0.0820275 -0.0233959 0.0039786 0.9963475
2474.699961 -0.0404178 -0.0020816 -0.0038551 0.0980211 -0.0217354 0.0046453 0.9949361
2475.145394 -0.0401728 -0.0040854 -0.0046428 0.1251735 -0.0234529 0.0060790 0.9918391
2476.029050 -0.0504636 -0.0037120 -0.0053589 0.1420517 -0.0253483 0.0073982 0.9895070
2476.374393 -0.0523295 -0.0036640 -0.0051856 0.1309753 -0.0204603 0.0072035 0.9911483
2476.574374 -0.0549462 -0.0036572 -0.0044729 0.1307931 -0.0180841 0.0073217 0.9912177
2476.674364 -0.0552109 -0.0037823 -0.0049403 0.1343294 -0.0195371 0.0075982 0.9907150
2476.824350 -0.0570322 -0.0053293 -0.0059027 0.1367272 -0.0200937 0.0081414 0.9903715
2476.924340 -0.0573551 -0.0054714 -0.0062376 0.1385274 -0.0197311 0.0082819 0.9901274
2477.374297 -0.0608707 -0.0051236 -0.0047634 0.1452073 -0.0170539 0.0080858 0.9892213
2477.524282 -0.0607898 -0.0049240 -0.0050717 0.1418097 -0.0159888 0.0079898 0.9897326
2477.624272 -0.0611279 -0.0048702 -0.0051284 0.1386348 -0.0163695 0.0080756 0.9901754
2477.724263 -0.0610733 -0.0049565 -0.0052426 0.1318338 -0.0154386 0.0081685 0.9911180
2477.874248 -0.0611170 -0.0049563 -0.0052033 0.1210523 -0.0144062 0.0075192 0.9925131
2479.474093 -0.0743121 0.0050102 -0.0025590 -0.0189613 0.0054819 -0.0027925 0.9998013
2479.924050 -0.0738827 0.0063286 -0.0018935 -0.0583173 0.0078300 -0.0054694 0.9982524
2480.224021 -0.0748551 0.0073853 -0.0023198 -0.0802739 0.0100571 -0.0070011 0.9966975
2480.473997 -0.0730509 0.0103232 -0.0024675 -0.0946988 0.0121825 -0.0093772 0.9953873
2480.723972 -0.0726996 0.0110778 -0.0011670 -0.1083424 0.0129034 -0.0096444 0.9939831
2481.873861 -0.0730769 0.0109232 -0.0019262 -0.1077949 0.0097410 -0.0092743 0.9940822
