2461.502147 0.0000000 0.0000000 0.0000000 -0.0000000 -0.0000000 -0.0000000 1.0000000
2462.901498 -0.0153423 -0.0023658 0.0018036 0.0373952 -0.0219241 -0.0024541 0.9990571
2462.951493 -0.0153466 -0.0014940 0.0010445 0.0372625 -0.0226239 -0.0023486 0.9990466
2463.801115 -0.0252113 -0.0024551 0.0004175 0.0414742 -0.0308282 -0.0029265 0.9986596
2464.296009 -0.0256468 -0.0018763 -0.0007586 0.0446719 -0.0362225 -0.0014677 0.9983438
2465.085364 -0.0422884 -0.0024024 -0.0021672 0.0607270 -0.0489944 -0.0025093 0.9969481
2465.925405 -0.0441156 -0.0006160 -0.0062240 0.0225672 -0.0478899 -0.0055069 0.9985825
2466.075391 -0.0441563 -0.0007292 -0.0063123 0.0128917 -0.0482559 -0.0055925 0.9987361
2466.125386 -0.0440130 -0.0006792 -0.0063800 0.0095929 -0.0505845 -0.0058351 0.9986567
2466.225376 -0.0439289 -0.0006540 -0.0067609 0.0030218 -0.0545132 -0.0053838 0.9984940
2469.725037 -0.0790512 0.0121940 -0.0094742 -0.1437747 -0.0512525 -0.0261762 0.9879357
2471.904874 -0.0965754 0.0124409 -0.0138630 -0.1651493 -0.0445177 -0.0297020 0.9848155
2472.005891 -0.0974259 0.0125848 -0.0139921 -0.1666008 -0.0441660 -0.0298294 0.9845831
2472.206050 -0.0994451 0.0135808 -0.0139159 -0.1727168 -0.0403484 -0.0312573 0.9836482
2472.356351 -0.1012727 0.0132908 -0.0145209 -0.1736360 -0.0416923 -0.0315401 0.9834213
2473.105646 -0.1061400 0.0125895 -0.0158413 -0.1691218 -0.0510224 -0.0289526 0.9838477
2473.255651 -0.1078167 0.0117362 -0.0160091 -0.1587150 -0.0532242 -0.0273238 0.9855101
2473.305508 -0.1081551 0.0114519 -0.0162344 -0.1534911 -0.0536727 -0.0267776 0.9863279
2473.504185 -0.1095748 0.0105412 -0.0163931 -0.1334214 -0.0570219 -0.0243196 0.9891187
2473.752897 -0.1109732 0.0087245 -0.0170332 -0.1162445 -0.0595305 -0.0219751 0.9911914
2476.179055 -0.1280856 0.0016445 -0.0227039 -0.0126772 -0.0729610 -0.0098348 0.9972057
2476.424389 -0.1286526 0.0025568 -0.0226889 -0.0184564 -0.0697064 -0.0100480 0.9973462
2476.724360 -0.1312643 0.0020516 -0.0235531 -0.0133716 -0.0697518 -0.0092030 0.9974323
2476.824350 -0.1318321 0.0017321 -0.0239417 -0.0109205 -0.0703814 -0.0088020 0.9974216
2477.124321 -0.1328624 0.0016708 -0.0243592 -0.0056591 -0.0691948 -0.0083506 0.9975522
2477.474287 -0.1333911 0.0013892 -0.0245698 -0.0036726 -0.0668465 -0.0077120 0.9977267
2477.574277 -0.1337763 0.0017100 -0.0252804 -0.0071359 -0.0666785 -0.0080946 0.9977162
2477.674268 -0.1338965 0.0013646 -0.0254596 -0.0124741 -0.0661462 -0.0083221 0.9976972
2478.024234 -0.1370911 0.0028860 -0.0264369 -0.0361553 -0.0633189 -0.0117220 0.9972693
2478.674171 -0.1425675 0.0039525 -0.0279322 -0.0912465 -0.0540648 -0.0186908 0.9941840
2479.174122 -0.1443060 0.0033935 -0.0283222 -0.1384286 -0.0443710 -0.0262705 0.9890292
2480.024040 -0.1456660 0.0136714 -0.0266477 -0.2093973 -0.0392777 -0.0365885 0.9763561
2480.124030 -0.1454636 0.0137146 -0.0272233 -0.2154403 -0.0393114 -0.0371279 0.9750188
2480.324011 -0.1436393 0.0153390 -0.0284096 -0.2299114 -0.0372702 -0.0391597 0.9717089
2481.073938 -0.1443520 0.0153202 -0.0287090 -0.2538176 -0.0327239 -0.0439426 0.9656992
