2469.725037 0.0000000 0.0000000 0.0000000 -0.0000000 -0.0000000 -0.0000000 1.0000000
2471.604231 -0.0209256 0.0006807 -0.0027855 -0.0144328 0.0049853 -0.0007723 0.9998831
2471.704715 -0.0223034 0.0005463 -0.0031809 -0.0147042 0.0048140 -0.0007276 0.9998801
2472.106039 -0.0269638 0.0018447 -0.0024340 -0.0270450 0.0091660 -0.0015624 0.9995910
2472.306356 -0.0304368 0.0019192 -0.0027162 -0.0301713 0.0090544 -0.0020725 0.9995016
2472.505783 -0.0326774 0.0015371 -0.0039216 -0.0310718 0.0076233 -0.0020705 0.9994860
2472.955937 -0.0369078 0.0015569 -0.0041431 -0.0293879 0.0023203 -0.0018179 0.9995638
2473.305508 -0.0407918 -0.0005306 -0.0054093 -0.0096865 -0.0033473 -0.0000651 0.9999475
2473.405519 -0.0419705 -0.0010428 -0.0054745 0.0014374 -0.0045546 0.0004709 0.9999885
2473.504185 -0.0425837 -0.0020002 -0.0057198 0.0107464 -0.0062946 0.0010092 0.9999219
2473.903416 -0.0449589 -0.0043599 -0.0071344 0.0397286 -0.0096256 0.0025973 0.9991608
2474.003090 -0.0462374 -0.0054419 -0.0081271 0.0486065 -0.0109568 0.0030927 0.9987531
2474.202182 -0.0489542 -0.0069367 -0.0089807 0.0636647 -0.0136257 0.0037393 0.9978713
2476.374393 -0.0700127 -0.0108023 -0.0137361 0.1286377 -0.0181362 0.0069286 0.9915016
2476.474384 -0.0705895 -0.0108691 -0.0142515 0.1258112 -0.0165401 0.0071578 0.9918905
2476.574374 -0.0707097 -0.0109766 -0.0144775 0.1283697 -0.0165239 0.0076203 0.9915594
2476.674364 -0.0732885 -0.0119630 -0.0151112 0.1315448 -0.0172167 0.0072804 0.9911340
2476.824350 -0.0737092 -0.0116684 -0.0150535 0.1347429 -0.0184351 0.0079284 0.9906774
2476.924340 -0.0745545 -0.0113423 -0.0156917 0.1367434 -0.0178955 0.0081145 0.9904116
2477.474287 -0.0762484 -0.0119935 -0.0156288 0.1418527 -0.0149668 0.0088352 0.9897352
2477.524282 -0.0780661 -0.0115416 -0.0149582 0.1398164 -0.0143566 0.0085939 0.9900361
2479.074132 -0.0941673 -0.0047149 -0.0164353 0.0171319 0.0071932 0.0002628 0.9998273
2479.324108 -0.0944353 -0.0040309 -0.0172324 -0.0068962 0.0081249 -0.0011005 0.9999426
2479.474093 -0.0957540 -0.0041377 -0.0189919 -0.0223773 0.0077065 -0.0026719 0.9997163
2481.873861 -0.0931218 0.0056392 -0.0164350 -0.1110616 0.0118234 -0.0082572 0.9937089
