2469.725037 0.0000000 0.0000000 0.0000000 -0.0000000 -0.0000000 -0.0000000 1.0000000
2471.604231 -0.0230488 0.0013732 -0.0029666 -0.0141392 0.0048632 -0.0008553 0.9998879
2471.704715 -0.0248646 0.0014643 -0.0031149 -0.0143754 0.0047998 -0.0008991 0.9998847
2472.306356 -0.0343789 0.0027316 -0.0028600 -0.0299196 0.0092616 -0.0022228 0.9995070
2472.406208 -0.0350681 0.0023751 -0.0039087 -0.0304149 0.0081796 -0.0021093 0.9995017
2472.955937 -0.0411468 0.0019313 -0.0050746 -0.0292613 0.0023237 -0.0018053 0.9995674
2473.305508 -0.0457205 -0.0002292 -0.0062254 -0.0095094 -0.0031487 -0.0000965 0.9999499
2473.355662 -0.0475618 -0.0002522 -0.0060644 -0.0022000 -0.0035982 0.0000366 0.9999911
2473.405519 -0.0476017 -0.0006036 -0.0061483 0.0016753 -0.0041482 0.0002457 0.9999900
2474.102764 -0.0533844 -0.0068477 -0.0095148 0.0562520 -0.0112319 0.0033107 0.9983479
2474.202182 -0.0550643 -0.0069878 -0.0102990 0.0640005 -0.0133702 0.0038240 0.9978530
2474.897828 -0.0612904 -0.0101285 -0.0141068 0.1092222 -0.0203974 0.0052128 0.9937944
2476.029050 -0.0756628 -0.0145696 -0.0198867 0.1388581 -0.0227249 0.0072382 0.9900251
2476.374393 -0.0765962 -0.0143290 -0.0194335 0.1278124 -0.0182515 0.0075069 0.9916020
2476.474384 -0.0773291 -0.0143578 -0.0200306 0.1249577 -0.0166711 0.0077103 0.9919921
2476.574374 -0.0776661 -0.0143186 -0.0204968 0.1275898 -0.0165882 0.0081282 0.9916550
2476.674364 -0.0813692 -0.0158873 -0.0205218 0.1306107 -0.0170207 0.0079045 0.9912561
2476.824350 -0.0831413 -0.0154191 -0.0217394 0.1338556 -0.0179504 0.0085236 0.9908016
2476.974335 -0.0831935 -0.0148918 -0.0213974 0.1362205 -0.0178447 0.0087973 0.9904788
2477.324302 -0.0852018 -0.0149539 -0.0219282 0.1413956 -0.0159854 0.0089734 0.9897835
2477.524282 -0.0876967 -0.0144677 -0.0215557 0.1391319 -0.0138709 0.0089679 0.9901361
2478.674171 -0.0997820 -0.0064070 -0.0205753 0.0547309 -0.0026590 0.0045580 0.9984872
2479.124127 -0.1044873 -0.0037207 -0.0174721 0.0137421 0.0065051 0.0007819 0.9998841
2479.474093 -0.1053657 -0.0034768 -0.0188858 -0.0220164 0.0076779 -0.0013831 0.9997272
2481.023943 -0.1039195 0.0093165 -0.0155937 -0.1109683 0.0159500 -0.0087380 0.9936575
2481.873861 -0.1045375 0.0060510 -0.0205437 -0.1106414 0.0123344 -0.0075466 0.9937552
