2469.725037 0.0000000 0.0000000 0.0000000 -0.0000000 -0.0000000 -0.0000000 1.0000000
2471.804883 -0.0265284 0.0027190 -0.0022313 -0.0170198 0.0050966 -0.0008804 0.9998418
2472.005891 -0.0291826 0.0030496 -0.0023202 -0.0227225 0.0059785 -0.0012614 0.9997231
2472.306356 -0.0350039 0.0044249 -0.0015275 -0.0293854 0.0088377 -0.0019793 0.9995272
2472.955937 -0.0434193 0.0040445 -0.0032191 -0.0286378 0.0024540 -0.0019253 0.9995850
2473.055789 -0.0451608 0.0035280 -0.0032475 -0.0270689 0.0009391 -0.0018686 0.9996314
2473.405519 -0.0463479 0.0026778 -0.0046375 0.0028829 -0.0055829 0.0009279 0.9999799
2473.752897 -0.0504412 -0.0012522 -0.0060668 0.0295824 -0.0091609 0.0021365 0.9995181
2474.053085 -0.0538775 -0.0039399 -0.0071411 0.0512134 -0.0107471 0.0029762 0.9986255
2474.152601 -0.0551874 -0.0046636 -0.0084787 0.0589805 -0.0123629 0.0034217 0.9981768
2474.501066 -0.0596690 -0.0043156 -0.0092024 0.0840337 -0.0224610 0.0042609 0.9962006
2474.600602 -0.0614258 -0.0077316 -0.0103405 0.0906927 -0.0212847 0.0044738 0.9956414
2476.029050 -0.0782105 -0.0125448 -0.0154717 0.1397081 -0.0234208 0.0069811 0.9898911
2476.474384 -0.0823645 -0.0096345 -0.0147983 0.1267889 -0.0166501 0.0073317 0.9917629
2476.574374 -0.0820614 -0.0096352 -0.0144403 0.1294064 -0.0168298 0.0077748 0.9914183
2476.674364 -0.0857006 -0.0120030 -0.0158150 0.1320958 -0.0173504 0.0073590 0.9910578
2476.824350 -0.0864604 -0.0118955 -0.0157550 0.1352676 -0.0184837 0.0079389 0.9906049
2476.924340 -0.0866883 -0.0119249 -0.0162575 0.1371210 -0.0181069 0.0083702 0.9903535
2477.024331 -0.0866158 -0.0111829 -0.0158899 0.1383644 -0.0182774 0.0082730 0.9901782
2477.524282 -0.0914865 -0.0116729 -0.0173211 0.1403328 -0.0143188 0.0084152 0.9899651
2477.574277 -0.0921120 -0.0114442 -0.0173430 0.1389980 -0.0144817 0.0082741 0.9901522
2479.524088 -0.1110550 -0.0004631 -0.0159866 -0.0240417 0.0068492 -0.0022351 0.9996850
2480.024040 -0.1094871 0.0068012 -0.0129571 -0.0659939 0.0096067 -0.0055778 0.9977582
2480.224021 -0.1091803 0.0097947 -0.0129593 -0.0805506 0.0111755 -0.0059926 0.9966699
2481.473900 -0.1094986 0.0105984 -0.0134653 -0.1127957 0.0159322 -0.0093353 0.9934466
2481.673880 -0.1119110 0.0059352 -0.0161920 -0.1127109 0.0144298 -0.0089030 0.9934832
