2469.725037 0.0000000 0.0000000 0.0000000 -0.0000000 -0.0000000 -0.0000000 1.0000000
2471.804883 -0.0230807 0.0046949 -0.0003699 -0.0161115 0.0045374 -0.0010101 0.9998595
2472.406208 -0.0306529 0.0063318 -0.0000727 -0.0288821 0.0068073 -0.0017625 0.9995582
2472.656085 -0.0345490 0.0065107 -0.0003356 -0.0289504 0.0047698 -0.0019961 0.9995675
2472.955937 -0.0369863 0.0064472 -0.0004706 -0.0275357 0.0012697 -0.0017076 0.9996186
2473.155503 -0.0396592 0.0058829 -0.0007475 -0.0216433 -0.0021825 -0.0011142 0.9997628
2473.255651 -0.0404737 0.0056904 -0.0008545 -0.0127462 -0.0039585 -0.0003717 0.9999109
2473.305508 -0.0413088 0.0050858 -0.0016849 -0.0074011 -0.0042071 -0.0002204 0.9999638
2473.653795 -0.0449455 0.0038977 -0.0018439 0.0273604 -0.0093745 0.0013975 0.9995807
2474.003090 -0.0456571 0.0028683 -0.0034582 0.0522208 -0.0124479 0.0032037 0.9985529
2474.102764 -0.0477534 -0.0001609 -0.0034460 0.0586948 -0.0126502 0.0033428 0.9981902
2474.947112 -0.0550047 -0.0037714 -0.0070172 0.1167317 -0.0220370 0.0052754 0.9929050
2475.145394 -0.0573510 -0.0047705 -0.0073561 0.1256222 -0.0217198 0.0053857 0.9918258
2476.424389 -0.0707206 -0.0073835 -0.0089243 0.1286845 -0.0188931 0.0071601 0.9914798
2476.474384 -0.0732527 -0.0062129 -0.0083824 0.1277463 -0.0171899 0.0069286 0.9916337
2476.574374 -0.0735072 -0.0063687 -0.0082755 0.1302810 -0.0172737 0.0073668 0.9912993
2476.674364 -0.0732953 -0.0066251 -0.0092381 0.1337716 -0.0188660 0.0075889 0.9908035
2476.824350 -0.0743944 -0.0067906 -0.0097743 0.1368265 -0.0198412 0.0083505 0.9903611
2476.924340 -0.0743190 -0.0066090 -0.0102096 0.1387758 -0.0196442 0.0085937 0.9900917
2477.024331 -0.0757017 -0.0066680 -0.0092859 0.1397522 -0.0193619 0.0085525 0.9899603
2477.524282 -0.0806385 -0.0057315 -0.0078191 0.1420615 -0.0153200 0.0079970 0.9897070
2477.724263 -0.0783444 -0.0050698 -0.0096006 0.1324086 -0.0156030 0.0081345 0.9910390
2479.274113 -0.0954695 0.0045047 -0.0049872 0.0001711 0.0062319 -0.0010455 0.9999800
2479.724069 -0.0974209 0.0050456 -0.0077536 -0.0376473 0.0059505 -0.0035177 0.9992672
2481.073938 -0.0979044 0.0155697 -0.0058443 -0.1096261 0.0154518 -0.0090272 0.9938118
2481.473900 -0.0981543 0.0141934 -0.0058314 -0.1109554 0.0156278 -0.0092760 0.9936592
2481.873861 -0.0970108 0.0142866 -0.0065701 -0.1080332 0.0106391 -0.0079081 0.9940589
