2469.725037 0.0000000 0.0000000 0.0000000 -0.0000000 -0.0000000 -0.0000000 1.0000000
2471.451994 -0.0175244 -0.0010254 -0.0028419 -0.0093194 0.0013319 -0.0004764 0.9999556
2471.654562 -0.0181370 -0.0009641 -0.0032561 -0.0140257 0.0041637 -0.0005707 0.9998928
2472.106039 -0.0242430 0.0005659 -0.0030747 -0.0275735 0.0098481 -0.0017115 0.9995698
2472.155896 -0.0246284 0.0007866 -0.0025722 -0.0297079 0.0113622 -0.0020196 0.9994920
2472.406208 -0.0279651 0.0003309 -0.0036574 -0.0312540 0.0087468 -0.0022096 0.9994708
2472.955937 -0.0319077 0.0003684 -0.0041260 -0.0299631 0.0024463 -0.0017169 0.9995466
2473.255651 -0.0351327 -0.0006314 -0.0048090 -0.0152913 -0.0025671 -0.0006688 0.9998796
2473.405519 -0.0365842 -0.0019763 -0.0050523 0.0007708 -0.0041918 0.0005145 0.9999908
2473.553627 -0.0379097 -0.0030109 -0.0061008 0.0164328 -0.0071816 0.0011346 0.9998386
2474.053085 -0.0407951 -0.0054912 -0.0072735 0.0499574 -0.0100494 0.0029125 0.9986966
2474.152601 -0.0421384 -0.0063640 -0.0080432 0.0574958 -0.0114831 0.0034592 0.9982737
2476.029050 -0.0591950 -0.0115785 -0.0138215 0.1384746 -0.0223952 0.0070369 0.9900877
2476.129395 -0.0596039 -0.0107236 -0.0137248 0.1340956 -0.0212812 0.0068521 0.9907162
2476.229050 -0.0596735 -0.0108743 -0.0138913 0.1306811 -0.0198613 0.0071327 0.9911999
2476.574374 -0.0622543 -0.0105879 -0.0134158 0.1277276 -0.0158175 0.0074777 0.9916550
2476.624369 -0.0634063 -0.0111258 -0.0141608 0.1286115 -0.0160315 0.0074840 0.9915372
2476.724360 -0.0650744 -0.0112549 -0.0147960 0.1314259 -0.0168997 0.0076111 0.9911527
2476.824350 -0.0654152 -0.0111573 -0.0150613 0.1341487 -0.0176569 0.0077981 0.9907732
2476.924340 -0.0659956 -0.0117120 -0.0153190 0.1358191 -0.0171790 0.0077897 0.9905541
2477.174316 -0.0669714 -0.0120708 -0.0151367 0.1394591 -0.0165560 0.0084526 0.9900534
2477.524282 -0.0687801 -0.0114951 -0.0146548 0.1389858 -0.0136962 0.0082284 0.9901655
2477.674268 -0.0692866 -0.0110632 -0.0148895 0.1327023 -0.0135466 0.0081010 0.9910303
2479.174122 -0.0851807 -0.0063314 -0.0145782 0.0064667 0.0081953 -0.0012215 0.9999447
2480.174026 -0.0837323 0.0034019 -0.0129796 -0.0782779 0.0118067 -0.0063812 0.9968413
2480.224021 -0.0833481 0.0027067 -0.0120342 -0.0825505 0.0122010 -0.0060994 0.9964935
2480.923953 -0.0844226 0.0068041 -0.0132159 -0.1131608 0.0171230 -0.0094483 0.9933842
2481.023943 -0.0841920 0.0065798 -0.0121354 -0.1114421 0.0172755 -0.0094772 0.9935756
2481.123934 -0.0837034 0.0068260 -0.0124447 -0.1118224 0.0175436 -0.0098252 0.9935248
2481.823866 -0.0844699 0.0066453 -0.0126043 -0.1107387 0.0135711 -0.0089782 0.9937164
