2444.927438 0.0000000 0.0000000 0.0000000 -0.0000000 -0.0000000 -0.0000000 1.0000000
2449.526993 -0.0125017 0.0022003 0.0021801 -0.0230938 -0.0199168 -0.0012653 0.9995341
2449.626983 -0.0132933 0.0018170 0.0021078 -0.0232809 -0.0223012 -0.0012783 0.9994794
2449.676978 -0.0138636 0.0018968 0.0022892 -0.0225863 -0.0231813 -0.0017311 0.9994746
2450.626886 -0.0249975 0.0016073 0.0025402 -0.0151318 -0.0459667 -0.0172588 0.9986793
2450.726877 -0.0269544 0.0016428 0.0024649 -0.0128166 -0.0475595 -0.0195934 0.9985940
2451.276823 -0.0342728 0.0019594 0.0024725 -0.0113193 -0.0612990 -0.0305850 0.9975865
2451.476804 -0.0377122 0.0017778 0.0024684 -0.0107643 -0.0658291 -0.0339711 0.9971944
2452.626693 -0.0530337 0.0024217 0.0005947 -0.0026461 -0.0967968 -0.0474146 0.9941707
2452.776678 -0.0578843 0.0030180 -0.0006605 -0.0022103 -0.1061397 -0.0496992 0.9931060
2452.826673 -0.0603152 0.0030985 -0.0019666 -0.0037176 -0.1109889 -0.0506389 0.9925237
2455.076455 -0.0851976 0.0076981 -0.0042024 -0.0082013 -0.1651587 -0.0947983 0.9816663
2455.876378 -0.0980599 0.0109743 -0.0067004 -0.0097080 -0.1805706 -0.1133556 0.9769598
2456.076359 -0.0999049 0.0117156 -0.0070977 -0.0110038 -0.1826740 -0.1167294 0.9761575
2456.826286 -0.1084067 0.0142959 -0.0091709 -0.0158073 -0.1941942 -0.1337781 0.9716698
2457.226247 -0.1168909 0.0165825 -0.0118288 -0.0168503 -0.2062121 -0.1453516 0.9675049
2457.526218 -0.1213017 0.0184452 -0.0137897 -0.0177018 -0.2168161 -0.1512520 0.9642615
2457.726199 -0.1261541 0.0197006 -0.0163699 -0.0162354 -0.2236755 -0.1595059 0.9613863
2457.826189 -0.1275595 0.0204358 -0.0172995 -0.0158396 -0.2274271 -0.1621835 0.9600638
2457.926180 -0.1291692 0.0200695 -0.0190534 -0.0159030 -0.2300685 -0.1653923 0.9588853
2458.126160 -0.1311565 0.0213955 -0.0206652 -0.0136250 -0.2330277 -0.1675898 0.9578236
2458.526122 -0.1409859 0.0226174 -0.0279280 0.0047839 -0.2530970 -0.1765583 0.9511815
2458.626112 -0.1436584 0.0236390 -0.0288579 0.0101084 -0.2592675 -0.1780738 0.9491933
2458.830833 -0.1485324 0.0246559 -0.0328186 0.0223553 -0.2695366 -0.1805758 0.9456440
2458.880493 -0.1497121 0.0249701 -0.0332677 0.0264429 -0.2715597 -0.1814391 0.9447941
2459.387891 -0.1577214 0.0262325 -0.0402414 0.0641611 -0.2946629 -0.1820433 0.9359046
2459.594331 -0.1613776 0.0267591 -0.0429576 0.0792322 -0.3045048 -0.1820072 0.9315968
2460.098135 -0.1693265 0.0293888 -0.0484873 0.1127232 -0.3268047 -0.1818435 0.9205570
2461.102502 -0.1809732 0.0324316 -0.0592005 0.1537786 -0.3568864 -0.1791352 0.9038224
2461.702957 -0.1920640 0.0380649 -0.0677954 0.1732189 -0.3757686 -0.1832698 0.8917429
2462.051877 -0.1918284 0.0377065 -0.0679325 0.1855618 -0.3813812 -0.1784793 0.8878403
2462.801508 -0.2030262 0.0426512 -0.0772204 0.1950336 -0.3925027 -0.1750437 0.8816254
2463.251326 -0.2020460 0.0419180 -0.0788105 0.1924484 -0.3983082 -0.1757099 0.8794546
2465.775420 -0.2193393 0.0612802 -0.1036372 0.1830355 -0.4179800 -0.1852793 0.8703232
2465.875410 -0.2193350 0.0614330 -0.1038732 0.1787594 -0.4158610 -0.1872171 0.8718110
2465.975400 -0.2189334 0.0624513 -0.1045496 0.1735245 -0.4131253 -0.1901073 0.8735422
2466.125386 -0.2181958 0.0628437 -0.1052390 0.1647786 -0.4147661 -0.1939476 0.8736141
2468.275178 -0.2334855 0.0860548 -0.1208717 0.0652975 -0.3881468 -0.2500745 0.8846135
2468.425163 -0.2344993 0.0872356 -0.1220890 0.0600902 -0.3871568 -0.2526728 0.8846781
2469.125095 -0.2360576 0.0906298 -0.1255480 0.0433316 -0.3808151 -0.2615698 0.8858236
2469.725037 -0.2398904 0.0934856 -0.1298847 0.0314237 -0.3796512 -0.2672817 0.8851203
2470.025008 -0.2415865 0.0968335 -0.1311174 0.0269280 -0.3764897 -0.2697607 0.8858666
2470.432673 -0.2433868 0.0986236 -0.1344138 0.0227525 -0.3744189 -0.2719844 0.8861814
2470.943687 -0.2466679 0.1017570 -0.1386347 0.0219048 -0.3775678 -0.2717721 0.8849309
2471.955580 -0.2508675 0.1065881 -0.1452652 0.0136246 -0.3681022 -0.2766228 0.8875781
2472.206050 -0.2529162 0.1086972 -0.1473199 0.0088740 -0.3623607 -0.2796560 0.8890492
2472.955937 -0.2560875 0.1122189 -0.1527464 0.0072120 -0.3695583 -0.2795318 0.8861358
2473.454862 -0.2598050 0.1118086 -0.1579412 0.0359499 -0.3856668 -0.2641165 0.8832957
2474.749304 -0.2659089 0.1103225 -0.1707537 0.1149043 -0.4230732 -0.2233871 0.8705770
2474.997107 -0.2660339 0.1103661 -0.1716453 0.1257151 -0.4255026 -0.2175894 0.8693665
2475.095616 -0.2659245 0.1105005 -0.1722999 0.1289638 -0.4259076 -0.2156884 0.8691660
2476.824350 -0.2751290 0.1185269 -0.1863906 0.1433472 -0.4277390 -0.2075506 0.8679941
2476.924340 -0.2750632 0.1187496 -0.1867390 0.1451676 -0.4277886 -0.2063742 0.8679476
2477.124321 -0.2753099 0.1189421 -0.1870478 0.1479888 -0.4280041 -0.2048482 0.8677264
2477.674268 -0.2753922 0.1199902 -0.1885029 0.1427920 -0.4240984 -0.2070820 0.8699816
2477.774258 -0.2750892 0.1201954 -0.1887016 0.1361976 -0.4209853 -0.2106238 0.8716991
2479.074132 -0.2813036 0.1343608 -0.1914714 0.0500385 -0.3782698 -0.2594639 0.8871790
2479.524088 -0.2811519 0.1367509 -0.1913262 0.0135466 -0.3672454 -0.2776317 0.8876193
2479.974045 -0.2797576 0.1398835 -0.1910884 -0.0188136 -0.3530328 -0.2945969 0.8878213
2480.523992 -0.2795396 0.1400915 -0.1913298 -0.0513852 -0.3361647 -0.3118531 0.8871869
2480.823963 -0.2766954 0.1442050 -0.1873870 -0.0592487 -0.3335454 -0.3155087 0.8863923
2481.123934 -0.2785772 0.1421610 -0.1901431 -0.0589224 -0.3321677 -0.3159298 0.8867814
2481.773871 -0.2783384 0.1428206 -0.1890599 -0.0593148 -0.3360370 -0.3152646 0.8855333
2481.923856 -0.2784846 0.1422763 -0.1899383 -0.0582741 -0.3370677 -0.3144745 0.8854915
