2444.927438 0.0000000 0.0000000 0.0000000 -0.0000000 -0.0000000 -0.0000000 1.0000000
2449.476998 -0.0135872 0.0017308 0.0017537 -0.0248078 -0.0183645 -0.0008447 0.9995232
2449.626983 -0.0149054 0.0015093 0.0017901 -0.0234421 -0.0220071 -0.0013983 0.9994820
2449.676978 -0.0153253 0.0014888 0.0019552 -0.0228360 -0.0229933 -0.0017357 0.9994733
2450.376911 -0.0239399 0.0013831 0.0023468 -0.0176576 -0.0384464 -0.0108893 0.9990453
2451.226828 -0.0377240 0.0011428 0.0019969 -0.0117086 -0.0594852 -0.0307630 0.9976864
2451.276823 -0.0376498 0.0011713 0.0018514 -0.0118366 -0.0610543 -0.0309245 0.9975851
2451.926760 -0.0482350 0.0017011 0.0021429 -0.0106791 -0.0796221 -0.0411046 0.9959201
2452.076746 -0.0501814 0.0021206 0.0019979 -0.0088511 -0.0834807 -0.0419674 0.9955860
2452.176736 -0.0509249 0.0020300 0.0018304 -0.0089109 -0.0856058 -0.0427977 0.9953696
2452.826673 -0.0664106 0.0031508 -0.0025124 -0.0038373 -0.1106157 -0.0513381 0.9925290
2453.026654 -0.0713395 0.0046469 -0.0024730 -0.0086412 -0.1226091 -0.0573805 0.9907572
2455.376427 -0.0994401 0.0099086 -0.0054735 -0.0073665 -0.1720502 -0.1040156 0.9795536
2455.526412 -0.1026827 0.0108105 -0.0060968 -0.0094613 -0.1750039 -0.1065233 0.9787425
2456.226344 -0.1105771 0.0129200 -0.0076335 -0.0118724 -0.1841490 -0.1197613 0.9755027
2457.176252 -0.1266552 0.0184579 -0.0115383 -0.0163782 -0.2038556 -0.1453575 0.9680113
2457.276243 -0.1284022 0.0188269 -0.0123540 -0.0176423 -0.2076689 -0.1462720 0.9670402
2457.576214 -0.1344573 0.0209711 -0.0145988 -0.0163059 -0.2186262 -0.1549441 0.9632907
2457.826189 -0.1397894 0.0228379 -0.0176264 -0.0156595 -0.2270617 -0.1628993 0.9600321
2458.076165 -0.1436056 0.0250267 -0.0196137 -0.0146260 -0.2315360 -0.1663155 0.9583926
2458.126160 -0.1433996 0.0249153 -0.0196351 -0.0128094 -0.2329472 -0.1676124 0.9578505
2458.376136 -0.1409250 0.0246648 -0.0204614 -0.0030705 -0.2468349 -0.1732128 0.9534466
2458.576117 -0.1554641 0.0267161 -0.0285715 0.0082631 -0.2561358 -0.1776817 0.9501345
2458.676502 -0.1577679 0.0267017 -0.0304317 0.0164119 -0.2632568 -0.1789395 0.9478434
2459.031960 -0.1652288 0.0281925 -0.0366844 0.0385022 -0.2796788 -0.1819011 0.9419179
2459.438499 -0.1715370 0.0292191 -0.0420606 0.0691101 -0.2969956 -0.1809282 0.9350307
2459.541946 -0.1728928 0.0288976 -0.0433072 0.0775629 -0.3031854 -0.1808671 0.9323893
2459.594331 -0.1748361 0.0297678 -0.0445977 0.0795906 -0.3045028 -0.1816825 0.9316303
2460.651143 -0.1894909 0.0335631 -0.0564994 0.1358177 -0.3406760 -0.1794986 0.9128383
2461.051855 -0.1946378 0.0354882 -0.0623073 0.1528520 -0.3556296 -0.1789769 0.9045060
2462.002059 -0.2098622 0.0419371 -0.0758026 0.1852529 -0.3796194 -0.1796648 0.8884206
2462.401704 -0.2109369 0.0413974 -0.0753744 0.1949799 -0.3896237 -0.1730717 0.8833020
2463.551494 -0.2236984 0.0512305 -0.0875740 0.1944758 -0.3991331 -0.1757883 0.8786185
2464.345787 -0.2222512 0.0508004 -0.0897569 0.1964929 -0.4107620 -0.1730921 0.8733294
2465.775420 -0.2369111 0.0661071 -0.1119280 0.1828416 -0.4179993 -0.1849719 0.8704200
2465.925405 -0.2366967 0.0664812 -0.1123834 0.1763008 -0.4146990 -0.1880469 0.8726862
2466.025395 -0.2367067 0.0664381 -0.1124937 0.1697646 -0.4129289 -0.1911398 0.8741484
2466.625337 -0.2403910 0.0762773 -0.1192877 0.1248300 -0.4030964 -0.2160144 0.8804933
2466.925308 -0.2438288 0.0806261 -0.1206285 0.1108911 -0.3975733 -0.2238103 0.8829199
2467.925211 -0.2496767 0.0889335 -0.1279057 0.0780287 -0.3832976 -0.2428024 0.8877170
2468.275178 -0.2517449 0.0924578 -0.1304449 0.0648459 -0.3890200 -0.2498381 0.8843299
2469.325076 -0.2563817 0.0995716 -0.1366928 0.0392397 -0.3840147 -0.2627482 0.8842830
2470.025008 -0.2604489 0.1039077 -0.1405349 0.0266681 -0.3771727 -0.2696333 0.8856227
2470.280080 -0.2623944 0.1054402 -0.1433792 0.0226636 -0.3772944 -0.2713422 0.8851603
2470.943687 -0.2660584 0.1091720 -0.1487023 0.0216803 -0.3782154 -0.2716966 0.8846830
2472.055886 -0.2715262 0.1159763 -0.1568335 0.0124913 -0.3669588 -0.2771760 0.8878957
2472.256203 -0.2734605 0.1183343 -0.1581492 0.0078661 -0.3626772 -0.2801526 0.8887733
2472.656085 -0.2753169 0.1200406 -0.1616407 0.0069914 -0.3668960 -0.2800430 0.8870819
2473.305508 -0.2789900 0.1213561 -0.1676827 0.0227861 -0.3804030 -0.2708144 0.8839875
2474.152601 -0.2840471 0.1194992 -0.1766959 0.0787650 -0.4053236 -0.2418055 0.8780883
2475.537454 -0.2897111 0.1194635 -0.1903827 0.1499462 -0.4346662 -0.2045907 0.8641320
2476.524379 -0.2931400 0.1249661 -0.1965692 0.1354425 -0.4247529 -0.2107901 0.8699470
2477.074326 -0.2966018 0.1280633 -0.2014398 0.1464494 -0.4284422 -0.2050625 0.8677208
2477.224311 -0.2968041 0.1276758 -0.2018028 0.1492749 -0.4295757 -0.2033563 0.8670802
2477.524282 -0.2967117 0.1286997 -0.2022742 0.1480127 -0.4267692 -0.2034890 0.8686499
2477.824253 -0.2965899 0.1302135 -0.2044052 0.1329870 -0.4207856 -0.2117296 0.8720232
2478.574180 -0.3010022 0.1388207 -0.2042117 0.0852425 -0.4032556 -0.2370304 0.8797358
2479.174122 -0.3017663 0.1441985 -0.2059024 0.0406205 -0.3776873 -0.2622773 0.8870811
2479.524088 -0.3030780 0.1473590 -0.2071495 0.0132722 -0.3680639 -0.2773756 0.8873644
2479.824059 -0.3013348 0.1496042 -0.2045395 -0.0074130 -0.3598028 -0.2878680 0.8874790
2480.324011 -0.3002221 0.1520925 -0.2031056 -0.0401613 -0.3447153 -0.3047974 0.8869368
2480.723972 -0.2994156 0.1528668 -0.2037299 -0.0586276 -0.3352449 -0.3149613 0.8859871
