2469.725037 0.0000000 0.0000000 0.0000000 -0.0000000 -0.0000000 -0.0000000 1.0000000
2470.787973 -0.0066839 0.0003884 -0.0006226 -0.0121123 0.0021661 -0.0005366 0.9999242
2470.891756 -0.0079732 0.0004029 -0.0006138 -0.0113639 0.0001454 -0.0007788 0.9999352
2471.400873 -0.0107793 0.0004650 -0.0008616 -0.0077009 -0.0005239 -0.0004412 0.9999701
2471.654562 -0.0116001 0.0006251 -0.0008834 -0.0130725 0.0042852 -0.0006051 0.9999052
2472.055886 -0.0148445 0.0014233 -0.0009820 -0.0242547 0.0075335 -0.0015526 0.9996762
2472.256203 -0.0163093 0.0017058 -0.0008025 -0.0307942 0.0100912 -0.0020348 0.9994727
2472.356351 -0.0171665 0.0016564 -0.0009261 -0.0300845 0.0088717 -0.0021082 0.9995058
2473.155503 -0.0216876 0.0013560 -0.0014761 -0.0229587 -0.0008813 -0.0013163 0.9997352
2473.454862 -0.0230688 -0.0000818 -0.0019310 0.0070664 -0.0049194 0.0008082 0.9999626
2474.053085 -0.0257179 -0.0023714 -0.0033492 0.0508892 -0.0101813 0.0028904 0.9986482
2474.202182 -0.0267565 -0.0029709 -0.0035362 0.0640830 -0.0134345 0.0036600 0.9978474
2474.252177 -0.0272328 -0.0029246 -0.0035972 0.0665053 -0.0151938 0.0035510 0.9976641
2475.735893 -0.0351549 -0.0060864 -0.0062230 0.1482038 -0.0222039 0.0065270 0.9886860
2475.832546 -0.0352183 -0.0059479 -0.0063812 0.1462886 -0.0209860 0.0069931 0.9889946
2476.624369 -0.0397136 -0.0054518 -0.0066659 0.1298012 -0.0162219 0.0072971 0.9913805
2476.674364 -0.0395841 -0.0059099 -0.0068383 0.1319343 -0.0172194 0.0074914 0.9910806
2476.824350 -0.0409876 -0.0056128 -0.0069236 0.1351522 -0.0177418 0.0076888 0.9906362
2476.924340 -0.0411707 -0.0056390 -0.0070184 0.1370400 -0.0174909 0.0079386 0.9903793
2477.474287 -0.0432854 -0.0057628 -0.0072264 0.1422949 -0.0137797 0.0082111 0.9896944
2477.574277 -0.0436710 -0.0056088 -0.0073943 0.1387414 -0.0137685 0.0079130 0.9902014
2477.624272 -0.0435088 -0.0057052 -0.0073190 0.1366793 -0.0139752 0.0079543 0.9904848
2477.774258 -0.0438548 -0.0055728 -0.0076501 0.1253053 -0.0117447 0.0081262 0.9920154
2478.824156 -0.0496143 -0.0029992 -0.0057049 0.0410483 0.0016948 0.0032101 0.9991506
2479.624079 -0.0526246 0.0013208 -0.0057650 -0.0328246 0.0074251 -0.0026493 0.9994301
2479.924050 -0.0519481 0.0030803 -0.0060359 -0.0595322 0.0101193 -0.0050091 0.9981625
2480.723972 -0.0517569 0.0051777 -0.0047487 -0.1100803 0.0155206 -0.0100328 0.9937509
2481.623885 -0.0513932 0.0053627 -0.0053039 -0.1110158 0.0140796 -0.0092555 0.9936758
