2444.927438 0.0000000 0.0000000 0.0000000 -0.0000000 -0.0000000 -0.0000000 1.0000000
2449.526993 -0.0119170 0.0018540 0.0019744 -0.0232540 -0.0200187 -0.0013413 0.9995283
2449.626983 -0.0127091 0.0017643 0.0019487 -0.0232823 -0.0223440 -0.0012716 0.9994784
2449.726974 -0.0138227 0.0016168 0.0021555 -0.0230644 -0.0236509 -0.0016736 0.9994528
2449.926954 -0.0155783 0.0017449 0.0022230 -0.0204521 -0.0269807 -0.0025689 0.9994234
2450.576891 -0.0237523 0.0013106 0.0022702 -0.0156669 -0.0442300 -0.0150826 0.9987847
2450.726877 -0.0257322 0.0013678 0.0023796 -0.0129799 -0.0477305 -0.0196033 0.9985835
2451.276823 -0.0334249 0.0014286 0.0021275 -0.0116298 -0.0610723 -0.0307507 0.9975918
2451.676785 -0.0399066 0.0016365 0.0022729 -0.0117216 -0.0719599 -0.0373044 0.9966407
2452.076746 -0.0441693 0.0017414 0.0017631 -0.0089214 -0.0836517 -0.0416591 0.9955840
2452.726683 -0.0540904 0.0018732 -0.0009442 -0.0039115 -0.1024743 -0.0482534 0.9935569
2452.826673 -0.0585231 0.0022374 -0.0025472 -0.0041818 -0.1109806 -0.0507971 0.9925147
2454.926470 -0.0814500 0.0072706 -0.0032989 -0.0070137 -0.1589747 -0.0917897 0.9829814
2455.226441 -0.0856671 0.0075043 -0.0046008 -0.0079530 -0.1693669 -0.0994894 0.9804864
2456.626306 -0.1044390 0.0128906 -0.0086153 -0.0137208 -0.1870358 -0.1311749 0.9734591
2456.826286 -0.1040129 0.0127543 -0.0093193 -0.0163941 -0.1950919 -0.1332472 0.9715531
2456.976272 -0.1092360 0.0137451 -0.0104831 -0.0156449 -0.1985755 -0.1388266 0.9700774
2457.126257 -0.1124488 0.0152418 -0.0113593 -0.0164434 -0.2015907 -0.1430784 0.9688237
2457.576214 -0.1202356 0.0177827 -0.0147073 -0.0168343 -0.2183756 -0.1542912 0.9634433
2457.776194 -0.1242493 0.0192436 -0.0170081 -0.0165348 -0.2252089 -0.1614796 0.9606935
2457.826189 -0.1245275 0.0184590 -0.0177645 -0.0167354 -0.2272223 -0.1623949 0.9600614
2457.876184 -0.1260954 0.0190901 -0.0190151 -0.0166252 -0.2277188 -0.1646460 0.9595621
2458.076165 -0.1281620 0.0190796 -0.0209104 -0.0164300 -0.2317676 -0.1667983 0.9582235
2458.376136 -0.1334749 0.0213254 -0.0259684 -0.0034716 -0.2414769 -0.1752646 0.9544418
2458.626112 -0.1410076 0.0232293 -0.0289856 0.0099625 -0.2589169 -0.1784645 0.9492172
2458.676502 -0.1427569 0.0236226 -0.0306073 0.0160076 -0.2626155 -0.1795461 0.9479135
2459.136493 -0.1513930 0.0265315 -0.0368127 0.0462313 -0.2848901 -0.1827549 0.9398409
2459.337284 -0.1529773 0.0232844 -0.0407198 0.0611060 -0.2943239 -0.1822074 0.9361838
2459.438499 -0.1553009 0.0255700 -0.0401947 0.0685303 -0.2968853 -0.1816357 0.9349713
2459.695586 -0.1595273 0.0273244 -0.0425993 0.0852866 -0.3103124 -0.1829187 0.9289635
2460.449424 -0.1684965 0.0284238 -0.0512980 0.1275182 -0.3362319 -0.1810216 0.9153788
2460.499834 -0.1693092 0.0282770 -0.0524937 0.1295642 -0.3373935 -0.1811334 0.9146417
2460.952220 -0.1741514 0.0293019 -0.0579578 0.1482430 -0.3532954 -0.1798321 0.9060170
2462.051877 -0.1900707 0.0368758 -0.0695885 0.1852915 -0.3804554 -0.1794755 0.8880931
2462.451700 -0.1911965 0.0362045 -0.0694225 0.1949856 -0.3908852 -0.1732251 0.8827131
2463.251326 -0.1975071 0.0415656 -0.0775015 0.1924922 -0.3985428 -0.1759061 0.8792994
2465.775420 -0.2137449 0.0598209 -0.1032471 0.1824963 -0.4180382 -0.1852988 0.8704043
2465.875410 -0.2138631 0.0598523 -0.1032367 0.1783468 -0.4159701 -0.1873782 0.8718089
2465.975400 -0.2139336 0.0596512 -0.1030020 0.1725500 -0.4134899 -0.1899403 0.8735991
2466.075391 -0.2120906 0.0619100 -0.1050165 0.1679676 -0.4134755 -0.1923413 0.8739735
2467.125289 -0.2221287 0.0712280 -0.1188080 0.1001828 -0.3974374 -0.2307724 0.8824687
2468.125192 -0.2281241 0.0807368 -0.1225903 0.0692289 -0.3864160 -0.2483861 0.8855476
2468.275178 -0.2277096 0.0806416 -0.1235792 0.0634506 -0.3879465 -0.2506053 0.8846855
2469.175091 -0.2327217 0.0864980 -0.1291844 0.0416082 -0.3814106 -0.2625036 0.8853737
2469.675042 -0.2322333 0.0864903 -0.1308035 0.0300358 -0.3807767 -0.2670470 0.8847558
2470.179004 -0.2362516 0.0935617 -0.1328594 0.0240546 -0.3776147 -0.2710812 0.8850670
2470.432673 -0.2367367 0.0944796 -0.1336309 0.0216935 -0.3747782 -0.2723632 0.8859396
2470.787973 -0.2386571 0.0965108 -0.1365327 0.0211066 -0.3747383 -0.2726914 0.8858697
2471.955580 -0.2441709 0.1025569 -0.1443579 0.0128189 -0.3683624 -0.2770673 0.8873436
2472.656085 -0.2483658 0.1070234 -0.1492153 0.0059778 -0.3667081 -0.2805686 0.8870010
2473.305508 -0.2518752 0.1085808 -0.1549429 0.0218902 -0.3801293 -0.2713608 0.8839603
2473.553627 -0.2530944 0.1078470 -0.1575758 0.0437012 -0.3910629 -0.2600740 0.8817719
2474.897828 -0.2588868 0.1066756 -0.1695505 0.1198395 -0.4248582 -0.2206627 0.8697368
2475.095616 -0.2591852 0.1064545 -0.1702801 0.1280567 -0.4263189 -0.2158529 0.8690577
2476.824350 -0.2682697 0.1136521 -0.1850995 0.1421223 -0.4280306 -0.2078274 0.8679855
2476.924340 -0.2681636 0.1137804 -0.1851996 0.1439006 -0.4282595 -0.2067043 0.8678477
2477.024331 -0.2686825 0.1136158 -0.1852216 0.1445831 -0.4283202 -0.2060458 0.8678610
2477.524282 -0.2687287 0.1148411 -0.1864722 0.1471706 -0.4260109 -0.2044438 0.8689409
2477.624272 -0.2687346 0.1147283 -0.1864835 0.1440796 -0.4257810 -0.2056978 0.8692756
2478.574180 -0.2721157 0.1241382 -0.1891216 0.0847309 -0.4022324 -0.2376136 0.8800963
2479.074132 -0.2746235 0.1286591 -0.1901972 0.0485267 -0.3786625 -0.2598632 0.8869786
2479.724069 -0.2743562 0.1329599 -0.1902006 -0.0001962 -0.3623272 -0.2841764 0.8876727
2479.874055 -0.2733985 0.1336531 -0.1904479 -0.0133143 -0.3559601 -0.2913896 0.8878103
2480.024040 -0.2734682 0.1346408 -0.1901385 -0.0233214 -0.3516360 -0.2967967 0.8875359
2480.174026 -0.2732239 0.1350557 -0.1893575 -0.0328505 -0.3477192 -0.3011565 0.8873088
2481.123934 -0.2715890 0.1379113 -0.1873373 -0.0597220 -0.3328853 -0.3158200 0.8864979
2481.823866 -0.2721400 0.1378531 -0.1884563 -0.0601888 -0.3365983 -0.3149380 0.8853773
