2469.725037 0.0000000 0.0000000 0.0000000 -0.0000000 -0.0000000 -0.0000000 1.0000000
2470.787973 -0.0071209 0.0004301 -0.0008585 -0.0120405 0.0022299 -0.0006930 0.9999248
2470.891756 -0.0085517 0.0002497 -0.0009591 -0.0114442 0.0002024 -0.0008864 0.9999341
2471.502878 -0.0114120 0.0002035 -0.0014049 -0.0094986 0.0018392 -0.0003986 0.9999532
2471.704715 -0.0128962 0.0004044 -0.0014290 -0.0147316 0.0048390 -0.0009975 0.9998793
2471.955580 -0.0148061 0.0010673 -0.0014977 -0.0226952 0.0063180 -0.0015442 0.9997213
2472.455927 -0.0188392 0.0011513 -0.0018081 -0.0301464 0.0077516 -0.0022738 0.9995129
2472.805794 -0.0208366 0.0010975 -0.0023270 -0.0314427 0.0046194 -0.0021521 0.9994926
2473.155503 -0.0232564 0.0005635 -0.0025643 -0.0235130 -0.0006202 -0.0014157 0.9997224
2473.355662 -0.0247610 -0.0006488 -0.0031690 -0.0026563 -0.0033748 -0.0001998 0.9999908
2474.152601 -0.0283888 -0.0037242 -0.0049218 0.0579447 -0.0112620 0.0033070 0.9982508
2475.687479 -0.0363821 -0.0078074 -0.0087275 0.1463013 -0.0218928 0.0069547 0.9889734
2475.881415 -0.0384123 -0.0076781 -0.0091273 0.1448714 -0.0208456 0.0072554 0.9892043
2476.374393 -0.0407533 -0.0066316 -0.0089350 0.1282632 -0.0174370 0.0071340 0.9915612
2476.824350 -0.0452371 -0.0075632 -0.0097560 0.1339670 -0.0164634 0.0075142 0.9908205
2476.974335 -0.0451538 -0.0073167 -0.0100100 0.1363710 -0.0162631 0.0082457 0.9904900
2477.074326 -0.0453626 -0.0073893 -0.0099680 0.1377054 -0.0157094 0.0084759 0.9903124
2477.524282 -0.0454036 -0.0067815 -0.0105715 0.1394820 -0.0137144 0.0090359 0.9900884
2477.674268 -0.0454356 -0.0067002 -0.0107641 0.1329263 -0.0136394 0.0089707 0.9909915
2477.824253 -0.0461503 -0.0065589 -0.0106077 0.1213282 -0.0118723 0.0088374 0.9925021
2478.974142 -0.0550877 -0.0018035 -0.0085934 0.0275106 0.0066117 0.0016569 0.9995983
2479.274113 -0.0561027 -0.0018212 -0.0089763 -0.0027478 0.0089689 -0.0002667 0.9999560
2479.924050 -0.0558394 -0.0002039 -0.0091440 -0.0616766 0.0107300 -0.0043978 0.9980288
2480.124030 -0.0559524 0.0028044 -0.0087049 -0.0726304 0.0108955 -0.0062395 0.9972799
2481.173929 -0.0552621 0.0044812 -0.0084449 -0.1128355 0.0170099 -0.0100158 0.9934176
2481.673880 -0.0551016 0.0044197 -0.0091874 -0.1115366 0.0143056 -0.0091000 0.9936157
