2469.725037 0.0000000 0.0000000 0.0000000 -0.0000000 -0.0000000 -0.0000000 1.0000000
2471.955580 -0.0193449 0.0013498 -0.0019418 -0.0227951 0.0058352 -0.0011946 0.9997224
2472.055886 -0.0207134 0.0013718 -0.0017672 -0.0246616 0.0071651 -0.0012813 0.9996694
2472.106039 -0.0207727 0.0018635 -0.0013747 -0.0268702 0.0090243 -0.0014363 0.9995972
2472.206050 -0.0216970 0.0018044 -0.0014851 -0.0296682 0.0096271 -0.0017448 0.9995120
2472.955937 -0.0279631 0.0013810 -0.0026269 -0.0294185 0.0017423 -0.0016001 0.9995644
2473.255651 -0.0309499 0.0011699 -0.0025146 -0.0144377 -0.0032879 -0.0004587 0.9998903
2473.405519 -0.0319558 0.0000333 -0.0030893 0.0018384 -0.0051065 0.0005833 0.9999852
2473.553627 -0.0332803 -0.0014413 -0.0040820 0.0171566 -0.0079519 0.0013134 0.9998204
2474.003090 -0.0354380 -0.0029257 -0.0049491 0.0492950 -0.0113607 0.0031144 0.9987148
2474.102764 -0.0366520 -0.0035379 -0.0050033 0.0568724 -0.0118331 0.0035333 0.9983051
2474.501066 -0.0398599 -0.0054148 -0.0068585 0.0825744 -0.0225532 0.0043987 0.9963199
2475.145394 -0.0440170 -0.0071838 -0.0078637 0.1235975 -0.0208115 0.0055906 0.9920985
2476.029050 -0.0512762 -0.0085644 -0.0105223 0.1395383 -0.0238330 0.0073406 0.9899026
2476.229050 -0.0529650 -0.0081302 -0.0110096 0.1316272 -0.0207144 0.0071688 0.9910569
2476.474384 -0.0541969 -0.0077143 -0.0111371 0.1261272 -0.0171877 0.0072027 0.9918391
2476.574374 -0.0539322 -0.0075906 -0.0104623 0.1288073 -0.0173925 0.0075972 0.9914880
2476.724360 -0.0556003 -0.0076633 -0.0105895 0.1327895 -0.0186967 0.0079985 0.9909356
2476.824350 -0.0563879 -0.0078967 -0.0107497 0.1353444 -0.0191676 0.0081393 0.9905798
2476.924340 -0.0570139 -0.0083948 -0.0116338 0.1369993 -0.0186848 0.0082365 0.9903607
2477.024331 -0.0576491 -0.0080386 -0.0105073 0.1381849 -0.0185911 0.0081828 0.9901981
2477.524282 -0.0624232 -0.0070427 -0.0098641 0.1407233 -0.0142051 0.0076898 0.9899172
2477.874248 -0.0632958 -0.0065742 -0.0117327 0.1200174 -0.0120802 0.0073951 0.9926708
2478.074229 -0.0642298 -0.0064384 -0.0103654 0.1075333 -0.0122042 0.0067007 0.9941040
2479.824059 -0.0749213 0.0041420 -0.0090157 -0.0477456 0.0086931 -0.0038796 0.9988142
2479.924050 -0.0756280 0.0044128 -0.0084958 -0.0591286 0.0103925 -0.0051492 0.9981830
2480.224021 -0.0747675 0.0024824 -0.0088894 -0.0826637 0.0114893 -0.0067324 0.9964885
2481.073938 -0.0729697 0.0071357 -0.0083285 -0.1122374 0.0155230 -0.0094949 0.9935148
2481.923856 -0.0719911 0.0053212 -0.0074067 -0.1102802 0.0104159 -0.0091694 0.9938037
