2461.502147 0.0000000 0.0000000 0.0000000 -0.0000000 -0.0000000 -0.0000000 1.0000000
2462.901498 -0.0143867 -0.0019139 0.0019910 0.0375330 -0.0222688 -0.0022872 0.9990447
2463.001488 -0.0148754 -0.0017146 0.0011816 0.0358942 -0.0229528 -0.0023261 0.9990893
2463.801115 -0.0347192 -0.0043635 0.0035546 0.0398357 -0.0267536 -0.0058993 0.9988306
2463.950073 -0.0347820 -0.0042613 0.0033302 0.0397346 -0.0278889 -0.0058205 0.9988040
2465.133957 -0.0366101 -0.0019770 -0.0022272 0.0578141 -0.0518359 -0.0012886 0.9969799
2465.825415 -0.0376649 -0.0010292 -0.0048030 0.0276338 -0.0517475 -0.0035164 0.9982716
2465.875410 -0.0377590 -0.0011748 -0.0048988 0.0252775 -0.0508862 -0.0035659 0.9983782
2466.125386 -0.0379735 -0.0010483 -0.0051279 0.0093526 -0.0525390 -0.0049226 0.9985629
2466.275371 -0.0379371 -0.0010525 -0.0056742 -0.0025236 -0.0578953 -0.0044640 0.9983095
2466.375362 -0.0379073 -0.0011244 -0.0054573 -0.0121827 -0.0567816 -0.0055705 0.9982967
2469.725037 -0.0747398 0.0102960 -0.0088452 -0.1446192 -0.0526839 -0.0258551 0.9877455
2471.854879 -0.0914633 0.0113182 -0.0124642 -0.1643358 -0.0459583 -0.0291634 0.9849015
2471.955580 -0.0927889 0.0113612 -0.0127609 -0.1669540 -0.0457815 -0.0295955 0.9844565
2472.106039 -0.0939145 0.0118695 -0.0127502 -0.1708894 -0.0426774 -0.0302496 0.9839007
2472.356351 -0.0966282 0.0120214 -0.0134194 -0.1741985 -0.0431806 -0.0310016 0.9832748
2473.005933 -0.1007188 0.0118401 -0.0143342 -0.1710805 -0.0511273 -0.0291282 0.9834983
2473.355662 -0.1039523 0.0100630 -0.0150642 -0.1471969 -0.0562141 -0.0255402 0.9871782
2474.003090 -0.1076316 0.0070491 -0.0158032 -0.0965745 -0.0635717 -0.0191222 0.9931095
2474.102764 -0.1082122 0.0064244 -0.0159675 -0.0891688 -0.0644391 -0.0184149 0.9937593
2475.046588 -0.1142728 0.0027690 -0.0185965 -0.0306371 -0.0723600 -0.0119808 0.9968359
2475.145394 -0.1153813 0.0014582 -0.0187837 -0.0233830 -0.0736860 -0.0109679 0.9969471
2476.574374 -0.1241321 0.0021129 -0.0215547 -0.0173404 -0.0700882 -0.0093234 0.9973465
2476.824350 -0.1274067 0.0013061 -0.0227676 -0.0111329 -0.0715587 -0.0085010 0.9973381
2476.924340 -0.1274806 0.0009546 -0.0227870 -0.0094038 -0.0711957 -0.0081071 0.9973851
2477.174316 -0.1279086 0.0009397 -0.0232879 -0.0053130 -0.0707365 -0.0073460 0.9974539
2477.574277 -0.1287946 0.0015143 -0.0235148 -0.0072276 -0.0682585 -0.0074757 0.9976135
2477.674268 -0.1290253 0.0013996 -0.0235870 -0.0125897 -0.0675982 -0.0076909 0.9976035
2478.474190 -0.1364335 0.0058223 -0.0225682 -0.0705600 -0.0605576 -0.0149794 0.9955550
2478.674171 -0.1373274 0.0064074 -0.0242166 -0.0904815 -0.0556682 -0.0176061 0.9941852
2479.174122 -0.1388012 0.0100696 -0.0242814 -0.1360313 -0.0461949 -0.0247373 0.9893178
2480.074035 -0.1404779 0.0140177 -0.0252132 -0.2120560 -0.0411404 -0.0356465 0.9757403
2480.523992 -0.1396224 0.0169242 -0.0253049 -0.2424153 -0.0359055 -0.0413611 0.9686253
2480.923953 -0.1396592 0.0169489 -0.0255802 -0.2538663 -0.0349754 -0.0428589 0.9656562
2481.823866 -0.1398495 0.0169828 -0.0252950 -0.2517312 -0.0384501 -0.0413632 0.9661481
