2444.927438 0.0000000 0.0000000 0.0000000 -0.0000000 -0.0000000 -0.0000000 1.0000000
2449.476998 -0.0135121 0.0017738 0.0018346 -0.0248292 -0.0185880 -0.0007248 0.9995186
2449.526993 -0.0133934 0.0014146 0.0016463 -0.0235741 -0.0201081 -0.0012432 0.9995191
2450.926857 -0.0327041 0.0011071 0.0025508 -0.0122627 -0.0521852 -0.0243869 0.9982643
2451.226828 -0.0378064 0.0012246 0.0019564 -0.0116341 -0.0600498 -0.0306145 0.9976580
2451.776775 -0.0477568 0.0012269 0.0017860 -0.0110475 -0.0745774 -0.0393064 0.9963791
2452.076746 -0.0508523 0.0018837 0.0016761 -0.0089915 -0.0839622 -0.0418122 0.9955508
2452.226731 -0.0519284 0.0013423 0.0014766 -0.0081909 -0.0872978 -0.0435416 0.9951966
2452.726683 -0.0630930 0.0019497 -0.0014931 -0.0040069 -0.1023889 -0.0482471 0.9935656
2453.176639 -0.0729286 0.0040035 -0.0029631 -0.0095471 -0.1253855 -0.0596516 0.9902672
2453.476611 -0.0752969 0.0041265 -0.0030287 -0.0079770 -0.1298725 -0.0656026 0.9893259
2454.076552 -0.0825561 0.0056343 -0.0028057 -0.0087620 -0.1397973 -0.0758585 0.9872312
2455.726393 -0.1077383 0.0108257 -0.0080726 -0.0116848 -0.1790532 -0.1103473 0.9775617
2456.226344 -0.1129421 0.0119957 -0.0095321 -0.0123299 -0.1848610 -0.1197172 0.9753677
2456.676301 -0.1186823 0.0141550 -0.0101132 -0.0143068 -0.1902465 -0.1318745 0.9727336
2457.276243 -0.1318510 0.0182260 -0.0146805 -0.0181344 -0.2081682 -0.1462853 0.9669218
2457.576214 -0.1378071 0.0198485 -0.0171882 -0.0170643 -0.2193288 -0.1547028 0.9631566
2457.826189 -0.1426907 0.0220664 -0.0204189 -0.0162206 -0.2280543 -0.1627308 0.9598160
2457.976175 -0.1453802 0.0201024 -0.0247255 -0.0172386 -0.2309245 -0.1660138 0.9585490
2458.026170 -0.1463246 0.0205143 -0.0259586 -0.0167210 -0.2316768 -0.1661366 0.9583553
2458.476126 -0.1570929 0.0246579 -0.0323458 0.0036424 -0.2506040 -0.1764728 0.9518622
2458.576117 -0.1599898 0.0254730 -0.0339650 0.0074200 -0.2569089 -0.1777336 0.9499229
2459.031960 -0.1708116 0.0273673 -0.0419707 0.0378812 -0.2804281 -0.1824527 0.9416136
2459.136493 -0.1735703 0.0276958 -0.0443837 0.0454547 -0.2856877 -0.1827636 0.9396350
2459.489521 -0.1781062 0.0282142 -0.0488058 0.0721054 -0.3005067 -0.1814794 0.9335748
2459.594331 -0.1808453 0.0286642 -0.0509275 0.0787210 -0.3052337 -0.1819319 0.9314162
2460.701533 -0.1966581 0.0334406 -0.0639842 0.1377147 -0.3427807 -0.1789416 0.9118749
2460.852763 -0.1997137 0.0341449 -0.0674291 0.1450500 -0.3501489 -0.1789739 0.9079233
2462.451700 -0.2225685 0.0434447 -0.0857688 0.1958689 -0.3899620 -0.1739385 0.8827856
2462.701517 -0.2220746 0.0435023 -0.0860079 0.1943495 -0.3928982 -0.1741307 0.8817810
2464.938993 -0.2476190 0.0627304 -0.1152957 0.2036881 -0.4171708 -0.1731195 0.8686250
2464.987724 -0.2478396 0.0630815 -0.1157653 0.2072468 -0.4196533 -0.1713910 0.8669285
2465.875410 -0.2448405 0.0663635 -0.1198055 0.1777335 -0.4170184 -0.1866807 0.8715829
2465.925405 -0.2445405 0.0665308 -0.1196913 0.1753594 -0.4158683 -0.1879575 0.8723386
2466.425357 -0.2416795 0.0708322 -0.1240493 0.1410383 -0.4146603 -0.2040036 0.8755271
2466.525347 -0.2415165 0.0711768 -0.1244228 0.1326596 -0.4114541 -0.2083258 0.8773296
2466.775323 -0.2498960 0.0787816 -0.1266425 0.1163326 -0.3992578 -0.2202541 0.8823537
2467.025299 -0.2532598 0.0815490 -0.1307375 0.1047769 -0.3997442 -0.2267147 0.8819449
2469.625047 -0.2687060 0.1039218 -0.1470969 0.0327229 -0.3824441 -0.2659628 0.8842677
2469.875023 -0.2720500 0.1075054 -0.1487392 0.0298479 -0.3769144 -0.2688290 0.8858756
2470.280080 -0.2712978 0.1071629 -0.1522728 0.0217222 -0.3785953 -0.2710327 0.8847231
2470.686165 -0.2748137 0.1105508 -0.1547800 0.0215498 -0.3747389 -0.2721821 0.8860154
2470.943687 -0.2769894 0.1126843 -0.1579417 0.0212336 -0.3788733 -0.2718299 0.8843713
2472.055886 -0.2827174 0.1201345 -0.1661011 0.0121745 -0.3676725 -0.2772830 0.8875713
2472.905942 -0.2875215 0.1247044 -0.1732697 0.0056857 -0.3696385 -0.2802741 0.8858790
2473.155503 -0.2894732 0.1263348 -0.1756569 0.0111139 -0.3754216 -0.2770648 0.8844039
2473.653795 -0.2930773 0.1246550 -0.1814395 0.0502711 -0.3946230 -0.2564684 0.8808914
2473.953411 -0.2942232 0.1239220 -0.1840445 0.0664272 -0.4006226 -0.2483694 0.8794326
2475.438708 -0.3011254 0.1245174 -0.1996362 0.1443280 -0.4348905 -0.2073563 0.8643165
2476.724360 -0.3067051 0.1306326 -0.2095911 0.1403990 -0.4286522 -0.2076590 0.8679996
2476.924340 -0.3082015 0.1311443 -0.2115828 0.1442419 -0.4294068 -0.2058562 0.8674257
2477.024331 -0.3086725 0.1309810 -0.2116856 0.1450055 -0.4296729 -0.2054384 0.8672656
2477.424292 -0.3090513 0.1315103 -0.2127250 0.1501150 -0.4287745 -0.2024433 0.8675452
2477.574277 -0.3092285 0.1318364 -0.2133473 0.1461484 -0.4272796 -0.2042791 0.8685291
2477.924243 -0.3079233 0.1345591 -0.2160211 0.1284838 -0.4200988 -0.2137490 0.8725367
2478.274210 -0.3104384 0.1389350 -0.2174167 0.1074843 -0.4126844 -0.2254469 0.8759637
2478.674171 -0.3122987 0.1432126 -0.2186434 0.0772672 -0.3982138 -0.2417257 0.8814898
2479.174122 -0.3114021 0.1461904 -0.2204574 0.0391539 -0.3784987 -0.2621035 0.8868526
2479.374103 -0.3137151 0.1502711 -0.2189908 0.0238884 -0.3713258 -0.2714795 0.8876066
2480.424001 -0.3104910 0.1564133 -0.2166531 -0.0455468 -0.3417937 -0.3081442 0.8866509
2480.723972 -0.3104643 0.1575321 -0.2160555 -0.0590665 -0.3357392 -0.3150655 0.8857336
2481.823866 -0.3099899 0.1568351 -0.2165130 -0.0604629 -0.3384839 -0.3145482 0.8847781
