2469.725037 0.0000000 0.0000000 0.0000000 -0.0000000 -0.0000000 -0.0000000 1.0000000
2471.955580 -0.0201705 0.0017081 -0.0024002 -0.0226152 0.0057433 -0.0012385 0.9997270
2472.055886 -0.0214813 0.0012496 -0.0023749 -0.0247580 0.0069325 -0.0014053 0.9996685
2472.106039 -0.0215969 0.0020113 -0.0014859 -0.0269090 0.0088814 -0.0014674 0.9995974
2472.306356 -0.0242685 0.0020386 -0.0019715 -0.0299553 0.0086530 -0.0019509 0.9995119
2472.955937 -0.0293824 0.0012642 -0.0032296 -0.0295098 0.0017404 -0.0016771 0.9995616
2473.405519 -0.0333902 -0.0000223 -0.0039100 0.0018112 -0.0051685 0.0005409 0.9999849
2473.802477 -0.0356702 -0.0027373 -0.0051740 0.0324199 -0.0094973 0.0022271 0.9994267
2473.903416 -0.0365451 -0.0033397 -0.0059653 0.0398712 -0.0098438 0.0024781 0.9991533
2474.102764 -0.0384247 -0.0041696 -0.0061466 0.0566283 -0.0118423 0.0034266 0.9983192
2474.501066 -0.0417502 -0.0067114 -0.0087050 0.0820556 -0.0225190 0.0045533 0.9963629
2475.145394 -0.0457822 -0.0087419 -0.0099358 0.1229759 -0.0209604 0.0056081 0.9921724
2476.029050 -0.0546055 -0.0095293 -0.0121236 0.1393262 -0.0235307 0.0071989 0.9899408
2476.278176 -0.0535050 -0.0085568 -0.0127996 0.1312689 -0.0212406 0.0074884 0.9910910
2476.574374 -0.0567184 -0.0088475 -0.0125166 0.1284239 -0.0173396 0.0077947 0.9915372
2476.624369 -0.0578922 -0.0088279 -0.0130983 0.1294271 -0.0174846 0.0078091 0.9914040
2476.724360 -0.0586485 -0.0092643 -0.0122460 0.1321544 -0.0185551 0.0081073 0.9910223
2476.874345 -0.0594649 -0.0093393 -0.0125866 0.1357097 -0.0189203 0.0083397 0.9905329
2477.224311 -0.0613644 -0.0096848 -0.0124889 0.1418166 -0.0181652 0.0086441 0.9896885
2477.524282 -0.0640848 -0.0094623 -0.0125968 0.1396852 -0.0146557 0.0082032 0.9900535
2477.574277 -0.0644116 -0.0092688 -0.0127435 0.1383979 -0.0148861 0.0079019 0.9902333
2479.074132 -0.0749762 -0.0038100 -0.0116713 0.0172568 0.0058962 -0.0001393 0.9998337
2479.374103 -0.0772856 -0.0028339 -0.0119799 -0.0119135 0.0076378 -0.0028578 0.9998958
2480.523992 -0.0750015 0.0022052 -0.0117519 -0.1034436 0.0136992 -0.0100123 0.9944906
2481.423905 -0.0742383 0.0035349 -0.0113346 -0.1144961 0.0146818 -0.0112690 0.9932513
2481.823866 -0.0757091 0.0049312 -0.0096014 -0.1112047 0.0113875 -0.0107127 0.9936745
2481.873861 -0.0742615 0.0051096 -0.0095067 -0.1104493 0.0103663 -0.0099000 0.9937784
