2461.452330 0.0000000 0.0000000 0.0000000 -0.0000000 -0.0000000 -0.0000000 1.0000000
2462.701517 -0.0079696 -0.0012905 0.0002999 0.0398523 -0.0211240 -0.0029387 0.9989780
2462.801508 -0.0088644 -0.0011570 0.0004877 0.0400197 -0.0231458 -0.0028777 0.9989266
2463.101874 -0.0106711 -0.0011706 0.0002948 0.0383973 -0.0267608 -0.0034822 0.9988981
2463.999377 -0.0147985 -0.0012403 -0.0004152 0.0424553 -0.0353728 -0.0032740 0.9984667
2465.085364 -0.0232880 -0.0018091 -0.0024564 0.0618570 -0.0530757 -0.0020108 0.9966708
2465.381345 -0.0260505 -0.0014393 -0.0033656 0.0488571 -0.0561745 -0.0040099 0.9972168
2465.975400 -0.0286723 -0.0000976 -0.0028415 0.0198820 -0.0489216 -0.0077631 0.9985746
2467.025299 -0.0368095 0.0027801 -0.0045428 -0.0581134 -0.0501346 -0.0169300 0.9969066
2467.825221 -0.0403025 0.0044859 -0.0051771 -0.0887895 -0.0414337 -0.0220943 0.9949430
2468.625144 -0.0447685 0.0057192 -0.0056978 -0.1165151 -0.0504642 -0.0250139 0.9915906
2469.125095 -0.0459403 0.0062735 -0.0058495 -0.1305755 -0.0504901 -0.0265979 0.9897946
2469.675042 -0.0487869 0.0060155 -0.0065475 -0.1423959 -0.0529940 -0.0275122 0.9880072
2470.179004 -0.0511648 0.0064356 -0.0074148 -0.1509310 -0.0527459 -0.0288681 0.9867139
2470.686165 -0.0529767 0.0067406 -0.0075023 -0.1550052 -0.0494893 -0.0295117 0.9862319
2470.943687 -0.0548617 0.0067083 -0.0078861 -0.1541451 -0.0536929 -0.0287432 0.9861695
2472.106039 -0.0603590 0.0075364 -0.0088482 -0.1692600 -0.0426408 -0.0321657 0.9841231
2472.555779 -0.0625776 0.0077110 -0.0093528 -0.1734087 -0.0446053 -0.0327362 0.9832945
2473.055789 -0.0650117 0.0073599 -0.0100601 -0.1700951 -0.0509997 -0.0311108 0.9836152
2473.255651 -0.0660289 0.0070187 -0.0101859 -0.1574493 -0.0546473 -0.0288792 0.9855909
2473.504185 -0.0670402 0.0061164 -0.0104597 -0.1322526 -0.0585242 -0.0255709 0.9891564
2474.749304 -0.0719398 0.0022672 -0.0122401 -0.0419511 -0.0744837 -0.0148986 0.9962280
2475.537454 -0.0750093 0.0008805 -0.0131604 -0.0008401 -0.0769945 -0.0105295 0.9969756
2476.624369 -0.0795257 0.0015420 -0.0143027 -0.0149436 -0.0703195 -0.0110233 0.9973517
2476.924340 -0.0810375 0.0013145 -0.0146904 -0.0077227 -0.0712982 -0.0101070 0.9973739
2477.024331 -0.0809661 0.0014135 -0.0145248 -0.0066248 -0.0713966 -0.0098961 0.9973770
2477.324302 -0.0814393 0.0014164 -0.0146785 -0.0020878 -0.0699633 -0.0095390 0.9975018
2477.674268 -0.0830654 0.0020002 -0.0149879 -0.0108245 -0.0671118 -0.0106031 0.9976304
2477.874248 -0.0841010 0.0019857 -0.0157382 -0.0248102 -0.0646267 -0.0125266 0.9975224
2478.224214 -0.0854007 0.0030816 -0.0149811 -0.0479094 -0.0635579 -0.0148998 0.9967161
2478.824156 -0.0879701 0.0046723 -0.0154663 -0.1020793 -0.0506262 -0.0232174 0.9932159
2479.124127 -0.0884903 0.0059698 -0.0157424 -0.1290107 -0.0463854 -0.0275616 0.9901742
2479.824059 -0.0886777 0.0088667 -0.0155881 -0.1901674 -0.0425783 -0.0354961 0.9801854
2480.024040 -0.0889510 0.0091434 -0.0154785 -0.2078301 -0.0405510 -0.0380507 0.9765831
2480.274016 -0.0885609 0.0097284 -0.0161431 -0.2239431 -0.0389695 -0.0402556 0.9729905
2480.424001 -0.0882848 0.0100084 -0.0163337 -0.2345544 -0.0364867 -0.0424845 0.9704885
2480.723972 -0.0886938 0.0097532 -0.0162414 -0.2509740 -0.0347787 -0.0454542 0.9663004
