2461.802790 0.0000000 0.0000000 0.0000000 -0.0000000 -0.0000000 -0.0000000 1.0000000
2463.201508 -0.0078570 -0.0006876 0.0000442 0.0220893 -0.0161954 0.0015628 0.9996236
2463.301321 -0.0079709 -0.0006819 0.0000196 0.0218789 -0.0169650 0.0016510 0.9996153
2463.551494 -0.0080919 -0.0007786 -0.0001539 0.0234443 -0.0193865 0.0026028 0.9995338
2465.825415 -0.0250012 -0.0007227 -0.0031597 0.0119799 -0.0399380 -0.0013361 0.9991295
2466.075391 -0.0256755 -0.0002189 -0.0043072 -0.0025273 -0.0387589 -0.0019817 0.9992434
2466.275371 -0.0264208 0.0003393 -0.0059224 -0.0171421 -0.0461314 -0.0012585 0.9987875
2466.375362 -0.0263946 0.0004523 -0.0058120 -0.0268105 -0.0450185 -0.0028149 0.9986224
2470.075398 -0.0466986 0.0061959 -0.0070708 -0.1667281 -0.0423253 -0.0212784 0.9848642
2471.046304 -0.0516211 0.0066006 -0.0079803 -0.1700058 -0.0448376 -0.0212063 0.9841941
2471.804883 -0.0543185 0.0070764 -0.0087863 -0.1763808 -0.0381576 -0.0226645 0.9833210
2472.106039 -0.0562890 0.0073778 -0.0087495 -0.1858211 -0.0339185 -0.0245748 0.9816905
2472.256203 -0.0574749 0.0076531 -0.0088524 -0.1897643 -0.0331019 -0.0254916 0.9809403
2473.055789 -0.0607664 0.0071824 -0.0096309 -0.1866230 -0.0424780 -0.0231866 0.9812390
2473.105646 -0.0611559 0.0071375 -0.0097042 -0.1845591 -0.0435240 -0.0227957 0.9815926
2473.255651 -0.0620208 0.0067310 -0.0097155 -0.1741302 -0.0457513 -0.0210109 0.9834348
2473.355662 -0.0625383 0.0062959 -0.0098389 -0.1620621 -0.0472079 -0.0198595 0.9854506
2473.504185 -0.0630499 0.0057429 -0.0099073 -0.1489861 -0.0493290 -0.0180325 0.9874435
2474.102764 -0.0651391 0.0040858 -0.0103146 -0.1039980 -0.0549755 -0.0129459 0.9929726
2474.152601 -0.0654872 0.0036597 -0.0105529 -0.1024728 -0.0553463 -0.0128329 0.9931120
2475.438708 -0.0706940 0.0005603 -0.0126027 -0.0234692 -0.0677620 -0.0045970 0.9974148
2475.930244 -0.0730789 0.0002903 -0.0130746 -0.0164306 -0.0670856 -0.0031059 0.9976071
2476.824350 -0.0768362 0.0007252 -0.0138198 -0.0261659 -0.0617417 -0.0040696 0.9977409
2476.924340 -0.0769483 0.0006170 -0.0139632 -0.0243053 -0.0613506 -0.0034674 0.9978143
2477.474287 -0.0782525 0.0005479 -0.0141031 -0.0188453 -0.0578837 -0.0033098 0.9981400
2477.574277 -0.0784180 0.0003286 -0.0144102 -0.0226180 -0.0578332 -0.0033320 0.9980645
2477.674268 -0.0785413 0.0003948 -0.0147562 -0.0278199 -0.0571231 -0.0034845 0.9979734
2478.324205 -0.0807636 0.0020821 -0.0148972 -0.0729166 -0.0529214 -0.0078757 0.9959019
2478.574180 -0.0819181 0.0026165 -0.0161024 -0.0962598 -0.0497244 -0.0100029 0.9940631
2479.174122 -0.0836080 0.0042154 -0.0154202 -0.1520870 -0.0368999 -0.0188480 0.9874982
2480.074035 -0.0843950 0.0083583 -0.0158404 -0.2269659 -0.0326614 -0.0295803 0.9729053
2480.174026 -0.0843529 0.0082506 -0.0158410 -0.2353277 -0.0315887 -0.0307456 0.9709159
2480.623982 -0.0838925 0.0092225 -0.0160161 -0.2637302 -0.0275177 -0.0356152 0.9635459
2480.773967 -0.0840986 0.0092200 -0.0160597 -0.2676502 -0.0269899 -0.0361521 0.9624593
2481.823866 -0.0839542 0.0093869 -0.0161451 -0.2670963 -0.0305106 -0.0350453 0.9625490
