%YAML:1.0

#--------------------------------------------------------------------------------------------
# Camera Parameters. Adjust them!
#--------------------------------------------------------------------------------------------
File.version: "1.0"

Camera.type: "Rectified"

# Rectified Camera calibration (OpenCV)
# ORB-SLAM2
Camera1.fx: 539.8754
Camera1.fy: 538.4862
Camera1.cx: 320.8488
Camera1.cy: 239.3972

Camera1.k1: 0.0
Camera1.k2: 0.0
Camera1.p1: 0.0
Camera1.p2: 0.0

Stereo.b: 0.0898884938

# Camera resolution
Camera.width: 640
Camera.height: 480

# Camera frames per second 
Camera.fps: 20

# Color order of the images (0: BGR, 1: RGB. It is ignored if images are grayscale)
Camera.RGB: 1

# Close/Far threshold. Baseline times.
Stereo.ThDepth: 35.0


# Transformation from body-frame (imu) to left camera
IMU.T_b_c1: !!opencv-matrix
   rows: 4
   cols: 4
   dt: f
   #data: [-0.9995250378696743, 0.0075019185074052044, -0.02989013031643309, 0.045574835649698026, 
   #       0.029615343885863205, -0.03439736061393144, -0.998969345370175, -0.071161801837997044,
   #      -0.008522328211654736, -0.9993800792498829, 0.03415885127385616, -0.044681254117144367,
   #       0.0, 0.0, 0.0, 1.0]
   #data: [0.0066, -0.4742, 0.8804, 0.2100,
   #      -1.0000, -0.0080, 0.0031, 0.0450,
   #      -1.0000, -0.0080, 0.0031, 0.0800,
   #      0.0, 0.0, 0.0, 1.0000]
   data: [0.0065608, -0.4741965, 0.8803946, 0.2100,
         -0.9999630, -0.0080112, 0.0031369, 0.0450,
         0.0055655, -0.8803826, -0.4742315, 0.0800,
         0.0, 0.0, 0.0, 1.0000]
         

# IMU noise (Use those from VINS-mono)
IMU.NoiseGyro: 0.00016 # 0.004 (VINS) # 0.00016 (TUM) # 0.00016    # rad/s^0.5 
IMU.NoiseAcc: 0.0028 # 0.04 (VINS) # 0.0028 (TUM) # 0.0028     # m/s^1.5
IMU.GyroWalk: 0.000022 # 0.000022 (VINS and TUM) rad/s^1.5
IMU.AccWalk: 0.00086 # 0.0004 (VINS) # 0.00086 # 0.00086    # m/s^2.5
IMU.Frequency: 100.0

#--------------------------------------------------------------------------------------------
# ORB Parameters
#--------------------------------------------------------------------------------------------

# ORB Extractor: Number of features per image
#ORBextractor.nFeatures: 1000 # Tested with 1250
ORBextractor.nFeatures: 1200 # Tested with 1250

# ORB Extractor: Scale factor between levels in the scale pyramid 	
ORBextractor.scaleFactor: 1.2

# ORB Extractor: Number of levels in the scale pyramid	
ORBextractor.nLevels: 8

# ORB Extractor: Fast threshold
# Image is divided in a grid. At each cell FAST are extracted imposing a minimum response.
# Firstly we impose iniThFAST. If no corners are detected we impose a lower value minThFAST
# You can lower these values if your images have low contrast			
ORBextractor.iniThFAST: 20
ORBextractor.minThFAST: 7

#--------------------------------------------------------------------------------------------
# Viewer Parameters
#--------------------------------------------------------------------------------------------
Viewer.KeyFrameSize: 0.05
Viewer.KeyFrameLineWidth: 1.0
Viewer.GraphLineWidth: 0.9
Viewer.PointSize: 2.0
Viewer.CameraSize: 0.08
Viewer.CameraLineWidth: 3.0
Viewer.ViewpointX: 0.0
Viewer.ViewpointY: -0.7
Viewer.ViewpointZ: -3.5
Viewer.ViewpointF: 500.0
