%YAML:1.0

#--------------------------------------------------------------------------------------------
# System config
#--------------------------------------------------------------------------------------------

# When the variables are commented, the system doesn't load a previous session or not store the current one

# If the LoadFile doesn't exist, the system give a message and create a new Atlas from scratch
#System.LoadAtlasFromFile: "Session_MH01_MH02_MH03_Stereo60_Pseudo"

# The store file is created from the current session, if a file with the same name exists it is deleted
#System.SaveAtlasToFile: "Session_MH01_MH02_MH03_Stereo60_Pseudo"

#--------------------------------------------------------------------------------------------
# Camera Parameters. Adjust them!
#--------------------------------------------------------------------------------------------
File.version: "1.0"

Camera.type: "PinHole"

# Camera calibration and distortion parameters (OpenCV) 
Camera1.fx: 515.5282
Camera1.fy: 607.9735
Camera1.cx: 315.2005
Camera1.cy: 206.0635

Camera1.k1: -0.11566634307511932
Camera1.k2: 0.08987699968528752
Camera1.p1: -0.0005582794020918663
Camera1.p2: -0.0018357664315637888

Camera2.fx: 514.6367
Camera2.fy: 606.3457
Camera2.cx: 311.2807
Camera2.cy: 235.0316

Camera2.k1: -0.12488375896406986
Camera2.k2: 0.10256449638718221
Camera2.p1: 0.00036679194033630247
Camera2.p2: 0.00021222103272629827

Camera.width: 640
Camera.height: 480

# Camera frames per second 
Camera.fps: 25

# Color order of the images (0: BGR, 1: RGB. It is ignored if images are grayscale)
Camera.RGB: 1

Stereo.ThDepth: 30.0
Stereo.T_c1_c2: !!opencv-matrix
  rows: 4
  cols: 4
  dt: f
  #data: [0.99816375,-0.06015421,0.00711366,-0.25424256,
  #       0.06024647, 0.99809147, -0.0135566, -0.01062712,
  #       -0.0062846, 0.01396028, 0.9998828, 0.000886,
  #       0,0,0,1.000000000000000]
  data: [0.9982, 0.0602, -0.0063, 0.2544,
         -0.0602, 0.9981, 0.0140, -0.0047,
         0.0071, -0.0136, 0.9999, 0.0008,
         0, 0, 0, 1.0000]

# Transformation from body-frame (imu) to left camera
#IMU.T_b_c1: !!opencv-matrix
#   rows: 4
#   cols: 4
#   dt: f
#   data: [-0.9996891, -0.02432124, 0.00549368, 0.11425323,
#         0.02437282, -0.99965755, 0.00952638, -0.01321843,
#         0.0052601, 0.00965731, 0.99993953, -0.03159609,
#         0.0, 0.0, 0.0, 1.0000]

         
# Transformation from camera 0 to body-frame (imu)
IMU.T_b_c1: !!opencv-matrix
  rows: 4
  cols: 4
  dt: f
  data: [-0.9996891, 0.02437282, 0.0052601, 0.11470608,
         -0.02432124, -0.99965755, 0.00965731, -0.01012999,
         0.00549368, 0.00952638, 0.99993953, 0.03109243,
         0.0, 0.0, 0.0, 1.0]

         

# IMU noise (Use those from VINS-mono)
IMU.NoiseGyro: 0.004 #(VINS) # 0.00016 (TUM) # 0.00016    # rad/s^0.5 
IMU.NoiseAcc: 0.04 #(VINS) # 0.0028 (TUM) # 0.0028     # m/s^1.5
IMU.GyroWalk: 0.000022 #(VINS and TUM) rad/s^1.5
IMU.AccWalk: 0.0004 #(VINS) # 0.00086 # 0.00086    # m/s^2.5
IMU.Frequency: 250.0


#--------------------------------------------------------------------------------------------
# ORB Parameters
#--------------------------------------------------------------------------------------------

# ORB Extractor: Number of features per image
ORBextractor.nFeatures: 1200

# ORB Extractor: Scale factor between levels in the scale pyramid 	
ORBextractor.scaleFactor: 1.2

# ORB Extractor: Number of levels in the scale pyramid	
ORBextractor.nLevels: 8

# ORB Extractor: Fast threshold
# Image is divided in a grid. At each cell FAST are extracted imposing a minimum response.
# Firstly we impose iniThFAST. If no corners are detected we impose a lower value minThFAST
# You can lower these values if your images have low contrast			
ORBextractor.iniThFAST: 20
ORBextractor.minThFAST: 7

#--------------------------------------------------------------------------------------------
# Viewer Parameters
#--------------------------------------------------------------------------------------------
Viewer.KeyFrameSize: 0.05
Viewer.KeyFrameLineWidth: 1.0
Viewer.GraphLineWidth: 0.9
Viewer.PointSize: 2.0
Viewer.CameraSize: 0.08
Viewer.CameraLineWidth: 3.0
Viewer.ViewpointX: 0.0
Viewer.ViewpointY: -0.7
Viewer.ViewpointZ: -1.8
Viewer.ViewpointF: 500.0
Viewer.imageViewScale: 1.0

