371.851572 0.0000000 0.0000000 0.0000000 -0.0000000 -0.0000000 -0.0000000 1.0000000
372.001557 -0.0284381 -0.0008302 0.0029103 -0.0000970 -0.0003198 0.0000857 0.9999999
372.051553 -0.0287397 -0.0006905 0.0022670 -0.0001246 -0.0028712 0.0002010 0.9999959
372.151543 -0.0428508 -0.0001853 0.0014326 -0.0000610 -0.0043845 0.0002880 0.9999903
373.351427 -0.2164046 0.0035391 0.0100781 0.0019736 -0.0157010 0.0016708 0.9998734
373.851378 -0.3090751 0.0018361 0.0079978 0.0028990 -0.0149179 0.0019303 0.9998826
374.001364 -0.3340238 0.0041881 0.0111782 0.0031414 -0.0218899 0.0017864 0.9997539
374.101354 -0.3527316 0.0029952 0.0089177 0.0020993 -0.0212497 0.0013315 0.9997711
374.751291 -0.4659713 0.0047613 0.0134658 0.0004040 -0.0372667 -0.0004360 0.9993052
375.551214 -0.5680590 0.0018420 0.0049610 0.0005377 -0.0285051 -0.0000967 0.9995935
375.701199 -0.5679502 0.0012946 0.0046693 -0.0000694 -0.0303461 0.0006994 0.9995392
376.801093 -0.6860267 0.0006651 0.0012002 -0.0011867 -0.0327399 -0.0002807 0.9994632
376.901083 -0.6849668 0.0004652 0.0010780 -0.0012294 -0.0382567 0.0003106 0.9992672
377.701006 -0.8908076 -0.0018815 0.0009792 -0.0006165 0.0026612 0.0040288 0.9999881
378.000976 -0.8925257 -0.0013774 -0.0035756 -0.0009941 0.0011848 0.0046219 0.9999881
378.350943 -0.8946241 0.0001120 -0.0112689 -0.0015697 -0.0085512 0.0029304 0.9999579
378.550923 -0.8979887 0.0026317 -0.0216351 -0.0018440 -0.0166731 0.0022265 0.9998568
378.700909 -0.8987627 0.0037486 -0.0266769 -0.0017380 -0.0241626 0.0008591 0.9997062
379.050875 -0.9026015 0.0067314 -0.0414979 -0.0017198 -0.0356830 -0.0008750 0.9993613
379.100870 -0.9035513 0.0073475 -0.0449885 -0.0016189 -0.0378251 -0.0010672 0.9992825
379.300851 -0.9020269 0.0074603 -0.0436911 -0.0013726 -0.0490128 -0.0020745 0.9987951
379.450836 -0.9010954 0.0078207 -0.0462584 -0.0015402 -0.0563489 -0.0020420 0.9984078
379.750807 -0.9718470 0.0025304 -0.0617408 -0.0031054 -0.0525332 -0.0038076 0.9986071
380.200763 -0.9793370 0.0004753 -0.0524902 -0.0036574 -0.0721586 -0.0030437 0.9973818
380.250759 -0.9790937 0.0001558 -0.0528505 -0.0036889 -0.0747421 -0.0021516 0.9971938
380.400744 -0.9817578 0.0001923 -0.0495558 -0.0039564 -0.0820036 -0.0017733 0.9966226
380.700715 -1.0289810 0.0028621 -0.0687572 -0.0045050 -0.0851267 -0.0012206 0.9963592
380.750710 -1.0288577 0.0029474 -0.0683141 -0.0041872 -0.0894868 -0.0007988 0.9959789
381.150671 -1.0910134 0.0042513 -0.0845448 -0.0048031 -0.0948502 -0.0003749 0.9954799
381.300657 -1.0921215 0.0068199 -0.0955021 -0.0063441 -0.1026959 0.0009835 0.9946921
381.350652 -1.0918651 0.0064805 -0.0956232 -0.0070352 -0.1038331 0.0011991 0.9945692
381.500638 -1.0907272 0.0054491 -0.0935338 -0.0092161 -0.1036671 0.0033778 0.9945636
381.550633 -1.0911852 0.0048380 -0.0936170 -0.0108487 -0.1041571 0.0058432 0.9944845
381.600628 -1.0904148 0.0041256 -0.0923137 -0.0125369 -0.1064168 0.0097498 0.9941948
381.650623 -1.0886878 0.0034610 -0.0917737 -0.0139203 -0.1086078 0.0146849 0.9938787
381.700618 -1.0886961 0.0027791 -0.0906841 -0.0163075 -0.1124186 0.0226335 0.9932693
381.800609 -1.0776863 -0.0021581 -0.0746331 -0.0190803 -0.1227720 0.0291939 0.9918219
