371.851572 0.0000000 0.0000000 0.0000000 -0.0000000 -0.0000000 -0.0000000 1.0000000
372.001557 -0.0170037 -0.0010684 0.0004460 -0.0003241 -0.0015419 -0.0000164 0.9999987
372.051553 -0.0217804 -0.0005605 0.0004622 -0.0001352 -0.0023706 0.0002675 0.9999971
372.201538 -0.0354195 0.0001293 0.0005705 0.0000206 -0.0046049 0.0001062 0.9999894
372.901470 -0.1061744 -0.0007593 -0.0001515 0.0001263 -0.0066957 0.0001824 0.9999776
373.601402 -0.1901237 -0.0000351 -0.0036933 0.0010568 -0.0053736 0.0013291 0.9999841
374.001364 -0.2489221 -0.0002102 -0.0013687 0.0012467 -0.0161749 0.0012940 0.9998676
374.101354 -0.2637756 0.0010070 -0.0011273 0.0011781 -0.0149767 0.0012563 0.9998864
374.201344 -0.2780623 0.0000837 -0.0010629 0.0003507 -0.0161227 0.0008243 0.9998696
375.701199 -0.4331626 0.0002298 -0.0032654 -0.0006185 -0.0167316 0.0000389 0.9998599
376.001170 -0.4580398 0.0007426 -0.0022718 -0.0002032 -0.0232498 0.0002002 0.9997297
376.601112 -0.5000588 0.0014414 -0.0018223 -0.0012749 -0.0169346 0.0003144 0.9998558
376.701102 -0.5056764 0.0018373 -0.0011394 -0.0009218 -0.0186022 0.0001260 0.9998266
376.801093 -0.5089409 0.0025641 0.0012098 -0.0002605 -0.0233982 0.0001922 0.9997262
377.900986 -0.6580593 -0.0006802 -0.0024036 -0.0008395 0.0133486 0.0063106 0.9998907
377.950981 -0.6581742 -0.0007040 -0.0025156 -0.0009812 0.0128160 0.0068453 0.9998940
378.750904 -0.6558205 0.0001491 -0.0061799 -0.0021350 -0.0188573 0.0004797 0.9998198
378.850894 -0.6610364 0.0018143 -0.0150338 -0.0020018 -0.0224041 0.0009603 0.9997466
379.050875 -0.6607039 0.0021783 -0.0162581 -0.0017495 -0.0283429 -0.0000986 0.9995967
379.150865 -0.6602249 0.0022106 -0.0169208 -0.0016597 -0.0336955 -0.0006237 0.9994306
379.500831 -0.7218297 0.0008894 -0.0267497 -0.0030808 -0.0266297 -0.0002365 0.9996406
379.950788 -0.7113279 -0.0003126 -0.0191276 -0.0027804 -0.0583683 -0.0015292 0.9982901
380.200763 -0.7196798 0.0004039 -0.0220521 -0.0028153 -0.0633376 -0.0020935 0.9979860
380.250759 -0.7224977 0.0008673 -0.0214890 -0.0025480 -0.0639465 -0.0018572 0.9979483
380.450739 -0.7224709 0.0010888 -0.0225207 -0.0026444 -0.0757814 -0.0025054 0.9971178
380.550730 -0.7222646 0.0007138 -0.0210883 -0.0031155 -0.0811759 -0.0010723 0.9966944
381.300657 -0.7190323 -0.0011470 -0.0138384 -0.0058557 -0.1245310 -0.0022499 0.9921959
381.450642 -0.7184133 -0.0016757 -0.0134444 -0.0078053 -0.1260664 0.0004413 0.9919910
381.550633 -0.7175310 -0.0028673 -0.0106246 -0.0103842 -0.1273181 0.0042322 0.9917985
381.600628 -0.7175502 -0.0033492 -0.0106277 -0.0121006 -0.1285809 0.0079525 0.9915933
381.650623 -0.7170346 -0.0039770 -0.0097968 -0.0137379 -0.1307830 0.0128922 0.9912320
381.700618 -0.7182301 -0.0038081 -0.0056135 -0.0157373 -0.1346832 0.0222397 0.9905141
