371.851572 0.0000000 0.0000000 0.0000000 -0.0000000 -0.0000000 -0.0000000 1.0000000
372.001557 -0.0162573 -0.0002793 -0.0001109 -0.0000705 -0.0022843 0.0001353 0.9999974
372.051553 -0.0206479 -0.0004714 0.0010333 -0.0000684 -0.0036237 0.0002207 0.9999934
372.201538 -0.0347391 0.0002910 0.0014513 0.0000589 -0.0061194 0.0002914 0.9999813
373.401422 -0.1676773 0.0016510 0.0048533 0.0017369 -0.0151552 0.0000433 0.9998837
373.851378 -0.2359781 0.0013144 0.0042575 0.0026779 -0.0142408 0.0011278 0.9998944
374.051359 -0.2610866 0.0026607 0.0055057 0.0023737 -0.0201343 0.0007392 0.9997942
374.701296 -0.3532173 0.0031372 0.0075826 0.0001550 -0.0369370 -0.0011829 0.9993169
374.951272 -0.3800505 0.0012948 0.0045225 -0.0000224 -0.0261594 0.0000421 0.9996578
375.701199 -0.4407570 0.0009634 0.0004030 -0.0002814 -0.0253418 -0.0006352 0.9996786
376.351136 -0.4958909 0.0027764 0.0029100 0.0003212 -0.0344981 -0.0007934 0.9994044
376.701102 -0.5168527 0.0057844 0.0017335 0.0010382 -0.0275500 -0.0010531 0.9996194
376.801093 -0.5208192 0.0047645 0.0009506 0.0006312 -0.0319727 -0.0009012 0.9994882
377.751001 -0.5973959 0.0011123 -0.0052850 -0.0003785 -0.0241387 0.0001326 0.9997085
377.900986 -0.6051366 0.0016382 -0.0086168 -0.0004357 -0.0214453 -0.0004467 0.9997698
378.350943 -0.6561923 0.0024032 -0.0149966 -0.0011816 -0.0150710 0.0001697 0.9998857
378.400938 -0.6564255 0.0025284 -0.0161486 -0.0014739 -0.0166943 0.0000244 0.9998596
378.800899 -0.6626636 0.0046725 -0.0277680 -0.0016072 -0.0349867 -0.0007967 0.9993862
378.850894 -0.6637157 0.0048811 -0.0293644 -0.0016922 -0.0367572 -0.0003223 0.9993228
379.500831 -0.7275290 0.0002933 -0.0323621 -0.0030787 -0.0422670 -0.0014767 0.9991005
380.050778 -0.7732493 0.0004756 -0.0385524 -0.0029966 -0.0563400 -0.0025161 0.9984040
380.100773 -0.7726344 0.0008778 -0.0366883 -0.0026404 -0.0582800 -0.0015708 0.9982955
380.150768 -0.7752979 0.0008828 -0.0358826 -0.0027548 -0.0583731 -0.0019689 0.9982891
380.950691 -0.8700719 0.0036091 -0.0595934 -0.0034131 -0.0689899 -0.0002042 0.9976115
381.050681 -0.8690808 0.0031560 -0.0586055 -0.0042356 -0.0718016 0.0014835 0.9974089
381.200667 -0.8687274 0.0022815 -0.0560030 -0.0049286 -0.0848744 0.0025760 0.9963762
381.450642 -0.8692498 0.0019641 -0.0589048 -0.0079450 -0.0886746 0.0049782 0.9960166
381.500638 -0.8687299 -0.0003469 -0.0583178 -0.0094157 -0.0892119 0.0080005 0.9959360
381.550633 -0.8697436 -0.0014036 -0.0614360 -0.0106991 -0.0899501 0.0122665 0.9958133
381.600628 -0.8697419 -0.0028055 -0.0645546 -0.0126523 -0.0921050 0.0174328 0.9955163
381.650623 -0.8749215 -0.0025241 -0.0677619 -0.0134953 -0.0911291 0.0226686 0.9954896
381.700618 -0.8796732 -0.0036435 -0.0673725 -0.0165243 -0.0941890 0.0300617 0.9949632
381.800609 -0.8872491 -0.0035931 -0.0707043 -0.0171226 -0.0983214 0.0364476 0.9943396
