371.851572 0.0000000 0.0000000 0.0000000 -0.0000000 -0.0000000 -0.0000000 1.0000000
372.001557 -0.0289408 -0.0011764 0.0049855 0.0000165 0.0005269 0.0002631 0.9999998
372.051553 -0.0299829 -0.0008458 0.0034884 0.0000228 -0.0017817 0.0001994 0.9999984
372.201538 -0.0344710 0.0006229 -0.0037803 -0.0000454 -0.0073207 -0.0002127 0.9999732
373.051456 -0.1501347 0.0021525 0.0022648 0.0012164 -0.0092490 0.0003516 0.9999564
373.401422 -0.1982703 0.0019428 0.0027076 0.0017588 -0.0137119 0.0004427 0.9999044
373.701393 -0.2486381 0.0017801 0.0005364 0.0023097 -0.0093541 0.0012545 0.9999528
373.801383 -0.2668830 0.0020514 -0.0009533 0.0026685 -0.0117909 0.0015491 0.9999257
374.251339 -0.3439421 0.0025993 0.0019039 0.0014208 -0.0207565 0.0010634 0.9997830
374.851281 -0.4403126 0.0039975 0.0021460 0.0006439 -0.0275092 -0.0004523 0.9996213
376.051165 -0.5611732 0.0037338 0.0003149 0.0010144 -0.0260813 0.0001119 0.9996594
376.401131 -0.5944357 0.0029355 -0.0000465 -0.0001974 -0.0297488 -0.0002005 0.9995574
376.801093 -0.6231036 0.0043983 -0.0004596 0.0001692 -0.0262313 -0.0007724 0.9996556
376.901083 -0.6295058 0.0053033 -0.0003207 0.0006443 -0.0288905 0.0001238 0.9995824
378.450933 -0.7983874 0.0034285 -0.0208551 -0.0014640 -0.0079088 0.0009989 0.9999672
378.650914 -0.8111588 0.0041936 -0.0212829 -0.0014719 -0.0147218 0.0001830 0.9998906
378.800899 -0.8133757 0.0039173 -0.0180021 -0.0012543 -0.0212513 0.0009503 0.9997729
379.100870 -0.8404760 0.0040515 -0.0238061 -0.0015305 -0.0246148 -0.0000940 0.9996958
379.650817 -0.9034263 0.0003330 -0.0346482 -0.0028373 -0.0325478 -0.0007779 0.9994659
380.150768 -0.9394752 0.0022359 -0.0347322 -0.0021047 -0.0464686 -0.0011564 0.9989169
380.200763 -0.9412450 0.0017501 -0.0348524 -0.0023847 -0.0477511 -0.0012859 0.9988556
380.250759 -0.9463328 0.0025858 -0.0366624 -0.0022989 -0.0482885 -0.0014583 0.9988297
380.950691 -0.9602608 0.0033491 -0.0364054 -0.0023263 -0.0842701 -0.0043382 0.9964308
381.050681 -0.9583392 0.0026389 -0.0348721 -0.0030460 -0.0880466 -0.0012862 0.9961109
381.450642 -0.9532609 -0.0010967 -0.0269471 -0.0076708 -0.1067242 0.0016902 0.9942577
381.500638 -0.9521466 -0.0023291 -0.0249558 -0.0089155 -0.1073531 0.0042589 0.9941719
381.550633 -0.9509014 -0.0035738 -0.0225235 -0.0105642 -0.1083659 0.0059497 0.9940372
381.600628 -0.9500715 -0.0049373 -0.0217565 -0.0122741 -0.1106319 0.0094839 0.9937404
381.650623 -0.9496582 -0.0059503 -0.0213262 -0.0137420 -0.1118977 0.0144004 0.9935204
381.750613 -0.9515113 -0.0063265 -0.0111022 -0.0163664 -0.1199502 0.0292893 0.9922128
381.800609 -0.9490465 -0.0060221 -0.0115181 -0.0172761 -0.1237228 0.0307413 0.9916901
