369.201828 0.0000000 0.0000000 0.0000000 -0.0000000 -0.0000000 -0.0000000 1.0000000
369.601790 -0.0077985 0.0002231 -0.0006467 -0.0007215 0.0078474 -0.0002471 0.9999689
369.651785 -0.0094592 0.0003663 -0.0005646 -0.0008022 0.0072863 -0.0000078 0.9999731
369.751775 -0.0148324 0.0000903 -0.0003342 -0.0017007 0.0081250 -0.0001608 0.9999655
370.301722 -0.0488588 0.0003010 -0.0008070 -0.0015511 0.0069064 0.0012005 0.9999743
370.751678 -0.0685749 -0.0000077 0.0003946 -0.0020715 0.0155258 0.0011369 0.9998767
370.951659 -0.0753574 0.0002675 0.0004213 -0.0020665 0.0207302 0.0010202 0.9997824
371.251630 -0.0888756 0.0002803 0.0002136 -0.0021559 0.0242893 0.0013292 0.9997018
371.701586 -0.1113976 0.0002816 0.0014583 -0.0021569 0.0174935 0.0018297 0.9998430
372.151543 -0.1300618 0.0002950 0.0021800 -0.0019968 0.0153771 0.0022549 0.9998773
372.351523 -0.1379086 0.0002517 0.0029326 -0.0020459 0.0139182 0.0021945 0.9998987
372.951465 -0.1639438 -0.0001907 0.0029672 -0.0021311 0.0133896 0.0022194 0.9999056
373.751388 -0.2049778 -0.0002859 0.0036836 -0.0006953 0.0133057 0.0031440 0.9999063
374.001364 -0.2197556 -0.0003294 0.0049162 -0.0010092 0.0054311 0.0027970 0.9999809
374.251339 -0.2335913 -0.0004385 0.0055595 -0.0021758 0.0036084 0.0028253 0.9999872
374.651301 -0.2559179 -0.0004733 0.0074096 -0.0038583 -0.0123264 0.0018563 0.9999149
374.751291 -0.2610004 -0.0003268 0.0077024 -0.0041892 -0.0064909 0.0018570 0.9999685
374.851281 -0.2649431 -0.0004334 0.0075286 -0.0035399 -0.0033577 0.0022404 0.9999856
376.151156 -0.3095319 -0.0006953 0.0089323 -0.0032857 -0.0003513 0.0030820 0.9999898
376.801093 -0.3276097 -0.0006784 0.0094614 -0.0041216 0.0015938 0.0028598 0.9999862
376.901083 -0.3299516 -0.0007839 0.0100600 -0.0039334 -0.0005254 0.0029213 0.9999878
377.151059 -0.3375315 -0.0008460 0.0091711 -0.0032574 0.0011362 0.0032636 0.9999887
378.400938 -0.3842510 -0.0008649 0.0092925 -0.0046242 0.0232029 0.0029228 0.9997159
378.600918 -0.3922534 -0.0009499 0.0098482 -0.0051787 0.0204510 0.0026505 0.9997739
378.800899 -0.3996058 -0.0009522 0.0101670 -0.0049444 0.0185136 0.0028907 0.9998122
379.050875 -0.4103199 -0.0009645 0.0100434 -0.0049269 0.0202499 0.0028689 0.9997787
379.250855 -0.4202305 -0.0011959 0.0095061 -0.0053166 0.0188171 0.0031838 0.9998037
379.400841 -0.4257059 -0.0011455 0.0095063 -0.0052086 0.0181300 0.0030542 0.9998174
379.750807 -0.4406908 -0.0012471 0.0094558 -0.0045756 0.0141810 0.0033367 0.9998834
380.050778 -0.4506493 -0.0014871 0.0109649 -0.0044260 0.0081478 0.0034337 0.9999511
380.550730 -0.4654809 -0.0013695 0.0124327 -0.0054608 -0.0000075 0.0048430 0.9999734
380.650720 -0.4699889 -0.0014498 0.0120365 -0.0060799 -0.0003533 0.0057273 0.9999651
381.050681 -0.4858023 -0.0019024 0.0128544 -0.0062338 -0.0071684 0.0094482 0.9999102
381.250662 -0.4933502 -0.0019375 0.0133543 -0.0073519 -0.0156511 0.0095904 0.9998045
381.600628 -0.5026363 -0.0021043 0.0122469 -0.0134922 -0.0084684 0.0189066 0.9996943
381.900599 -0.5146821 -0.0044963 0.0091557 -0.0153423 -0.0143575 0.0441802 0.9988026
382.100580 -0.5280055 -0.0148647 0.0107604 -0.0060817 -0.0211486 0.0508304 0.9984648
382.250565 -0.5409870 -0.0191961 0.0129023 -0.0033530 -0.0149966 0.0459983 0.9988233
382.350555 -0.5491487 -0.0201229 0.0145763 -0.0056564 -0.0135549 0.0472769 0.9987738
382.450546 -0.5568286 -0.0196955 0.0161990 -0.0083785 -0.0090633 0.0439643 0.9989569
382.750517 -0.5813807 -0.0207729 0.0211121 -0.0025645 -0.0054477 0.0485542 0.9988024
382.850507 -0.5913006 -0.0209916 0.0234339 -0.0028876 -0.0056334 0.0459285 0.9989247
382.950497 -0.5991812 -0.0211784 0.0264143 -0.0060331 -0.0080780 0.0534735 0.9985183
384.150381 -0.6102390 -0.0141177 0.0254462 0.0168966 -0.0393586 0.0699272 0.9966322
387.350071 -0.6102099 -0.0159763 0.0262932 0.0214568 -0.0443575 0.0705173 0.9962928
387.750033 -0.6101538 -0.0159342 0.0264520 0.0214142 -0.0443086 0.0702363 0.9963157
389.149897 -0.6103739 -0.0159780 0.0261264 0.0214106 -0.0440105 0.0703460 0.9963213
391.249694 -0.6104553 -0.0159208 0.0259976 0.0214526 -0.0442658 0.0711391 0.9962528
398.249016 -0.6107306 -0.0156537 0.0254802 0.0216638 -0.0443073 0.0712991 0.9962349
