371.851572 0.0000000 0.0000000 0.0000000 -0.0000000 -0.0000000 -0.0000000 1.0000000
372.001557 -0.0205535 -0.0005429 0.0012905 -0.0000118 -0.0009922 0.0002153 0.9999995
372.051553 -0.0207817 -0.0003478 0.0003670 -0.0000033 -0.0034409 0.0003776 0.9999940
372.201538 -0.0393191 -0.0002966 0.0024892 -0.0000373 -0.0045630 0.0002712 0.9999896
373.601402 -0.2068810 0.0013411 0.0019248 0.0022112 -0.0053958 0.0016585 0.9999816
373.701393 -0.2239366 0.0003130 0.0017518 0.0021274 -0.0065305 0.0016623 0.9999751
374.051359 -0.2798702 0.0021570 0.0037770 0.0024247 -0.0137233 0.0019217 0.9999011
374.201344 -0.3049335 0.0018373 0.0042700 0.0015322 -0.0144410 0.0011731 0.9998939
375.551214 -0.4642978 0.0019038 0.0062195 0.0010179 -0.0171007 0.0012673 0.9998525
375.601209 -0.4656589 0.0020600 0.0061501 0.0009049 -0.0156339 0.0015392 0.9998762
375.701199 -0.4718849 0.0012319 0.0041411 0.0004328 -0.0151376 0.0016059 0.9998841
376.401131 -0.5333398 0.0003917 0.0070731 -0.0004056 -0.0230753 0.0020847 0.9997315
377.950981 -0.6988589 -0.0015086 0.0084898 -0.0002159 0.0121373 0.0047526 0.9999150
378.300947 -0.7031310 0.0003159 -0.0012970 -0.0007345 0.0029664 0.0034128 0.9999895
378.400938 -0.7076481 0.0012437 -0.0077449 -0.0011178 0.0009864 0.0041410 0.9999903
378.750904 -0.7105752 0.0050694 -0.0251296 -0.0011365 -0.0158648 0.0022220 0.9998710
378.900889 -0.7119108 0.0053318 -0.0258860 -0.0011707 -0.0206870 0.0018454 0.9997836
379.100870 -0.7108037 0.0055996 -0.0268820 -0.0009320 -0.0271774 -0.0006420 0.9996300
379.300851 -0.7015875 0.0024489 -0.0313906 -0.0024196 -0.0398272 -0.0035382 0.9991974
379.500831 -0.7109614 0.0051832 -0.0260920 -0.0007110 -0.0451426 -0.0043782 0.9989707
379.750807 -0.7162307 0.0024000 -0.0202849 -0.0015321 -0.0593021 -0.0043500 0.9982294
380.100773 -0.7221987 0.0010663 -0.0103776 -0.0015834 -0.0753178 -0.0039659 0.9971505
380.150768 -0.7283511 0.0029055 -0.0201944 -0.0014729 -0.0744254 -0.0047612 0.9972141
380.200763 -0.7287078 0.0030281 -0.0209192 -0.0012669 -0.0762755 -0.0040150 0.9970779
380.750710 -0.7830982 0.0058902 -0.0405466 -0.0023663 -0.0867897 -0.0026618 0.9962203
381.400647 -0.7769051 0.0023542 -0.0277406 -0.0063986 -0.1239466 -0.0007261 0.9922680
381.450642 -0.7767237 0.0019602 -0.0270307 -0.0071681 -0.1230064 0.0012507 0.9923792
381.500638 -0.7765900 0.0016738 -0.0268538 -0.0082520 -0.1233556 0.0033878 0.9923224
381.600628 -0.7759005 0.0007820 -0.0254645 -0.0116247 -0.1261165 0.0086795 0.9919094
381.650623 -0.7756810 0.0003258 -0.0250546 -0.0131582 -0.1279246 0.0135280 0.9916043
381.750613 -0.7755994 0.0003993 -0.0214439 -0.0160036 -0.1362874 0.0274610 0.9901593
