371.851572 0.0000000 0.0000000 0.0000000 -0.0000000 -0.0000000 -0.0000000 1.0000000
372.001557 -0.0146689 -0.0005282 0.0019347 -0.0001719 -0.0000920 0.0001540 1.0000000
372.051553 -0.0148198 -0.0004479 0.0015890 -0.0001331 -0.0025319 0.0002184 0.9999968
372.151543 -0.0167294 0.0001972 -0.0012928 0.0000179 -0.0064096 0.0002074 0.9999794
372.751485 -0.0584816 0.0005237 0.0008029 0.0002725 -0.0045132 -0.0001678 0.9999897
372.801480 -0.0641135 -0.0001677 0.0017427 0.0001514 -0.0048501 -0.0002168 0.9999882
373.451417 -0.1241517 -0.0037689 0.0118365 -0.0005641 -0.0060720 -0.0000328 0.9999814
373.501412 -0.1247359 -0.0034870 0.0107368 -0.0005453 -0.0066110 -0.0000404 0.9999780
374.001364 -0.1322688 -0.0005831 -0.0049077 0.0004233 -0.0389270 0.0000176 0.9992419
374.151349 -0.1345594 0.0003400 -0.0102580 -0.0005205 -0.0461789 0.0007300 0.9989328
374.201344 -0.1348299 0.0004427 -0.0113219 -0.0005390 -0.0499245 0.0014311 0.9987519
375.951175 -0.2609366 0.0006284 -0.0130226 -0.0006569 -0.0561369 0.0000720 0.9984229
376.001170 -0.2631924 0.0008373 -0.0133747 -0.0008725 -0.0559992 0.0002959 0.9984304
376.901083 -0.3024302 -0.0000495 -0.0160348 -0.0023959 -0.0583707 0.0003399 0.9982921
377.751001 -0.3451294 -0.0023486 -0.0226306 -0.0033531 -0.0506156 0.0005808 0.9987124
377.850991 -0.3513365 -0.0022402 -0.0233687 -0.0036588 -0.0462493 0.0004863 0.9989231
378.000976 -0.3597842 -0.0024122 -0.0274942 -0.0041929 -0.0435466 0.0010693 0.9990420
378.400938 -0.3834942 -0.0018142 -0.0325748 -0.0049094 -0.0424935 0.0003119 0.9990847
378.550923 -0.3934663 -0.0026118 -0.0357066 -0.0060420 -0.0443686 0.0007052 0.9989967
378.950885 -0.4173904 -0.0028864 -0.0410248 -0.0063612 -0.0482837 0.0001867 0.9988134
379.000880 -0.4182981 -0.0026889 -0.0424644 -0.0064284 -0.0492577 0.0002764 0.9987653
379.500831 -0.4556059 -0.0035510 -0.0526146 -0.0068541 -0.0527134 -0.0002738 0.9985861
379.600822 -0.4619526 -0.0039504 -0.0549315 -0.0073875 -0.0541089 -0.0002062 0.9985077
380.100773 -0.4906129 -0.0043222 -0.0594617 -0.0073761 -0.0656940 -0.0004434 0.9978125
381.300657 -0.5513586 -0.0026270 -0.0743333 -0.0105012 -0.0972953 0.0032081 0.9951950
381.350652 -0.5513725 -0.0026445 -0.0742963 -0.0110852 -0.0978357 0.0024963 0.9951377
381.400647 -0.5513746 -0.0026503 -0.0742778 -0.0113785 -0.0986057 0.0025938 0.9950582
381.500638 -0.5510330 -0.0025628 -0.0746526 -0.0123202 -0.0970400 0.0025845 0.9952009
381.550633 -0.5509723 -0.0025497 -0.0746930 -0.0134853 -0.0977318 0.0047005 0.9951103
381.600628 -0.5511852 -0.0025946 -0.0744530 -0.0151198 -0.0992123 0.0093358 0.9949076
381.650623 -0.5511546 -0.0025682 -0.0744778 -0.0157932 -0.1004923 0.0137536 0.9947174
381.750613 -0.5541001 -0.0032439 -0.0715012 -0.0188647 -0.1083025 0.0299459 0.9934878
381.800609 -0.5544955 -0.0033414 -0.0709850 -0.0196930 -0.1113321 0.0329076 0.9930430
