371.851572 0.0000000 0.0000000 0.0000000 -0.0000000 -0.0000000 -0.0000000 1.0000000
372.001557 -0.0182184 0.0001603 0.0009218 0.0001473 -0.0019246 0.0002954 0.9999981
372.051553 -0.0242798 0.0000714 0.0014540 0.0000809 -0.0026980 0.0003089 0.9999963
372.201538 -0.0404385 0.0006499 0.0014051 0.0000813 -0.0048946 0.0001713 0.9999880
373.201441 -0.1614220 0.0022795 0.0054719 0.0013326 -0.0100485 0.0008055 0.9999483
373.401422 -0.1837993 0.0027007 0.0077351 0.0021039 -0.0134983 0.0007997 0.9999064
373.851378 -0.2559564 0.0016939 0.0062005 0.0028958 -0.0128978 0.0010569 0.9999121
374.001364 -0.2774062 0.0022978 0.0091174 0.0026236 -0.0192814 0.0008251 0.9998103
374.101354 -0.2931430 0.0040240 0.0094544 0.0026568 -0.0184018 0.0007853 0.9998268
374.551310 -0.3603992 0.0027508 0.0126454 0.0010096 -0.0418075 -0.0003997 0.9991251
374.651301 -0.3782507 0.0039776 0.0124283 0.0007392 -0.0370060 -0.0006632 0.9993145
374.701296 -0.3810672 0.0027302 0.0130707 -0.0001656 -0.0358476 -0.0003927 0.9993572
376.701102 -0.5622322 0.0033677 0.0057204 -0.0004307 -0.0234898 -0.0004392 0.9997239
376.801093 -0.5642897 0.0027410 0.0106394 -0.0002326 -0.0290563 0.0006268 0.9995776
378.050972 -0.7049649 -0.0018227 -0.0084318 -0.0023673 -0.0030716 0.0010356 0.9999920
378.400938 -0.7144892 0.0045077 -0.0058672 -0.0005935 -0.0108939 0.0006855 0.9999403
378.900889 -0.7475493 0.0039861 -0.0065307 -0.0011513 -0.0234475 -0.0003165 0.9997244
379.000880 -0.7473009 0.0040490 -0.0066682 -0.0010632 -0.0262811 -0.0000836 0.9996541
379.050875 -0.7470112 0.0043809 -0.0067756 -0.0008219 -0.0293965 -0.0006176 0.9995673
379.500831 -0.8106477 0.0066332 -0.0204982 -0.0001341 -0.0279730 -0.0014812 0.9996076
379.950788 -0.8951360 0.0054660 -0.0292872 -0.0011141 -0.0259652 -0.0013163 0.9996614
380.150768 -0.8957586 0.0048809 -0.0260965 -0.0010499 -0.0320692 -0.0007132 0.9994849
380.200763 -0.8958030 0.0050685 -0.0274160 -0.0011519 -0.0340014 -0.0008251 0.9994208
380.400744 -0.8979566 0.0033639 -0.0205761 -0.0017507 -0.0432896 0.0002937 0.9990610
381.200667 -0.8907660 0.0024232 -0.0158246 -0.0029644 -0.0952301 -0.0001956 0.9954509
381.250662 -0.8894499 0.0005897 -0.0123758 -0.0040918 -0.0990800 -0.0000735 0.9950711
381.400647 -0.8890941 0.0004810 -0.0125988 -0.0058661 -0.1001195 0.0002849 0.9949581
381.500638 -0.8888106 0.0006584 -0.0130453 -0.0069780 -0.0989233 0.0020995 0.9950684
381.550633 -0.8885379 0.0006771 -0.0133193 -0.0080630 -0.0996232 0.0034968 0.9949864
381.700618 -0.8925697 -0.0002360 -0.0092005 -0.0137526 -0.1060466 0.0230137 0.9939997
381.800609 -0.8957904 -0.0010369 -0.0058507 -0.0148114 -0.1126013 0.0300708 0.9930747
