371.851572 0.0000000 0.0000000 0.0000000 -0.0000000 -0.0000000 -0.0000000 1.0000000
372.001557 -0.0385608 -0.0013464 0.0054940 -0.0001811 0.0006953 0.0001539 0.9999998
372.051553 -0.0398971 -0.0008920 0.0035266 -0.0001795 -0.0014926 0.0003269 0.9999989
372.151543 -0.0444803 0.0006766 -0.0036182 0.0000231 -0.0053770 0.0003489 0.9999855
373.501412 -0.2934677 -0.0027502 -0.0014530 0.0001071 -0.0063228 0.0008752 0.9999796
373.851378 -0.3800806 -0.0033011 -0.0028485 0.0009146 -0.0092492 0.0013366 0.9999560
374.001364 -0.4112479 -0.0025139 0.0001115 0.0005238 -0.0157675 0.0010500 0.9998750
374.151349 -0.4474508 -0.0011352 -0.0012141 -0.0002151 -0.0149006 0.0007868 0.9998887
374.701296 -0.5717547 -0.0007870 0.0030005 -0.0017595 -0.0296284 -0.0012882 0.9995586
374.751291 -0.5814236 -0.0000595 0.0031002 -0.0017049 -0.0271539 -0.0014685 0.9996288
374.901277 -0.6019625 -0.0009143 0.0031314 -0.0013435 -0.0221847 -0.0003704 0.9997529
375.051262 -0.6348758 -0.0006422 -0.0011525 -0.0004910 -0.0177457 0.0002467 0.9998424
376.601112 -0.8300977 -0.0031053 0.0000043 -0.0031097 -0.0150230 -0.0005434 0.9998822
376.701102 -0.8300998 -0.0028934 -0.0019214 -0.0029447 -0.0195596 -0.0001955 0.9998043
378.300947 -1.1743499 -0.0056611 0.0009366 -0.0025965 0.0255645 0.0077939 0.9996395
378.400938 -1.1837739 -0.0033771 -0.0112935 -0.0027620 0.0242458 0.0081164 0.9996693
379.100870 -1.1731768 0.0004519 -0.0290022 -0.0031964 -0.0074557 0.0010409 0.9999666
379.350846 -1.1824845 -0.0033827 -0.0158251 -0.0036192 -0.0183596 0.0006267 0.9998247
379.850797 -1.2800919 -0.0025209 -0.0315281 -0.0033496 -0.0230671 -0.0001053 0.9997283
380.100773 -1.2986590 -0.0018322 -0.0340840 -0.0032725 -0.0294835 -0.0002862 0.9995599
380.150768 -1.3012238 -0.0014825 -0.0341183 -0.0031164 -0.0303023 -0.0001549 0.9995359
380.250759 -1.3066429 -0.0019874 -0.0362485 -0.0035168 -0.0330203 0.0001424 0.9994485
381.300657 -1.3087630 0.0013433 -0.0518757 -0.0067237 -0.0905495 -0.0004759 0.9958692
381.400647 -1.3085083 0.0006080 -0.0508701 -0.0079674 -0.0922833 -0.0001592 0.9957010
381.500638 -1.3095875 0.0011150 -0.0536453 -0.0088277 -0.0908642 0.0021181 0.9958219
381.550633 -1.3095506 0.0006795 -0.0538669 -0.0101445 -0.0911898 0.0038176 0.9957746
381.600628 -1.3095081 0.0006557 -0.0536692 -0.0113474 -0.0936083 0.0086831 0.9955066
381.650623 -1.3096706 0.0002513 -0.0527790 -0.0127093 -0.0948267 0.0145588 0.9953062
381.750613 -1.3086153 -0.0001464 -0.0490242 -0.0154214 -0.1036137 0.0278642 0.9941076
