371.851572 0.0000000 0.0000000 0.0000000 -0.0000000 -0.0000000 -0.0000000 1.0000000
372.001557 -0.0115296 -0.0004141 0.0015727 -0.0000279 -0.0003478 -0.0000061 0.9999999
372.051553 -0.0116660 -0.0003549 0.0013019 -0.0000919 -0.0028342 0.0000002 0.9999960
372.151543 -0.0134906 0.0002483 -0.0015038 0.0000545 -0.0063377 -0.0000403 0.9999799
373.601402 -0.1013120 0.0018379 0.0025874 0.0029325 -0.0087983 0.0015059 0.9999559
373.651398 -0.1048753 0.0018295 0.0024369 0.0032010 -0.0093583 0.0014887 0.9999500
374.001364 -0.1340361 0.0015084 0.0033589 0.0029183 -0.0189407 0.0008748 0.9998159
374.051359 -0.1372901 0.0015435 0.0028379 0.0026046 -0.0179381 0.0009663 0.9998353
374.651301 -0.1827144 0.0013666 0.0046767 0.0002205 -0.0367849 -0.0004839 0.9993231
374.751291 -0.1888655 0.0016997 0.0040594 0.0001917 -0.0316521 -0.0005050 0.9994988
374.951272 -0.1996237 0.0012604 0.0032333 0.0006064 -0.0233375 0.0004007 0.9997274
375.701199 -0.2343284 0.0005640 0.0022024 -0.0001271 -0.0194940 -0.0000791 0.9998100
375.801190 -0.2343626 0.0008489 0.0009397 0.0002625 -0.0246842 0.0007730 0.9996950
376.851088 -0.2761968 0.0008372 0.0022076 -0.0005777 -0.0289079 0.0003005 0.9995819
377.351039 -0.2973319 0.0000692 -0.0011893 -0.0006594 -0.0259696 0.0002502 0.9996625
377.701006 -0.3114460 -0.0000305 -0.0001474 -0.0002748 -0.0211313 0.0011753 0.9997760
377.751001 -0.3133910 0.0000617 -0.0007035 -0.0003723 -0.0198339 0.0010986 0.9998026
378.300947 -0.3412753 0.0005876 -0.0046688 -0.0013062 -0.0101015 0.0011466 0.9999475
378.450933 -0.3499924 0.0006595 -0.0055267 -0.0017868 -0.0092259 0.0008214 0.9999555
378.550923 -0.3546188 0.0012714 -0.0060163 -0.0014521 -0.0111214 0.0011021 0.9999365
379.050875 -0.3823203 0.0007906 -0.0067500 -0.0018745 -0.0121867 0.0002938 0.9999239
379.150865 -0.3835231 0.0012311 -0.0093696 -0.0016302 -0.0172109 0.0006006 0.9998504
379.500831 -0.4023614 0.0004927 -0.0107277 -0.0019397 -0.0200880 0.0002225 0.9997963
379.950788 -0.4289387 0.0014514 -0.0122481 -0.0012258 -0.0278091 -0.0010538 0.9996119
380.150768 -0.4297322 0.0006932 -0.0129797 -0.0017070 -0.0340673 0.0002391 0.9994181
380.200763 -0.4297541 0.0008128 -0.0133826 -0.0016452 -0.0360135 0.0005120 0.9993498
381.150671 -0.4530482 -0.0001106 -0.0118744 -0.0027138 -0.0729545 0.0008260 0.9973313
381.250662 -0.4518082 -0.0009204 -0.0106582 -0.0046842 -0.0827114 0.0027582 0.9965587
381.300657 -0.4506004 -0.0017155 -0.0081023 -0.0059448 -0.0827769 0.0026036 0.9965470
381.400647 -0.4524980 -0.0009568 -0.0123703 -0.0066583 -0.0836355 0.0039232 0.9964665
381.500638 -0.4503795 -0.0031428 -0.0075149 -0.0092497 -0.0843284 0.0088194 0.9963561
381.600628 -0.4497259 -0.0042895 -0.0076978 -0.0124044 -0.0880986 0.0168384 0.9958922
381.700618 -0.4487900 -0.0064023 -0.0052233 -0.0169276 -0.0943056 0.0324157 0.9948714
381.750613 -0.4499627 -0.0064205 -0.0038913 -0.0168658 -0.0974771 0.0377952 0.9943768
381.800609 -0.4494863 -0.0064953 -0.0035613 -0.0178126 -0.1007221 0.0391471 0.9939846
