371.851572 0.0000000 0.0000000 0.0000000 -0.0000000 -0.0000000 -0.0000000 1.0000000
372.001557 -0.0443664 -0.0013718 0.0056458 -0.0000228 -0.0001952 0.0001558 1.0000000
372.051553 -0.0458679 -0.0008393 0.0034064 -0.0000552 -0.0025137 0.0002521 0.9999968
372.201538 -0.0536263 0.0018749 -0.0093255 -0.0000847 -0.0081828 0.0003510 0.9999665
373.851378 -0.4676474 0.0028484 0.0027760 0.0028765 -0.0138155 0.0017596 0.9998989
374.001364 -0.5036693 0.0027482 0.0032411 0.0021223 -0.0208032 0.0015771 0.9997801
374.151349 -0.5482597 0.0037968 0.0038460 0.0013001 -0.0205794 0.0013418 0.9997865
374.301335 -0.5868319 0.0038978 0.0006575 0.0011885 -0.0259843 0.0011303 0.9996610
374.701296 -0.7026405 0.0094446 0.0088397 0.0009576 -0.0361696 -0.0002991 0.9993452
374.851281 -0.7339956 0.0075622 0.0055490 0.0008467 -0.0309327 0.0002108 0.9995211
376.251146 -0.9696921 0.0043168 -0.0009539 0.0002690 -0.0333692 0.0010044 0.9994426
376.701102 -1.0264810 0.0060297 -0.0056117 -0.0003980 -0.0275248 0.0000022 0.9996210
376.901083 -1.0443127 0.0028348 -0.0024477 -0.0006905 -0.0350474 0.0005141 0.9993853
378.000976 -1.2973294 0.0013191 -0.0295310 -0.0011744 -0.0044652 0.0017533 0.9999878
378.400938 -1.2980394 0.0011764 -0.0310635 -0.0020598 -0.0170993 0.0005773 0.9998515
378.500928 -1.3115200 0.0011274 -0.0312985 -0.0023156 -0.0197302 0.0006078 0.9998025
378.600918 -1.3217750 0.0027211 -0.0316219 -0.0023174 -0.0237061 0.0002669 0.9997163
379.100870 -1.4234610 0.0062555 -0.0430861 -0.0017202 -0.0249494 -0.0009711 0.9996868
379.150865 -1.4222978 0.0067525 -0.0442107 -0.0015475 -0.0281310 -0.0008708 0.9996027
379.350846 -1.4454795 0.0007853 -0.0507786 -0.0028284 -0.0342843 -0.0000798 0.9994081
379.450836 -1.4560523 0.0012866 -0.0523472 -0.0027822 -0.0370398 -0.0000943 0.9993100
379.500831 -1.4560512 -0.0001365 -0.0523872 -0.0029331 -0.0391785 -0.0001759 0.9992279
380.250759 -1.3987790 -0.0281109 0.0684015 -0.0051836 -0.0919602 -0.0016681 0.9957478
380.850701 -1.7019945 0.0098109 -0.0958075 -0.0024119 -0.0669563 0.0006263 0.9977528
380.950691 -1.6979451 0.0091569 -0.0911808 -0.0023267 -0.0721830 -0.0008669 0.9973884
381.050681 -1.6943101 0.0093138 -0.0893219 -0.0023736 -0.0756994 0.0006903 0.9971277
381.450642 -1.6820921 0.0017263 -0.0753454 -0.0073361 -0.0951945 0.0040285 0.9954236
381.500638 -1.6807293 0.0001384 -0.0728890 -0.0085284 -0.0955479 0.0053073 0.9953741
381.550633 -1.6799871 -0.0026814 -0.0741035 -0.0105672 -0.0964689 0.0091362 0.9952380
381.600628 -1.6797863 -0.0045496 -0.0721809 -0.0121493 -0.0980242 0.0121803 0.9950354
381.650623 -1.6784184 -0.0061898 -0.0724869 -0.0135819 -0.1000045 0.0175026 0.9947404
381.700618 -1.6797221 -0.0101786 -0.0571338 -0.0163519 -0.1038673 0.0269138 0.9940925
381.750613 -1.6739217 -0.0129821 -0.0425613 -0.0167142 -0.1085510 0.0301047 0.9934944
381.800609 -1.6488827 -0.0144130 -0.0296734 -0.0180002 -0.1167983 0.0322659 0.9924682
