371.851572 0.0000000 0.0000000 0.0000000 -0.0000000 -0.0000000 -0.0000000 1.0000000
372.001557 -0.0367318 -0.0015500 0.0057548 -0.0003201 0.0010726 0.0000087 0.9999994
372.051553 -0.0371891 -0.0013447 0.0048071 -0.0003092 -0.0013576 0.0002541 0.9999990
372.251533 -0.0452857 0.0014597 -0.0080047 -0.0000069 -0.0083655 0.0000711 0.9999650
373.801383 -0.3240846 -0.0010753 -0.0047058 0.0011331 -0.0111979 0.0017294 0.9999352
373.851378 -0.3367694 0.0004243 -0.0035305 0.0018181 -0.0120272 0.0015591 0.9999248
373.901373 -0.3453727 -0.0003814 -0.0027295 0.0015286 -0.0144115 0.0018486 0.9998933
374.001364 -0.3619229 0.0044033 -0.0004202 0.0025217 -0.0192829 0.0014328 0.9998099
374.251339 -0.4153251 0.0013882 -0.0028034 0.0005339 -0.0205613 0.0017805 0.9997869
375.601209 -0.6421356 0.0023095 -0.0039066 -0.0002265 -0.0157433 -0.0000565 0.9998761
375.751194 -0.6429551 0.0029339 -0.0077560 -0.0001522 -0.0208872 0.0002850 0.9997818
375.851185 -0.6434873 0.0034701 -0.0118042 0.0004737 -0.0277913 0.0019919 0.9996117
376.801093 -0.7608856 0.0010796 -0.0103826 -0.0016967 -0.0235004 0.0000160 0.9997224
376.901083 -0.7604609 0.0012351 -0.0116707 -0.0014378 -0.0288302 0.0012417 0.9995825
377.701006 -0.9043435 -0.0006314 -0.0260152 -0.0013341 -0.0078322 0.0026254 0.9999650
378.000976 -0.9057877 -0.0013896 -0.0239679 -0.0020547 -0.0086621 0.0021522 0.9999580
378.300947 -0.9142754 -0.0012090 -0.0235560 -0.0026954 -0.0158836 0.0012712 0.9998694
378.900889 -1.0053787 0.0050124 -0.0302873 -0.0017134 -0.0190130 0.0003206 0.9998177
379.000880 -1.0086337 0.0053130 -0.0335684 -0.0015791 -0.0205676 0.0008835 0.9997869
379.050875 -1.0111561 0.0079267 -0.0404705 -0.0011059 -0.0227526 0.0002582 0.9997405
379.500831 -1.0650632 0.0052592 -0.0361018 -0.0011153 -0.0309769 -0.0004626 0.9995194
379.650817 -1.0889049 0.0014645 -0.0416556 -0.0023440 -0.0331627 -0.0000553 0.9994472
379.950788 -1.1173016 0.0022073 -0.0413391 -0.0020100 -0.0445252 -0.0011520 0.9990056
380.050778 -1.1165959 0.0022776 -0.0424049 -0.0020582 -0.0483842 -0.0005536 0.9988266
380.150768 -1.1164062 0.0021052 -0.0414093 -0.0020951 -0.0514025 -0.0011301 0.9986752
380.900696 -1.2661750 0.0101526 -0.0735420 -0.0015713 -0.0545805 -0.0009030 0.9985077
381.450642 -1.2605736 0.0068797 -0.0625722 -0.0063665 -0.0781032 0.0040143 0.9969169
381.500638 -1.2603352 0.0067071 -0.0623556 -0.0070099 -0.0779879 0.0047042 0.9969186
381.550633 -1.2608092 0.0070457 -0.0647401 -0.0078625 -0.0779695 0.0061168 0.9969060
381.600628 -1.2620960 0.0077129 -0.0699257 -0.0093703 -0.0794108 0.0101070 0.9967467
381.650623 -1.2660863 0.0055508 -0.0708427 -0.0112428 -0.0798308 0.0161001 0.9966150
381.700618 -1.2760990 0.0070566 -0.0633865 -0.0124795 -0.0818536 0.0254123 0.9962422
381.750613 -1.2870790 0.0076602 -0.0700210 -0.0129221 -0.0834505 0.0300084 0.9959762
381.800609 -1.2923065 0.0080552 -0.0718176 -0.0135744 -0.0845603 0.0312675 0.9958351
