371.851572 0.0000000 0.0000000 0.0000000 -0.0000000 -0.0000000 -0.0000000 1.0000000
372.001557 -0.0141732 -0.0004569 0.0011380 -0.0000700 -0.0004409 0.0002885 0.9999999
372.051553 -0.0143562 -0.0002830 0.0004699 0.0000353 -0.0029244 0.0004211 0.9999956
372.151543 -0.0221904 0.0004813 0.0012943 0.0004582 -0.0041573 0.0006261 0.9999911
373.351427 -0.1119736 0.0011093 0.0009155 0.0015320 -0.0125526 0.0006726 0.9999198
373.551407 -0.1282613 0.0011604 -0.0002663 0.0020438 -0.0064211 0.0009540 0.9999769
373.601402 -0.1320354 0.0016059 -0.0006067 0.0023638 -0.0064793 0.0014098 0.9999753
373.851378 -0.1599620 0.0014162 -0.0011689 0.0029643 -0.0107710 0.0016469 0.9999363
374.601306 -0.2339588 0.0016734 -0.0013929 0.0004622 -0.0350080 -0.0009998 0.9993864
374.701296 -0.2420783 0.0019111 -0.0011045 -0.0001702 -0.0308034 -0.0007123 0.9995252
374.851281 -0.2535762 0.0014994 -0.0011287 -0.0001272 -0.0248775 -0.0005012 0.9996904
376.151156 -0.3335636 0.0020142 -0.0044529 0.0006426 -0.0206657 0.0007211 0.9997860
376.451126 -0.3650860 0.0020770 -0.0078155 -0.0005904 -0.0107518 0.0000408 0.9999421
376.701102 -0.3651203 0.0020361 -0.0076509 -0.0005579 -0.0124066 0.0009511 0.9999225
376.801093 -0.3659908 0.0016660 -0.0062371 -0.0006519 -0.0184516 0.0008626 0.9998292
377.751001 -0.3677449 0.0011592 -0.0043905 -0.0002837 -0.0392999 -0.0016041 0.9992262
377.800996 -0.3677027 0.0010526 -0.0041242 -0.0004318 -0.0394046 -0.0012049 0.9992226
378.000976 -0.3674068 0.0010138 -0.0036954 -0.0008744 -0.0403062 -0.0020515 0.9991849
378.200957 -0.3684161 0.0010074 -0.0034045 -0.0010745 -0.0457820 -0.0022877 0.9989483
378.250952 -0.3684257 0.0009951 -0.0033555 -0.0010284 -0.0469310 -0.0028899 0.9988934
378.650914 -0.3684546 0.0009938 -0.0033156 -0.0017830 -0.0642045 -0.0051046 0.9979221
378.700909 -0.3684034 0.0010220 -0.0034344 -0.0018225 -0.0664515 -0.0060223 0.9977698
378.850894 -0.3724704 0.0034806 -0.0142328 -0.0013064 -0.0710001 -0.0065524 0.9974539
379.050875 -0.3741537 0.0042952 -0.0182128 -0.0012173 -0.0757975 -0.0080874 0.9970897
379.350846 -0.3858693 0.0047903 -0.0218702 -0.0014570 -0.0841987 -0.0100209 0.9963976
379.400841 -0.3860307 0.0050372 -0.0229294 -0.0014881 -0.0867295 -0.0109118 0.9961711
379.600822 -0.3859375 0.0049733 -0.0226883 -0.0012246 -0.0957337 -0.0119919 0.9953340
379.650817 -0.3858123 0.0051712 -0.0238649 -0.0012460 -0.0992376 -0.0132445 0.9949749
380.450739 -0.3860238 0.0070075 -0.0318807 -0.0014465 -0.1360338 -0.0188704 0.9905234
381.350652 -0.3839796 0.0064304 -0.0296844 -0.0055870 -0.1882146 -0.0160051 0.9819816
381.400647 -0.3839840 0.0062150 -0.0293312 -0.0062727 -0.1894567 -0.0146619 0.9817596
381.500638 -0.3838980 0.0062401 -0.0300588 -0.0074513 -0.1883938 -0.0102968 0.9820114
381.550633 -0.3837639 0.0058402 -0.0293787 -0.0094451 -0.1889922 -0.0077608 0.9819025
381.600628 -0.3836175 0.0057384 -0.0294297 -0.0110457 -0.1918472 -0.0018491 0.9813609
381.650623 -0.3834608 0.0055146 -0.0292217 -0.0127930 -0.1928246 0.0012831 0.9811490
381.750613 -0.3841106 0.0050872 -0.0270586 -0.0177211 -0.2005429 0.0151831 0.9794070
381.800609 -0.3834176 0.0050684 -0.0265988 -0.0183461 -0.2049125 0.0151847 0.9784905
