371.851572 0.0000000 0.0000000 0.0000000 -0.0000000 -0.0000000 -0.0000000 1.0000000
372.001557 -0.0006425 -0.0000518 0.0002215 -0.0000633 -0.0045653 -0.0005298 0.9999894
372.051553 -0.0006627 -0.0000449 0.0001892 -0.0000824 -0.0070090 -0.0005197 0.9999753
372.151543 -0.0007965 0.0000055 -0.0000379 0.0000034 -0.0112104 -0.0007549 0.9999369
372.851475 -0.0028110 -0.0001101 0.0001247 -0.0001153 -0.0271526 -0.0049640 0.9996190
373.501412 -0.0052813 -0.0004230 0.0005038 -0.0019721 -0.0458502 -0.0070245 0.9989217
373.601402 -0.0053261 -0.0003784 0.0003156 -0.0015932 -0.0491970 -0.0072908 0.9987612
373.651398 -0.0053581 -0.0003510 0.0002002 -0.0012767 -0.0519685 -0.0071485 0.9986223
373.901373 -0.0054883 -0.0002165 -0.0003974 -0.0004200 -0.0728633 -0.0069700 0.9973175
374.201344 -0.0056416 -0.0000374 -0.0012468 -0.0012809 -0.0925519 -0.0068340 0.9956836
374.251339 -0.0056517 -0.0000188 -0.0013459 -0.0012638 -0.0963859 -0.0066762 0.9953209
374.301335 -0.0056883 0.0000137 -0.0015249 -0.0014313 -0.1017182 -0.0059505 0.9947944
374.601306 -0.0058034 0.0002088 -0.0024957 -0.0021105 -0.1329930 -0.0066293 0.9910926
374.651301 -0.0057972 0.0002223 -0.0025694 -0.0027445 -0.1341864 -0.0062828 0.9909324
375.701199 -0.0063496 0.0003506 -0.0048048 -0.0075051 -0.1560038 0.0136063 0.9876342
376.251146 -0.0063957 0.0006033 -0.0064341 -0.0079219 -0.1830467 0.0208549 0.9828511
376.551117 -0.0065130 0.0006287 -0.0069601 -0.0094800 -0.1846000 0.0231407 0.9824955
376.701102 -0.0065477 0.0005939 -0.0072303 -0.0097498 -0.1882710 0.0239423 0.9817768
377.201054 -0.0074544 0.0003090 -0.0077505 -0.0096808 -0.2005581 0.0213990 0.9794003
377.501025 -0.0079566 0.0002204 -0.0085254 -0.0102035 -0.2122947 0.0227354 0.9768879
377.850991 -0.0084470 0.0001785 -0.0092341 -0.0105387 -0.2085978 0.0227085 0.9776810
377.900986 -0.0084971 0.0001624 -0.0094138 -0.0109175 -0.2087801 0.0227826 0.9776363
378.100967 -0.0087708 0.0001418 -0.0102233 -0.0110470 -0.2119774 0.0226068 0.9769506
379.350846 -0.0102207 -0.0001990 -0.0153930 -0.0130929 -0.2593590 0.0205561 0.9654735
379.500831 -0.0102577 -0.0002936 -0.0159318 -0.0134586 -0.2660475 0.0216115 0.9636236
379.800802 -0.0107304 -0.0002713 -0.0172950 -0.0128299 -0.2807251 0.0198389 0.9594975
379.850797 -0.0106198 -0.0003156 -0.0174337 -0.0129257 -0.2851323 0.0213685 0.9581628
379.950788 -0.0105128 -0.0003784 -0.0178669 -0.0134236 -0.2909199 0.0224801 0.9563891
380.350749 -0.0108911 -0.0001386 -0.0193157 -0.0128583 -0.3038451 0.0205231 0.9524136
380.400744 -0.0110846 0.0000034 -0.0207756 -0.0121729 -0.3034147 0.0187812 0.9525958
380.450739 -0.0111281 -0.0000174 -0.0206476 -0.0119272 -0.3068790 0.0189713 0.9514847
381.050681 -0.0127494 -0.0003212 -0.0192566 -0.0140631 -0.3377397 0.0252643 0.9407953
381.300657 -0.0127968 -0.0004014 -0.0188538 -0.0160466 -0.3542266 0.0245238 0.9347003
381.500638 -0.0127862 -0.0004251 -0.0188140 -0.0189136 -0.3547496 0.0251757 0.9344310
381.550633 -0.0127849 -0.0004410 -0.0187865 -0.0213660 -0.3555382 0.0269818 0.9340279
381.600628 -0.0127791 -0.0004617 -0.0187662 -0.0233331 -0.3572165 0.0289998 0.9332798
381.650623 -0.0127757 -0.0004745 -0.0187298 -0.0252246 -0.3586732 0.0333108 0.9325276
381.700618 -0.0127391 -0.0003868 -0.0186690 -0.0296030 -0.3631749 0.0447659 0.9301740
381.800609 -0.0129636 -0.0004627 -0.0184439 -0.0316837 -0.3691203 0.0487176 0.9275630
