371.851572 0.0000000 0.0000000 0.0000000 -0.0000000 -0.0000000 -0.0000000 1.0000000
372.001557 -0.0142453 -0.0007773 0.0032883 -0.0000227 -0.0007335 0.0002604 0.9999997
372.051553 -0.0148799 -0.0005480 0.0023108 -0.0000241 -0.0029787 0.0002982 0.9999955
372.201538 -0.0179696 0.0005574 -0.0028192 -0.0000881 -0.0081490 0.0002206 0.9999668
373.401422 -0.1103335 0.0004448 0.0060341 0.0016752 -0.0157625 0.0004625 0.9998743
373.801383 -0.1470387 0.0004169 0.0048125 0.0026548 -0.0151664 0.0007532 0.9998812
373.901373 -0.1574285 0.0001866 0.0060015 0.0025733 -0.0183469 0.0007470 0.9998282
374.001364 -0.1654283 0.0008950 0.0070764 0.0025824 -0.0230897 0.0004872 0.9997299
374.101354 -0.1753836 0.0012836 0.0074352 0.0022332 -0.0221650 0.0003204 0.9997518
375.101257 -0.2587743 0.0019931 0.0069998 0.0017775 -0.0298620 -0.0005244 0.9995523
376.051165 -0.3044749 0.0014577 0.0059747 0.0010776 -0.0348078 -0.0007823 0.9993932
376.651107 -0.3302160 0.0015769 0.0056353 -0.0002034 -0.0320492 -0.0010212 0.9994858
376.751098 -0.3307523 0.0017762 0.0047164 0.0000115 -0.0369889 -0.0005856 0.9993155
376.851088 -0.3357183 0.0011732 0.0071045 -0.0000493 -0.0403165 -0.0008315 0.9991866
377.751001 -0.4390439 0.0003014 -0.0052662 -0.0006353 0.0004670 0.0012229 0.9999989
377.800996 -0.4389429 0.0002700 -0.0051320 -0.0006798 0.0002419 0.0017743 0.9999982
377.950981 -0.4397560 0.0005012 -0.0062923 -0.0009419 -0.0000853 0.0015367 0.9999984
378.900889 -0.4451398 0.0027354 -0.0188356 -0.0022807 -0.0333352 -0.0021080 0.9994394
379.100870 -0.4478948 0.0040328 -0.0243035 -0.0018199 -0.0394381 -0.0024979 0.9992173
379.150865 -0.4476510 0.0040257 -0.0243361 -0.0018215 -0.0424530 -0.0025884 0.9990935
379.400841 -0.4593223 0.0032840 -0.0241866 -0.0021520 -0.0486682 -0.0036274 0.9988061
379.750807 -0.4857498 0.0031302 -0.0323239 -0.0024278 -0.0527950 -0.0040455 0.9985943
380.050778 -0.4969580 0.0033024 -0.0328762 -0.0024287 -0.0630859 -0.0048641 0.9979933
380.150768 -0.4978456 0.0030183 -0.0314214 -0.0024608 -0.0656680 -0.0041073 0.9978300
380.400744 -0.4985584 0.0025608 -0.0289588 -0.0030927 -0.0772642 -0.0044736 0.9969959
381.150671 -0.4967863 0.0029025 -0.0273016 -0.0031077 -0.1209697 -0.0074933 0.9926231
381.250662 -0.4957003 0.0016141 -0.0240924 -0.0052876 -0.1297462 -0.0069109 0.9915091
381.450642 -0.4956158 0.0015023 -0.0240060 -0.0075004 -0.1297829 -0.0062613 0.9914943
381.550633 -0.4953615 0.0015067 -0.0242675 -0.0082188 -0.1292933 -0.0066585 0.9915500
381.600628 -0.4955510 0.0014392 -0.0240087 -0.0088665 -0.1306926 -0.0054393 0.9913684
381.650623 -0.4955106 0.0014050 -0.0240207 -0.0088524 -0.1307391 -0.0043190 0.9913679
381.700618 -0.4968848 0.0011283 -0.0227041 -0.0136213 -0.1355711 0.0091097 0.9906321
381.750613 -0.4964518 0.0012302 -0.0230280 -0.0141258 -0.1400286 0.0147657 0.9899366
381.800609 -0.4970814 0.0010387 -0.0224161 -0.0153658 -0.1426660 0.0147506 0.9895417
