371.851572 0.0000000 0.0000000 0.0000000 -0.0000000 -0.0000000 -0.0000000 1.0000000
372.001557 -0.0036544 -0.0001092 -0.0002544 -0.0001060 -0.0026962 0.0001249 0.9999964
372.051553 -0.0048142 -0.0000306 -0.0001498 -0.0000180 -0.0039240 0.0002320 0.9999923
372.151543 -0.0071874 -0.0002398 -0.0001637 -0.0002701 -0.0057868 -0.0000176 0.9999833
373.251436 -0.0395440 0.0004886 0.0018373 0.0016591 -0.0115645 0.0009608 0.9999313
373.301431 -0.0406620 0.0003609 0.0021147 0.0017080 -0.0134715 0.0007476 0.9999076
373.651398 -0.0518603 0.0003015 0.0017270 0.0023708 -0.0076012 0.0011934 0.9999676
373.701393 -0.0538862 0.0002823 0.0018286 0.0025529 -0.0089642 0.0013085 0.9999557
374.751291 -0.0907267 0.0011256 0.0042774 0.0011974 -0.0328432 -0.0005473 0.9994597
374.951272 -0.0959187 0.0007438 0.0040850 0.0013427 -0.0245086 0.0009171 0.9996983
375.001267 -0.0979929 0.0007008 0.0039550 0.0015197 -0.0226908 0.0007708 0.9997411
376.251146 -0.1224527 0.0005578 0.0044372 0.0009257 -0.0319283 0.0003687 0.9994897
376.651107 -0.1282548 0.0007390 0.0040571 0.0001298 -0.0255022 -0.0004392 0.9996747
376.751098 -0.1298212 0.0006049 0.0038710 0.0000115 -0.0280687 -0.0002450 0.9996060
377.751001 -0.1739889 0.0022933 -0.0041119 0.0011542 0.0150988 0.0041057 0.9998769
378.450933 -0.1659879 0.0008773 0.0004445 -0.0004264 -0.0139149 0.0006914 0.9999029
378.500928 -0.1656955 0.0005854 0.0006059 -0.0008131 -0.0173962 0.0014009 0.9998474
378.650914 -0.1671692 0.0009293 0.0005390 -0.0004341 -0.0236971 0.0005373 0.9997190
379.050875 -0.1750324 0.0011013 0.0002641 -0.0002645 -0.0273784 -0.0011601 0.9996244
379.100870 -0.1749161 0.0010788 0.0003431 -0.0000660 -0.0301991 -0.0011438 0.9995432
379.150865 -0.1749053 0.0011010 0.0002514 -0.0000220 -0.0333416 -0.0009622 0.9994435
379.950788 -0.1953263 -0.0001326 -0.0038633 -0.0023862 -0.0463117 -0.0013689 0.9989233
380.200763 -0.1981393 0.0009539 -0.0024884 -0.0005102 -0.0494296 -0.0022865 0.9987749
380.250759 -0.1979796 0.0009437 -0.0024401 -0.0006535 -0.0520094 -0.0024889 0.9986433
381.050681 -0.1994032 0.0005764 -0.0013252 -0.0015152 -0.0936109 -0.0046132 0.9955970
381.400647 -0.1986880 0.0004395 -0.0012153 -0.0051897 -0.1114516 -0.0054302 0.9937415
381.500638 -0.1986265 0.0002884 -0.0012278 -0.0070498 -0.1109284 -0.0016826 0.9938020
381.550633 -0.1985150 0.0000435 -0.0011428 -0.0086882 -0.1119750 0.0012883 0.9936722
381.600628 -0.1984950 -0.0000940 -0.0009558 -0.0104441 -0.1134936 0.0043064 0.9934745
381.650623 -0.1984738 -0.0000751 -0.0012267 -0.0116069 -0.1149485 0.0088631 0.9932641
381.700618 -0.1977797 -0.0003728 0.0004488 -0.0140436 -0.1206325 0.0187961 0.9924200
381.750613 -0.1970988 -0.0007082 0.0017597 -0.0151987 -0.1263117 0.0243339 0.9915757
381.800609 -0.1986971 -0.0002125 -0.0000011 -0.0147574 -0.1259504 0.0241199 0.9916335
