371.851572 0.0000000 0.0000000 0.0000000 -0.0000000 -0.0000000 -0.0000000 1.0000000
372.001557 -0.0028546 -0.0002178 0.0008853 -0.0000920 -0.0040476 -0.0003825 0.9999917
372.051553 -0.0028484 -0.0002204 0.0008905 -0.0001907 -0.0066385 -0.0005167 0.9999778
372.151543 -0.0033382 -0.0000296 0.0000565 -0.0000793 -0.0110068 -0.0007362 0.9999391
372.651494 -0.0099415 -0.0008726 0.0013171 -0.0010154 -0.0189394 -0.0036498 0.9998134
373.451417 -0.0285570 -0.0013304 0.0030187 -0.0007644 -0.0335941 -0.0048588 0.9994234
373.651398 -0.0288409 -0.0011352 0.0020328 -0.0005899 -0.0415259 -0.0040122 0.9991292
373.851378 -0.0295297 -0.0006549 -0.0002825 -0.0000391 -0.0576127 -0.0033706 0.9983333
374.001364 -0.0299354 -0.0003022 -0.0018811 -0.0002170 -0.0706132 -0.0037995 0.9974965
374.201344 -0.0303768 0.0001215 -0.0038934 -0.0006500 -0.0818430 -0.0042677 0.9966359
374.251339 -0.0304770 0.0002170 -0.0043732 -0.0006989 -0.0858927 -0.0032879 0.9962987
374.351330 -0.0305854 0.0003477 -0.0050782 -0.0012554 -0.0994366 -0.0028491 0.9950390
375.751194 -0.0339039 0.0008027 -0.0088309 -0.0015765 -0.1574183 -0.0058325 0.9875135
375.851185 -0.0339166 0.0007319 -0.0089102 -0.0019636 -0.1644418 -0.0034242 0.9863789
376.451126 -0.0338295 0.0012651 -0.0111457 -0.0017357 -0.1919738 -0.0065765 0.9813765
376.651107 -0.0337889 0.0012121 -0.0110318 -0.0021188 -0.1917657 -0.0061077 0.9814195
378.300947 -0.0256300 0.0041377 -0.0199924 0.0018498 -0.2576299 -0.0216913 0.9659984
378.400938 -0.0256017 0.0041674 -0.0201091 0.0016335 -0.2602560 -0.0215609 0.9652975
379.050875 -0.0255690 0.0041749 -0.0201426 0.0017845 -0.2879930 -0.0261705 0.9572732
379.100870 -0.0255680 0.0041769 -0.0201455 0.0020058 -0.2901447 -0.0268659 0.9566035
379.200860 -0.0254557 0.0042887 -0.0205752 0.0025151 -0.2939976 -0.0277219 0.9554008
379.250855 -0.0253521 0.0043196 -0.0207009 0.0023672 -0.2970611 -0.0286208 0.9544265
379.350846 -0.0253272 0.0043284 -0.0207410 0.0025008 -0.2999415 -0.0295167 0.9534976
380.150768 -0.0251005 0.0044159 -0.0210357 0.0033328 -0.3365512 -0.0360809 0.9409679
380.450739 -0.0251103 0.0044103 -0.0210085 0.0024121 -0.3527265 -0.0356939 0.9350424
380.950691 -0.0251052 0.0044170 -0.0209783 0.0027935 -0.3802325 -0.0393545 0.9240491
381.150671 -0.0250999 0.0044091 -0.0209896 0.0034536 -0.3885821 -0.0435946 0.9203758
381.350652 -0.0250938 0.0044034 -0.0209967 0.0018124 -0.3960334 -0.0438211 0.9171881
381.400647 -0.0250922 0.0044080 -0.0210080 0.0012317 -0.3970092 -0.0423587 0.9168358
381.450642 -0.0250889 0.0044106 -0.0210198 0.0008708 -0.3953912 -0.0425385 0.9175268
381.550633 -0.0250774 0.0044286 -0.0210344 0.0012059 -0.3949418 -0.0408268 0.9177977
