371.851572 0.0000000 0.0000000 0.0000000 -0.0000000 -0.0000000 -0.0000000 1.0000000
372.001557 -0.0197400 0.0001528 -0.0004673 -0.0000027 -0.0015797 0.0000395 0.9999987
372.051553 -0.0258046 0.0007048 0.0005578 0.0001743 -0.0024515 0.0002054 0.9999970
372.151543 -0.0358073 0.0004479 -0.0005330 0.0000209 -0.0045287 0.0003288 0.9999897
373.901373 -0.2869574 0.0015678 0.0033844 0.0029904 -0.0110377 0.0014241 0.9999336
374.051359 -0.3123336 0.0017476 0.0025397 0.0018266 -0.0132917 0.0014325 0.9999090
374.251339 -0.3459222 0.0012072 0.0037259 0.0010280 -0.0162459 0.0010097 0.9998670
374.601306 -0.4039434 0.0028809 0.0065385 0.0006037 -0.0341252 0.0001572 0.9994174
374.701296 -0.4182782 0.0026600 0.0062109 -0.0002912 -0.0297530 0.0001021 0.9995573
375.001267 -0.4580729 0.0014585 0.0050731 0.0003302 -0.0176168 0.0008659 0.9998444
375.051262 -0.4655281 0.0010114 0.0043224 0.0004514 -0.0173723 0.0009872 0.9998485
376.701102 -0.6094662 0.0023978 0.0053493 -0.0007357 -0.0184014 0.0001565 0.9998304
376.801093 -0.6159315 0.0017505 0.0052657 -0.0008481 -0.0222028 0.0006223 0.9997529
378.500928 -0.7847541 0.0054012 -0.0067228 -0.0004308 -0.0059149 0.0005894 0.9999822
378.550923 -0.7887235 0.0014316 -0.0086976 -0.0020456 -0.0072124 0.0015026 0.9999708
379.050875 -0.8443488 0.0003965 -0.0105446 -0.0024980 -0.0104759 0.0007886 0.9999417
379.100870 -0.8462960 0.0006578 -0.0139890 -0.0023941 -0.0126182 0.0008759 0.9999171
379.150865 -0.8473234 0.0011933 -0.0167136 -0.0022906 -0.0152738 0.0009684 0.9998803
380.100773 -0.9614549 -0.0018235 -0.0216518 -0.0028525 -0.0259753 0.0009442 0.9996581
380.250759 -0.9650221 -0.0011884 -0.0236196 -0.0030283 -0.0301622 0.0005364 0.9995403
380.900696 -1.0548456 0.0022788 -0.0310005 -0.0023187 -0.0399220 0.0020083 0.9991981
381.050681 -1.0535536 0.0024275 -0.0339379 -0.0030582 -0.0449148 0.0032219 0.9989810
381.400647 -1.0535976 0.0019712 -0.0352271 -0.0057613 -0.0629703 0.0058222 0.9979818
381.500638 -1.0537126 0.0013934 -0.0373382 -0.0069234 -0.0616432 0.0078007 0.9980438
381.550633 -1.0536321 -0.0000328 -0.0366879 -0.0083935 -0.0620078 0.0098250 0.9979920
381.600628 -1.0550530 0.0006018 -0.0351578 -0.0096496 -0.0635094 0.0146084 0.9978276
381.650623 -1.0538516 0.0004091 -0.0373308 -0.0106117 -0.0654935 0.0196834 0.9976025
381.800609 -1.0616471 -0.0001900 -0.0298445 -0.0133139 -0.0742505 0.0353035 0.9965256
