2469.725037 0.0000000 0.0000000 0.0000000 -0.0000000 -0.0000000 -0.0000000 1.0000000
2470.943687 -0.0159037 0.0033869 0.0012484 -0.0102416 -0.0015341 0.0001073 0.9999464
2471.097089 -0.0176986 0.0036083 0.0013390 -0.0085845 -0.0020556 0.0000008 0.9999611
2471.654562 -0.0233706 0.0051036 0.0021931 -0.0117189 0.0037832 -0.0000586 0.9999242
2471.804883 -0.0251524 0.0063444 0.0023649 -0.0156748 0.0047361 -0.0002503 0.9998659
2472.206050 -0.0317335 0.0095753 0.0039603 -0.0270975 0.0097651 -0.0007935 0.9995848
2472.256203 -0.0317012 0.0095924 0.0039850 -0.0285466 0.0091418 -0.0006180 0.9995505
2472.905942 -0.0398076 0.0097306 0.0042337 -0.0280921 0.0024366 -0.0007523 0.9996021
2473.205498 -0.0442788 0.0091598 0.0042602 -0.0172636 -0.0026481 0.0000414 0.9998475
2474.053085 -0.0543970 0.0045107 0.0033390 0.0541708 -0.0099183 0.0032793 0.9984770
2474.102764 -0.0546526 0.0046119 0.0035458 0.0604015 -0.0111586 0.0036745 0.9981050
2474.252177 -0.0547467 0.0030089 0.0023266 0.0699180 -0.0159997 0.0041833 0.9974157
2476.029050 -0.0774543 -0.0036847 -0.0012213 0.1425414 -0.0224535 0.0066915 0.9895115
2476.229050 -0.0779150 -0.0023304 -0.0006311 0.1348801 -0.0199676 0.0069315 0.9906365
2476.674364 -0.0837365 -0.0030034 -0.0000526 0.1350144 -0.0166345 0.0074528 0.9906760
2476.774355 -0.0845263 -0.0028191 -0.0012276 0.1371325 -0.0180771 0.0076988 0.9903579
2476.974335 -0.0846943 -0.0023478 -0.0016004 0.1406044 -0.0175635 0.0086075 0.9898726
2477.074326 -0.0846714 -0.0024183 -0.0015602 0.1418935 -0.0171482 0.0086069 0.9896960
2477.624272 -0.0847332 -0.0035687 -0.0017285 0.1396258 -0.0155820 0.0096895 0.9900343
2479.524088 -0.1031249 0.0103667 -0.0004957 -0.0207641 0.0057567 -0.0001923 0.9997678
2479.574084 -0.1052350 0.0081176 0.0011904 -0.0277885 0.0063870 -0.0019046 0.9995916
2480.473997 -0.1010633 0.0220549 0.0029298 -0.0917550 0.0124017 -0.0062210 0.9956850
2480.623982 -0.1015478 0.0210042 0.0012472 -0.1029583 0.0135220 -0.0078503 0.9945628
2480.823963 -0.1018460 0.0207715 -0.0004763 -0.1088863 0.0142952 -0.0084834 0.9939153
2481.173929 -0.1013360 0.0196812 0.0011473 -0.1090474 0.0146552 -0.0087965 0.9938896
