2444.927438 0.0000000 0.0000000 0.0000000 -0.0000000 -0.0000000 -0.0000000 1.0000000
2449.776969 -0.0144925 0.0018050 0.0021840 -0.0222829 -0.0249498 -0.0017456 0.9994388
2449.876959 -0.0153301 0.0013831 0.0019649 -0.0219771 -0.0265761 -0.0019885 0.9994032
2450.376911 -0.0224884 0.0012886 0.0020307 -0.0176153 -0.0387209 -0.0109386 0.9990349
2450.576891 -0.0256779 0.0012816 0.0022338 -0.0157093 -0.0443396 -0.0151623 0.9987779
2450.876862 -0.0299958 0.0008312 0.0020086 -0.0130303 -0.0506281 -0.0220949 0.9983881
2451.526799 -0.0403100 0.0011856 0.0020233 -0.0102924 -0.0672741 -0.0352139 0.9970598
2451.826770 -0.0454633 0.0021904 0.0020412 -0.0101919 -0.0759070 -0.0404759 0.9962409
2452.576698 -0.0546566 0.0019811 0.0002691 -0.0034096 -0.0955296 -0.0470502 0.9943082
2452.726683 -0.0587884 0.0027538 -0.0004529 -0.0034770 -0.1022590 -0.0484956 0.9935689
2452.826673 -0.0658961 0.0038732 -0.0018079 -0.0033812 -0.1096328 -0.0519788 0.9926064
2453.276630 -0.0671151 0.0033454 -0.0031741 -0.0088476 -0.1271348 -0.0607625 0.9899831
2454.676494 -0.0834051 0.0062931 -0.0036927 -0.0086679 -0.1521731 -0.0847897 0.9846720
2456.676301 -0.1110661 0.0138083 -0.0090223 -0.0139676 -0.1897420 -0.1318109 0.9728457
2457.276243 -0.1232618 0.0173563 -0.0129765 -0.0179153 -0.2077234 -0.1461629 0.9670401
2457.576214 -0.1289635 0.0197334 -0.0148624 -0.0164831 -0.2187082 -0.1545857 0.9633267
2457.776194 -0.1336531 0.0209945 -0.0181281 -0.0163639 -0.2253760 -0.1617129 0.9606180
2457.826189 -0.1334156 0.0207660 -0.0184258 -0.0162395 -0.2275540 -0.1623032 0.9600069
2458.126160 -0.1391543 0.0228666 -0.0206302 -0.0135777 -0.2327992 -0.1680199 0.9578046
2458.476126 -0.1471059 0.0254687 -0.0263371 0.0046142 -0.2503491 -0.1766284 0.9518963
2458.676502 -0.1534047 0.0275567 -0.0300942 0.0172421 -0.2631391 -0.1794475 0.9477654
2458.880493 -0.1569610 0.0278924 -0.0330924 0.0271460 -0.2720905 -0.1813699 0.9446348
2459.187575 -0.1627505 0.0296257 -0.0384736 0.0515641 -0.2877504 -0.1829418 0.9386550
2459.287288 -0.1647978 0.0296200 -0.0395207 0.0604354 -0.2925663 -0.1823108 0.9367579
2459.541946 -0.1679300 0.0291561 -0.0418040 0.0780574 -0.3033661 -0.1812391 0.9322169
2459.746055 -0.1716538 0.0299271 -0.0455779 0.0894905 -0.3133494 -0.1831648 0.9274989
2460.398896 -0.1812683 0.0320137 -0.0530943 0.1276453 -0.3353370 -0.1807308 0.9157468
2460.852763 -0.1889805 0.0353721 -0.0614793 0.1464738 -0.3486602 -0.1800224 0.9080603
2461.302502 -0.1891856 0.0357204 -0.0623018 0.1588544 -0.3638707 -0.1803238 0.8999149
2461.952242 -0.2064561 0.0429169 -0.0753870 0.1832744 -0.3773969 -0.1825957 0.8891799
2462.401704 -0.2063184 0.0430778 -0.0756452 0.1960015 -0.3888782 -0.1743116 0.8831606
2463.051681 -0.2058854 0.0432635 -0.0762186 0.1923297 -0.3987327 -0.1748061 0.8794682
2465.775420 -0.2295559 0.0652361 -0.1085407 0.1834206 -0.4181449 -0.1854135 0.8701342
2465.925405 -0.2302618 0.0662479 -0.1097958 0.1768866 -0.4143839 -0.1885715 0.8726041
2466.025395 -0.2302132 0.0662630 -0.1099188 0.1703793 -0.4125660 -0.1917319 0.8740705
2466.075391 -0.2297304 0.0665455 -0.1105076 0.1682978 -0.4132102 -0.1926022 0.8739781
2466.425357 -0.2284192 0.0678927 -0.1118671 0.1418349 -0.4133556 -0.2050024 0.8757820
2467.925211 -0.2424878 0.0858985 -0.1240682 0.0782482 -0.3827472 -0.2443536 0.8875095
2468.025202 -0.2422099 0.0859040 -0.1242950 0.0737192 -0.3867556 -0.2461419 0.8856634
2468.225183 -0.2412877 0.0863205 -0.1272098 0.0662359 -0.3893317 -0.2487907 0.8843850
2471.298255 -0.2590618 0.1078199 -0.1458246 0.0259975 -0.3799988 -0.2700605 0.8843033
2471.904874 -0.2615520 0.1114498 -0.1492088 0.0151371 -0.3694385 -0.2764382 0.8870558
2472.256203 -0.2644862 0.1151810 -0.1525150 0.0082000 -0.3628227 -0.2805403 0.8885885
2473.155503 -0.2690686 0.1190556 -0.1596839 0.0118402 -0.3749563 -0.2772145 0.8845449
2473.255651 -0.2700249 0.1187443 -0.1613380 0.0188671 -0.3786344 -0.2736606 0.8839626
2473.454862 -0.2712820 0.1183157 -0.1630099 0.0367813 -0.3863663 -0.2644121 0.8828672
2474.152601 -0.2746486 0.1167630 -0.1702363 0.0793045 -0.4055080 -0.2421346 0.8778638
2475.145394 -0.2794361 0.1163095 -0.1793667 0.1331377 -0.4278738 -0.2141155 0.8679591
2475.537454 -0.2794834 0.1166533 -0.1829369 0.1505718 -0.4352140 -0.2049389 0.8636649
2476.029050 -0.2829913 0.1202694 -0.1879334 0.1464913 -0.4340205 -0.2062512 0.8646542
2476.924340 -0.2870072 0.1238863 -0.1936740 0.1449809 -0.4286993 -0.2063549 0.8675339
2477.024331 -0.2871346 0.1239234 -0.1938497 0.1459265 -0.4287777 -0.2059724 0.8674275
2477.624272 -0.2867657 0.1243990 -0.1943659 0.1453452 -0.4266672 -0.2056334 0.8686454
2477.824253 -0.2860429 0.1260519 -0.1957690 0.1333681 -0.4211959 -0.2121506 0.8716646
2478.824156 -0.2923973 0.1359740 -0.1999960 0.0682857 -0.3895528 -0.2489575 0.8840847
2479.274113 -0.2927738 0.1410479 -0.1989534 0.0328544 -0.3730160 -0.2685071 0.8875154
2479.524088 -0.2920941 0.1418636 -0.1985384 0.0133999 -0.3685210 -0.2778675 0.8870189
2479.724069 -0.2913406 0.1432748 -0.1971238 0.0009840 -0.3640196 -0.2838918 0.8870705
2480.723972 -0.2890605 0.1490716 -0.1955798 -0.0577382 -0.3353489 -0.3151484 0.8859395
2481.823866 -0.2888752 0.1473002 -0.1961882 -0.0594822 -0.3381528 -0.3149057 0.8848441
