2444.927438 0.0000000 0.0000000 0.0000000 -0.0000000 -0.0000000 -0.0000000 1.0000000
2449.776969 -0.0142997 0.0016791 0.0021593 -0.0223933 -0.0250862 -0.0016309 0.9994332
2449.826964 -0.0150350 0.0018624 0.0025188 -0.0218169 -0.0260658 -0.0019944 0.9994202
2450.776872 -0.0282807 0.0011871 0.0025631 -0.0133551 -0.0489732 -0.0200879 0.9985088
2451.626790 -0.0417520 0.0012528 0.0020351 -0.0116881 -0.0712815 -0.0370166 0.9967006
2452.076746 -0.0471312 0.0014482 0.0017643 -0.0091179 -0.0841204 -0.0418053 0.9955365
2452.376717 -0.0498442 0.0015951 0.0012347 -0.0054076 -0.0893786 -0.0455242 0.9949421
2452.576698 -0.0540804 0.0021460 0.0004961 -0.0033806 -0.0959559 -0.0469997 0.9942696
2452.726683 -0.0579056 0.0025839 -0.0006087 -0.0035946 -0.1028013 -0.0481746 0.9935282
2452.826673 -0.0628938 0.0026242 -0.0025287 -0.0040231 -0.1112131 -0.0512245 0.9924674
2454.026557 -0.0763411 0.0055316 -0.0024160 -0.0085335 -0.1388882 -0.0742028 0.9874873
2454.576504 -0.0814454 0.0060386 -0.0032523 -0.0086870 -0.1513333 -0.0828924 0.9849628
2456.176349 -0.1040405 0.0117501 -0.0077104 -0.0117034 -0.1852040 -0.1187230 0.9754319
2457.176252 -0.1205618 0.0164344 -0.0129373 -0.0168908 -0.2045892 -0.1454473 0.9678342
2457.576214 -0.1278402 0.0194513 -0.0152796 -0.0164460 -0.2195302 -0.1546414 0.9631314
2457.726199 -0.1309203 0.0200185 -0.0172854 -0.0165061 -0.2246404 -0.1598472 0.9611000
2457.826189 -0.1330544 0.0215815 -0.0176999 -0.0157680 -0.2281346 -0.1626993 0.9598099
2458.226151 -0.1394016 0.0222504 -0.0223187 -0.0097274 -0.2360618 -0.1718692 0.9563687
2458.476126 -0.1468177 0.0246485 -0.0269322 0.0042014 -0.2504020 -0.1769575 0.9518231
2458.780107 -0.1536142 0.0259351 -0.0325403 0.0195745 -0.2685099 -0.1802203 0.9460655
2458.880493 -0.1554914 0.0267957 -0.0335475 0.0267019 -0.2726456 -0.1815063 0.9444612
2459.031960 -0.1589620 0.0267935 -0.0371268 0.0383593 -0.2801918 -0.1828012 0.9415969
2459.287288 -0.1626758 0.0276935 -0.0399593 0.0596537 -0.2933581 -0.1821487 0.9365919
2459.594331 -0.1673166 0.0279318 -0.0438929 0.0791504 -0.3057152 -0.1818540 0.9312372
2459.796524 -0.1712934 0.0289901 -0.0478876 0.0917267 -0.3157311 -0.1836108 0.9263840
2460.398896 -0.1793114 0.0307238 -0.0541270 0.1271490 -0.3361242 -0.1806822 0.9155368
2460.751923 -0.1828464 0.0316002 -0.0578060 0.1411580 -0.3459405 -0.1783355 0.9102725
2461.051855 -0.1872366 0.0332574 -0.0624930 0.1521934 -0.3564840 -0.1793459 0.9042076
2461.652508 -0.1968521 0.0386436 -0.0710143 0.1717036 -0.3754632 -0.1826314 0.8922954
2462.401704 -0.2030813 0.0394425 -0.0754092 0.1944627 -0.3903341 -0.1733503 0.8830477
2463.701124 -0.2148683 0.0489309 -0.0880320 0.1941761 -0.4033754 -0.1759762 0.8767076
2464.345787 -0.2160138 0.0516164 -0.0931118 0.1969886 -0.4101789 -0.1738874 0.8733338
2465.875410 -0.2297676 0.0641064 -0.1118928 0.1784687 -0.4161810 -0.1877101 0.8716119
2466.075391 -0.2289152 0.0650617 -0.1133046 0.1676781 -0.4138917 -0.1926895 0.8737554
2466.425357 -0.2272904 0.0673657 -0.1154420 0.1415232 -0.4138871 -0.2047201 0.8756474
2467.125289 -0.2363075 0.0795831 -0.1199904 0.1015350 -0.4000148 -0.2294089 0.8815046
2467.875216 -0.2398494 0.0850097 -0.1250277 0.0805240 -0.3842182 -0.2421988 0.8872609
2469.775032 -0.2493331 0.0979289 -0.1358674 0.0305988 -0.3803864 -0.2674152 0.8847932
2471.754572 -0.2602206 0.1097094 -0.1513547 0.0191293 -0.3728643 -0.2736145 0.8864205
2472.805794 -0.2658454 0.1172279 -0.1593257 0.0057963 -0.3688335 -0.2807634 0.8860588
2473.653795 -0.2708537 0.1161716 -0.1685018 0.0502715 -0.3950341 -0.2566168 0.8806638
2474.152601 -0.2734330 0.1157127 -0.1733546 0.0785241 -0.4063413 -0.2418993 0.8776135
2475.145394 -0.2785597 0.1152009 -0.1825930 0.1322449 -0.4288008 -0.2137891 0.8677185
2475.438708 -0.2781323 0.1154175 -0.1864420 0.1439643 -0.4351477 -0.2073727 0.8642438
2476.624369 -0.2832363 0.1213625 -0.1936730 0.1382681 -0.4275002 -0.2093942 0.8684927
2476.824350 -0.2858957 0.1223932 -0.1962194 0.1425957 -0.4295390 -0.2071389 0.8673271
2477.024331 -0.2860934 0.1225772 -0.1967912 0.1450899 -0.4298364 -0.2055015 0.8671556
2477.224311 -0.2855459 0.1231648 -0.1967694 0.1490482 -0.4307808 -0.2034784 0.8664924
2477.574277 -0.2859614 0.1238834 -0.1982935 0.1463797 -0.4276498 -0.2043834 0.8682835
2477.674268 -0.2849748 0.1243169 -0.1983491 0.1420666 -0.4263864 -0.2063220 0.8691622
2477.924243 -0.2868183 0.1271226 -0.2006623 0.1289063 -0.4200784 -0.2142659 0.8723574
2478.074229 -0.2865837 0.1276549 -0.2021450 0.1202918 -0.4181647 -0.2189193 0.8733513
2478.824156 -0.2915295 0.1350457 -0.2040886 0.0674395 -0.3905523 -0.2484785 0.8838435
2479.824059 -0.2910580 0.1423084 -0.2027044 -0.0084795 -0.3600220 -0.2891145 0.8869752
2479.924050 -0.2903830 0.1429094 -0.2028378 -0.0175289 -0.3559495 -0.2940963 0.8868484
2480.274016 -0.2888599 0.1459722 -0.1995383 -0.0364957 -0.3480682 -0.3039694 0.8860695
2480.523992 -0.2885695 0.1472862 -0.1996718 -0.0507925 -0.3391981 -0.3118665 0.8860610
2480.773967 -0.2890651 0.1475814 -0.2002808 -0.0592602 -0.3354206 -0.3161198 0.8854657
