2469.725037 0.0000000 0.0000000 0.0000000 -0.0000000 -0.0000000 -0.0000000 1.0000000
2471.046304 -0.0177756 0.0007721 -0.0016084 -0.0103518 -0.0016954 -0.0003351 0.9999449
2471.604231 -0.0240716 0.0010944 -0.0024754 -0.0142828 0.0049851 -0.0008127 0.9998853
2471.804883 -0.0260745 0.0016310 -0.0025317 -0.0173247 0.0051846 -0.0008043 0.9998362
2472.106039 -0.0313056 0.0023600 -0.0023578 -0.0268406 0.0094936 -0.0015943 0.9995934
2472.256203 -0.0343539 0.0030110 -0.0021219 -0.0309163 0.0102879 -0.0018436 0.9994673
2473.005933 -0.0431374 0.0020389 -0.0036653 -0.0270102 0.0011634 -0.0014780 0.9996334
2473.155503 -0.0454866 0.0016914 -0.0044182 -0.0232895 -0.0008138 -0.0010882 0.9997278
2473.405519 -0.0487536 -0.0007728 -0.0050514 0.0015532 -0.0040055 0.0003637 0.9999907
2473.903416 -0.0523708 -0.0047114 -0.0072544 0.0397085 -0.0089104 0.0026927 0.9991680
2474.053085 -0.0549073 -0.0067072 -0.0085307 0.0501823 -0.0096079 0.0030793 0.9986891
2474.102764 -0.0556341 -0.0062666 -0.0077486 0.0564051 -0.0107078 0.0033404 0.9983450
2476.029050 -0.0778341 -0.0130558 -0.0178369 0.1392868 -0.0221677 0.0072429 0.9899775
2476.129395 -0.0782232 -0.0132392 -0.0179368 0.1344219 -0.0210520 0.0071589 0.9906747
2476.624369 -0.0801681 -0.0123193 -0.0174487 0.1293798 -0.0166756 0.0082857 0.9914203
2476.774355 -0.0845484 -0.0138869 -0.0187392 0.1332258 -0.0178253 0.0082972 0.9908907
2477.024331 -0.0879726 -0.0145138 -0.0184254 0.1371042 -0.0163755 0.0086382 0.9903836
2477.274306 -0.0889826 -0.0143263 -0.0192031 0.1422752 -0.0156905 0.0089942 0.9896619
2477.624272 -0.0942068 -0.0143190 -0.0187925 0.1358067 -0.0127234 0.0087291 0.9906152
2477.674268 -0.0941398 -0.0147321 -0.0188298 0.1322314 -0.0123392 0.0085891 0.9911049
2479.174122 -0.1116443 -0.0019683 -0.0173911 0.0081030 0.0085615 0.0006585 0.9999303
2479.274113 -0.1105624 -0.0022295 -0.0176354 -0.0023797 0.0092889 -0.0003331 0.9999540
2479.424098 -0.1120021 -0.0036335 -0.0189405 -0.0160218 0.0090791 -0.0006753 0.9998302
2479.824059 -0.1129933 0.0018330 -0.0175450 -0.0495251 0.0106446 -0.0038150 0.9987089
2480.274016 -0.1120534 0.0064922 -0.0193632 -0.0834547 0.0131189 -0.0068546 0.9964017
2480.773967 -0.1118165 0.0043192 -0.0165406 -0.1133012 0.0170081 -0.0095596 0.9933691
2481.173929 -0.1113216 0.0037539 -0.0185098 -0.1151286 0.0175414 -0.0104321 0.9931409
