2469.725037 0.0000000 0.0000000 0.0000000 -0.0000000 -0.0000000 -0.0000000 1.0000000
2470.943687 -0.0137339 0.0012821 -0.0008579 -0.0108268 -0.0012079 -0.0004420 0.9999406
2471.097089 -0.0148717 0.0012334 -0.0009792 -0.0092770 -0.0019005 -0.0004204 0.9999551
2471.704715 -0.0202411 0.0017617 -0.0012967 -0.0142570 0.0043679 -0.0006890 0.9998886
2472.155896 -0.0259404 0.0036112 -0.0005495 -0.0283918 0.0108992 -0.0017560 0.9995359
2472.256203 -0.0273573 0.0036231 -0.0007426 -0.0304596 0.0097324 -0.0017651 0.9994871
2472.605932 -0.0310674 0.0032031 -0.0013751 -0.0297294 0.0065128 -0.0019988 0.9995348
2473.205498 -0.0372970 0.0028483 -0.0020088 -0.0192500 -0.0022451 -0.0009135 0.9998118
2473.355662 -0.0383449 0.0015709 -0.0027579 -0.0014797 -0.0043923 0.0003242 0.9999892
2473.903416 -0.0423340 -0.0020837 -0.0042977 0.0404527 -0.0094554 0.0025088 0.9991336
2474.053085 -0.0444400 -0.0036447 -0.0054420 0.0510172 -0.0101284 0.0029048 0.9986422
2475.390431 -0.0560282 -0.0088941 -0.0103947 0.1322692 -0.0236580 0.0057722 0.9909146
2476.029050 -0.0631764 -0.0089194 -0.0115068 0.1401007 -0.0229788 0.0069008 0.9898465
2476.524379 -0.0656849 -0.0087482 -0.0115659 0.1259818 -0.0157863 0.0073652 0.9918796
2476.624369 -0.0676394 -0.0091946 -0.0124685 0.1297995 -0.0164998 0.0076032 0.9913738
2477.224311 -0.0712163 -0.0099750 -0.0106053 0.1422953 -0.0172330 0.0084275 0.9896384
2477.324302 -0.0701168 -0.0088381 -0.0116052 0.1429760 -0.0166146 0.0088266 0.9895474
2477.424292 -0.0704618 -0.0089261 -0.0118026 0.1438546 -0.0156002 0.0089479 0.9894354
2477.774258 -0.0720103 -0.0087075 -0.0119451 0.1255301 -0.0129915 0.0080780 0.9919719
2478.974142 -0.0865490 -0.0018054 -0.0116261 0.0277517 0.0051901 0.0014890 0.9996003
2479.224118 -0.0872666 0.0034662 -0.0084841 0.0053697 0.0071558 0.0001960 0.9999600
2479.724069 -0.0880701 0.0035517 -0.0094368 -0.0381702 0.0072377 -0.0040304 0.9992369
2480.773967 -0.0895062 0.0103299 -0.0080695 -0.1101309 0.0162971 -0.0092476 0.9937405
2480.923953 -0.0883011 0.0103294 -0.0094647 -0.1118832 0.0160163 -0.0098298 0.9935437
2481.773871 -0.0880161 0.0116889 -0.0100054 -0.1093678 0.0125887 -0.0087863 0.9938828
2481.923856 -0.0881235 0.0103121 -0.0102388 -0.1081618 0.0118487 -0.0081585 0.9940292
