2444.927438 0.0000000 0.0000000 0.0000000 -0.0000000 -0.0000000 -0.0000000 1.0000000
2449.776969 -0.0152764 0.0017273 0.0021690 -0.0223265 -0.0246720 -0.0017724 0.9994447
2449.876959 -0.0161673 0.0013738 0.0017903 -0.0220016 -0.0262831 -0.0021158 0.9994102
2450.426906 -0.0241039 0.0013998 0.0020188 -0.0169026 -0.0404224 -0.0122522 0.9989646
2450.876862 -0.0308961 0.0008630 0.0019360 -0.0130750 -0.0503803 -0.0221523 0.9983988
2451.776775 -0.0458869 0.0017346 0.0020568 -0.0108322 -0.0741870 -0.0392394 0.9964132
2452.226731 -0.0500262 0.0013006 0.0012296 -0.0081371 -0.0866681 -0.0436032 0.9952493
2452.426712 -0.0528348 0.0019771 0.0013020 -0.0048330 -0.0893526 -0.0456927 0.9949397
2452.726683 -0.0599329 0.0026998 -0.0008175 -0.0035576 -0.1019845 -0.0482650 0.9936081
2452.826673 -0.0648932 0.0031947 -0.0017171 -0.0037793 -0.1105081 -0.0512633 0.9925451
2453.026654 -0.0686771 0.0043516 -0.0029260 -0.0086828 -0.1230286 -0.0568996 0.9907326
2454.676494 -0.0851981 0.0064160 -0.0036144 -0.0086496 -0.1518500 -0.0847757 0.9847233
2455.376427 -0.0972681 0.0087689 -0.0065862 -0.0078098 -0.1718407 -0.1039550 0.9795933
2456.126354 -0.1070411 0.0118919 -0.0083368 -0.0116357 -0.1830635 -0.1180704 0.9759158
2456.776291 -0.1163406 0.0147973 -0.0105565 -0.0157272 -0.1915175 -0.1330178 0.9723065
2457.576214 -0.1316792 0.0200566 -0.0155137 -0.0164976 -0.2181826 -0.1547612 0.9634174
2457.826189 -0.1370478 0.0216418 -0.0190639 -0.0160417 -0.2266453 -0.1629089 0.9601225
2458.076165 -0.1415912 0.0218378 -0.0218011 -0.0159680 -0.2309892 -0.1668162 0.9584161
2458.126160 -0.1407291 0.0232894 -0.0215160 -0.0135365 -0.2325668 -0.1678034 0.9578995
2458.326141 -0.1451388 0.0236765 -0.0237964 -0.0084836 -0.2388375 -0.1721797 0.9556353
2458.576117 -0.1528102 0.0258544 -0.0288560 0.0080445 -0.2560609 -0.1779848 0.9500998
2459.136493 -0.1648738 0.0282968 -0.0392257 0.0460732 -0.2848381 -0.1826012 0.9398943
2459.236977 -0.1670520 0.0287286 -0.0406655 0.0565972 -0.2901672 -0.1823384 0.9377380
2459.489521 -0.1700758 0.0285898 -0.0429457 0.0726065 -0.2994915 -0.1815829 0.9338419
2459.796524 -0.1762066 0.0302119 -0.0482076 0.0919070 -0.3145631 -0.1837624 0.9267333
2460.147715 -0.1813670 0.0306334 -0.0523143 0.1162762 -0.3293208 -0.1812645 0.9193317
2460.298471 -0.1837296 0.0316132 -0.0536629 0.1245909 -0.3332328 -0.1805206 0.9169762
2461.752795 -0.2040794 0.0411036 -0.0740305 0.1753538 -0.3775399 -0.1840072 0.8904246
2461.952242 -0.2050661 0.0405104 -0.0736711 0.1819902 -0.3789082 -0.1812877 0.8890686
2464.395328 -0.2228862 0.0535832 -0.0940996 0.1969989 -0.4094585 -0.1746698 0.8735135
2465.775420 -0.2363118 0.0667286 -0.1132942 0.1831075 -0.4165313 -0.1859996 0.8708487
2465.875410 -0.2363466 0.0662137 -0.1126340 0.1787222 -0.4145574 -0.1880025 0.8722704
2465.975400 -0.2357324 0.0671725 -0.1137094 0.1732237 -0.4120551 -0.1905669 0.8740071
2466.175381 -0.2348550 0.0677560 -0.1142866 0.1610844 -0.4149693 -0.1959474 0.8737602
2466.275371 -0.2346805 0.0678997 -0.1144795 0.1529244 -0.4163945 -0.1992440 0.8738030
2466.375362 -0.2317884 0.0713427 -0.1172703 0.1457323 -0.4135249 -0.2035455 0.8754019
2468.225183 -0.2492209 0.0909509 -0.1291057 0.0669811 -0.3879343 -0.2487283 0.8849603
2468.525153 -0.2506832 0.0926764 -0.1322655 0.0577186 -0.3853826 -0.2538314 0.8852788
2469.275081 -0.2536434 0.0977510 -0.1358503 0.0405054 -0.3828141 -0.2628676 0.8847108
2469.525057 -0.2541817 0.0994665 -0.1372256 0.0342304 -0.3815096 -0.2658614 0.8846449
2469.625047 -0.2538121 0.1008823 -0.1367932 0.0337077 -0.3813033 -0.2658266 0.8847643
2471.298255 -0.2642743 0.1091347 -0.1500955 0.0253868 -0.3791935 -0.2699366 0.8847045
2471.754572 -0.2661875 0.1114477 -0.1527743 0.0191761 -0.3714240 -0.2737924 0.8869691
2472.106039 -0.2686144 0.1147858 -0.1556585 0.0108577 -0.3637045 -0.2786796 0.8887850
2472.656085 -0.2720210 0.1181083 -0.1606779 0.0067193 -0.3659846 -0.2805758 0.8872921
2473.255651 -0.2757250 0.1199742 -0.1662617 0.0181294 -0.3776041 -0.2737087 0.8844038
2473.454862 -0.2770331 0.1193287 -0.1684465 0.0360407 -0.3852439 -0.2645740 0.8833396
2473.653795 -0.2778682 0.1186945 -0.1700052 0.0504160 -0.3932288 -0.2567511 0.8814240
2475.438708 -0.2856731 0.1180645 -0.1874811 0.1442715 -0.4334023 -0.2075513 0.8650264
2475.638036 -0.2871836 0.1188883 -0.1895946 0.1532531 -0.4343246 -0.2032058 0.8640504
2476.574374 -0.2907785 0.1239945 -0.1953457 0.1378844 -0.4247968 -0.2102472 0.8696733
2476.924340 -0.2924097 0.1251885 -0.1987448 0.1444611 -0.4279050 -0.2058992 0.8681208
2477.324302 -0.2939762 0.1268110 -0.1999705 0.1498948 -0.4274818 -0.2034604 0.8679832
2477.574277 -0.2939376 0.1269839 -0.2004236 0.1467625 -0.4254656 -0.2046988 0.8692170
2477.974239 -0.2949552 0.1302652 -0.2049930 0.1255199 -0.4170851 -0.2163389 0.8737747
2478.574180 -0.2986126 0.1353386 -0.2072880 0.0845069 -0.4007116 -0.2376737 0.8807951
2479.824059 -0.2995816 0.1455855 -0.2069294 -0.0085697 -0.3573639 -0.2888770 0.8881260
2480.124030 -0.2994812 0.1457293 -0.2077181 -0.0292933 -0.3487690 -0.2995078 0.8875794
2480.274016 -0.2996106 0.1456989 -0.2080784 -0.0384239 -0.3439328 -0.3045321 0.8874086
2480.424001 -0.3001282 0.1458202 -0.2085644 -0.0473645 -0.3378676 -0.3094830 0.8875936
2480.823963 -0.2967261 0.1507972 -0.2049960 -0.0609439 -0.3318562 -0.3163618 0.8866073
2481.573890 -0.2970562 0.1497530 -0.2061094 -0.0612371 -0.3326542 -0.3162514 0.8863274
