2444.927438 0.0000000 0.0000000 0.0000000 -0.0000000 -0.0000000 -0.0000000 1.0000000
2449.776969 -0.0149217 0.0017329 0.0022902 -0.0223345 -0.0249620 -0.0017483 0.9994374
2449.876959 -0.0159423 0.0014859 0.0020751 -0.0219322 -0.0264971 -0.0020442 0.9994062
2450.476901 -0.0246418 0.0010537 0.0023327 -0.0166620 -0.0419398 -0.0132189 0.9988937
2451.276823 -0.0365756 0.0011104 0.0023654 -0.0118513 -0.0614457 -0.0308522 0.9975631
2451.626790 -0.0425888 0.0012367 0.0020522 -0.0116025 -0.0712886 -0.0369214 0.9967046
2451.826770 -0.0460520 0.0015715 0.0019318 -0.0104693 -0.0762492 -0.0403361 0.9962176
2452.426712 -0.0522708 0.0019002 0.0014275 -0.0048656 -0.0900353 -0.0455863 0.9948829
2452.826673 -0.0643264 0.0028503 -0.0018236 -0.0039345 -0.1113801 -0.0512712 0.9924466
2453.826577 -0.0758220 0.0050018 -0.0021865 -0.0078189 -0.1355834 -0.0694306 0.9882993
2454.676494 -0.0844953 0.0061273 -0.0033656 -0.0087560 -0.1528929 -0.0847174 0.9845659
2455.576407 -0.1003509 0.0102247 -0.0064124 -0.0098979 -0.1769616 -0.1082263 0.9781992
2456.226344 -0.1075073 0.0116563 -0.0083923 -0.0121519 -0.1850366 -0.1199735 0.9753052
2457.276243 -0.1252699 0.0169872 -0.0135625 -0.0181873 -0.2085093 -0.1462897 0.9668466
2457.776194 -0.1354532 0.0206648 -0.0184841 -0.0166098 -0.2263051 -0.1616395 0.9604077
2457.876184 -0.1376083 0.0207548 -0.0205285 -0.0166139 -0.2287623 -0.1647413 0.9592977
2458.126160 -0.1410574 0.0216926 -0.0220431 -0.0140188 -0.2334573 -0.1685820 0.9575392
2458.376136 -0.1474964 0.0246768 -0.0280900 -0.0023427 -0.2416857 -0.1759502 0.9542663
2458.426131 -0.1470474 0.0234547 -0.0265587 0.0004188 -0.2475908 -0.1749985 0.9529293
2458.676502 -0.1559485 0.0262260 -0.0322853 0.0166851 -0.2635150 -0.1799249 0.9475803
2458.980345 -0.1616652 0.0270029 -0.0369131 0.0338527 -0.2780522 -0.1828714 0.9423901
2459.084542 -0.1639403 0.0273699 -0.0385394 0.0421198 -0.2836260 -0.1827441 0.9404184
2459.337284 -0.1670870 0.0271415 -0.0423239 0.0621611 -0.2953504 -0.1821040 0.9358110
2459.387891 -0.1675918 0.0272224 -0.0430398 0.0642286 -0.2958599 -0.1827040 0.9353934
2459.695586 -0.1733372 0.0289476 -0.0469049 0.0854763 -0.3113561 -0.1833593 0.9285099
2460.147715 -0.1802807 0.0296984 -0.0525116 0.1164059 -0.3310072 -0.1815273 0.9186576
2460.701533 -0.1862137 0.0316715 -0.0578812 0.1379590 -0.3437367 -0.1797339 0.9113222
2461.552142 -0.2002469 0.0386154 -0.0704282 0.1649871 -0.3720450 -0.1841486 0.8946793
2463.601312 -0.2171641 0.0479713 -0.0876448 0.1934861 -0.4021389 -0.1761735 0.8773884
2465.133957 -0.2358051 0.0624476 -0.1095054 0.2062365 -0.4237987 -0.1731488 0.8648010
2465.477859 -0.2336723 0.0647030 -0.1120182 0.1933488 -0.4244590 -0.1799481 0.8660655
2465.775420 -0.2338029 0.0645211 -0.1118532 0.1826029 -0.4192650 -0.1855441 0.8697393
2465.875410 -0.2338063 0.0645198 -0.1118491 0.1783050 -0.4171925 -0.1875329 0.8711998
2466.175381 -0.2320073 0.0668863 -0.1140135 0.1608777 -0.4174964 -0.1954741 0.8726999
2466.275371 -0.2310775 0.0681073 -0.1151526 0.1530306 -0.4190231 -0.1985620 0.8726823
2466.875313 -0.2393133 0.0777148 -0.1182374 0.1128658 -0.3985861 -0.2228604 0.8824532
2467.025299 -0.2413435 0.0795695 -0.1225405 0.1057494 -0.3996370 -0.2276704 0.8816312
2468.875119 -0.2503902 0.0948850 -0.1317310 0.0496226 -0.3841226 -0.2582135 0.8850499
2469.375071 -0.2540662 0.0996380 -0.1364400 0.0383363 -0.3843552 -0.2641239 0.8837647
2469.525057 -0.2539837 0.0997215 -0.1373469 0.0343866 -0.3834587 -0.2661014 0.8837234
2469.625047 -0.2545527 0.0999413 -0.1374923 0.0333156 -0.3829976 -0.2665038 0.8838432
2469.875023 -0.2560547 0.1013458 -0.1385273 0.0296282 -0.3783632 -0.2687640 0.8852849
2471.298255 -0.2647271 0.1097994 -0.1503719 0.0256106 -0.3810632 -0.2702850 0.8837879
2471.754572 -0.2667256 0.1122187 -0.1534132 0.0193788 -0.3731355 -0.2741497 0.8861356
2472.256203 -0.2701797 0.1173263 -0.1577322 0.0078685 -0.3638235 -0.2808259 0.8880920
2472.706080 -0.2723559 0.1197934 -0.1610666 0.0072410 -0.3691889 -0.2806114 0.8859484
2473.653795 -0.2780495 0.1196417 -0.1704765 0.0506803 -0.3952987 -0.2569989 0.8804102
2474.053085 -0.2797933 0.1185266 -0.1746666 0.0725336 -0.4033150 -0.2458020 0.8784403
2475.537454 -0.2875715 0.1198822 -0.1901368 0.1503345 -0.4355431 -0.2054817 0.8634112
2476.029050 -0.2887514 0.1224713 -0.1938728 0.1459945 -0.4351352 -0.2061651 0.8641984
2476.374393 -0.2909569 0.1243639 -0.1948489 0.1378423 -0.4283684 -0.2107753 0.8677982
2476.974335 -0.2928556 0.1265097 -0.1997184 0.1449229 -0.4298493 -0.2062418 0.8670014
2477.424292 -0.2932122 0.1267851 -0.2016313 0.1507661 -0.4289488 -0.2029558 0.8672264
2477.574277 -0.2933907 0.1269392 -0.2014892 0.1466826 -0.4275396 -0.2048863 0.8681681
2478.324205 -0.2966099 0.1337491 -0.2049641 0.1045430 -0.4119006 -0.2276111 0.8761289
2479.174122 -0.2974861 0.1411689 -0.2064596 0.0398979 -0.3790028 -0.2623207 0.8865399
2479.674074 -0.2987015 0.1465367 -0.2062490 0.0031657 -0.3655031 -0.2827751 0.8868122
2479.824059 -0.2974604 0.1480121 -0.2046207 -0.0075402 -0.3605950 -0.2884349 0.8869722
2480.024040 -0.2979942 0.1491992 -0.2045425 -0.0223857 -0.3538642 -0.2962014 0.8868731
2480.374006 -0.2963795 0.1504170 -0.2033851 -0.0413594 -0.3448778 -0.3063234 0.8862926
2481.423905 -0.2963416 0.1519924 -0.2041463 -0.0604865 -0.3336633 -0.3169009 0.8857675
2481.673880 -0.2961783 0.1527801 -0.2034005 -0.0591504 -0.3367604 -0.3156945 0.8851162
