2444.927438 0.0000000 0.0000000 0.0000000 -0.0000000 -0.0000000 -0.0000000 1.0000000
2449.776969 -0.0146089 0.0017116 0.0021189 -0.0223355 -0.0249294 -0.0017495 0.9994382
2449.876959 -0.0156469 0.0016872 0.0019891 -0.0218130 -0.0264126 -0.0021550 0.9994108
2450.526896 -0.0248770 0.0012257 0.0021023 -0.0162304 -0.0428374 -0.0137983 0.9988549
2450.776872 -0.0283554 0.0010957 0.0022452 -0.0133666 -0.0488490 -0.0200818 0.9985148
2451.626790 -0.0419105 0.0014716 0.0021807 -0.0115135 -0.0711218 -0.0370527 0.9967127
2452.076746 -0.0478366 0.0016107 0.0016963 -0.0090485 -0.0836578 -0.0419823 0.9955687
2452.426712 -0.0515308 0.0018212 0.0011182 -0.0049195 -0.0896970 -0.0457492 0.9949057
2452.826673 -0.0633210 0.0029909 -0.0016391 -0.0038790 -0.1110188 -0.0513691 0.9924822
2453.076649 -0.0672132 0.0039708 -0.0026927 -0.0102483 -0.1247857 -0.0574231 0.9904676
2453.326625 -0.0693229 0.0044275 -0.0022007 -0.0085510 -0.1275777 -0.0626647 0.9898100
2454.676494 -0.0831990 0.0060547 -0.0035989 -0.0087540 -0.1523644 -0.0848189 0.9846391
2456.176349 -0.1047515 0.0117495 -0.0078738 -0.0117472 -0.1846531 -0.1187167 0.9755366
2456.676301 -0.1109019 0.0134098 -0.0092371 -0.0141946 -0.1899463 -0.1317323 0.9728132
2456.776291 -0.1132560 0.0141441 -0.0099843 -0.0159168 -0.1924478 -0.1328327 0.9721450
2457.126257 -0.1200435 0.0164444 -0.0120454 -0.0163956 -0.2023304 -0.1429977 0.9686822
2457.826189 -0.1344942 0.0208286 -0.0188030 -0.0162430 -0.2271504 -0.1631538 0.9599582
2458.076165 -0.1344708 0.0211771 -0.0213934 -0.0156041 -0.2334918 -0.1665618 0.9578598
2458.476126 -0.1465432 0.0237896 -0.0296739 0.0041730 -0.2498360 -0.1775888 0.9518544
2458.830833 -0.1540364 0.0248328 -0.0350693 0.0223580 -0.2702681 -0.1814803 0.9452620
2458.980345 -0.1578684 0.0264614 -0.0369945 0.0338506 -0.2776068 -0.1829949 0.9424975
2459.084542 -0.1598020 0.0268560 -0.0383920 0.0420769 -0.2832412 -0.1828110 0.9405234
2459.541946 -0.1656618 0.0264326 -0.0441051 0.0771465 -0.3038600 -0.1817588 0.9320307
2459.695586 -0.1690374 0.0279845 -0.0465092 0.0853073 -0.3109971 -0.1834437 0.9286290
2460.147715 -0.1762539 0.0285345 -0.0521198 0.1160890 -0.3305203 -0.1816730 0.9188442
2461.552142 -0.1954845 0.0376994 -0.0698456 0.1648829 -0.3715491 -0.1843360 0.8948660
2461.602137 -0.1962917 0.0377905 -0.0705341 0.1677462 -0.3731132 -0.1846931 0.8936086
2461.652508 -0.1971405 0.0378884 -0.0715356 0.1715537 -0.3753349 -0.1832303 0.8922554
2463.501499 -0.2138704 0.0463061 -0.0869252 0.1925183 -0.3994332 -0.1770110 0.8786678
2463.900552 -0.2129009 0.0462621 -0.0873399 0.1934086 -0.4063425 -0.1758341 0.8755348
2464.543555 -0.2188087 0.0526093 -0.0959372 0.1978198 -0.4133203 -0.1736954 0.8717015
2465.625434 -0.2315050 0.0640758 -0.1129003 0.1876366 -0.4198105 -0.1837193 0.8687916
2465.875410 -0.2312202 0.0644175 -0.1133513 0.1784762 -0.4156321 -0.1883616 0.8717316
2466.075391 -0.2301598 0.0651802 -0.1141937 0.1676094 -0.4133723 -0.1935657 0.8738208
2466.275371 -0.2288356 0.0668620 -0.1158316 0.1526926 -0.4177643 -0.1994664 0.8731387
2466.375362 -0.2287534 0.0671691 -0.1160399 0.1446622 -0.4148324 -0.2038363 0.8748930
2466.475352 -0.2283221 0.0684582 -0.1172141 0.1366132 -0.4109341 -0.2090038 0.8768052
2466.675333 -0.2305739 0.0713995 -0.1162495 0.1200159 -0.4024984 -0.2183504 0.8808600
2467.925211 -0.2403842 0.0845519 -0.1256142 0.0775636 -0.3839707 -0.2439554 0.8871506
2468.225183 -0.2416513 0.0881691 -0.1270700 0.0666438 -0.3899701 -0.2488395 0.8840593
2469.625047 -0.2489111 0.0969361 -0.1360283 0.0327788 -0.3826633 -0.2665094 0.8840063
2470.686165 -0.2568469 0.1054155 -0.1439964 0.0225008 -0.3737584 -0.2735994 0.8859695
2471.451994 -0.2562203 0.1050509 -0.1486142 0.0234278 -0.3792283 -0.2706561 0.8845238
2471.804883 -0.2600443 0.1097617 -0.1513910 0.0176863 -0.3718602 -0.2748045 0.8865042
2472.406208 -0.2643346 0.1143431 -0.1568072 0.0074013 -0.3654013 -0.2808248 0.8874484
2472.955937 -0.2665513 0.1168592 -0.1609027 0.0069294 -0.3709862 -0.2801839 0.8853351
2473.653795 -0.2707873 0.1164131 -0.1673496 0.0503390 -0.3952738 -0.2568986 0.8804702
2475.145394 -0.2800902 0.1159537 -0.1833690 0.1325333 -0.4281383 -0.2145715 0.8678085
2475.438708 -0.2784960 0.1156071 -0.1851550 0.1440135 -0.4353113 -0.2077009 0.8640744
2475.638036 -0.2795045 0.1156154 -0.1869511 0.1527165 -0.4365978 -0.2029335 0.8630632
2476.974335 -0.2865452 0.1240764 -0.1974895 0.1449114 -0.4294478 -0.2066935 0.8670946
2477.374297 -0.2867321 0.1239679 -0.1979784 0.1505961 -0.4294015 -0.2031482 0.8669868
2477.574277 -0.2866883 0.1246279 -0.1984476 0.1465949 -0.4273260 -0.2050444 0.8682507
2477.674268 -0.2865969 0.1250610 -0.1997560 0.1422954 -0.4255635 -0.2073358 0.8692868
2477.874248 -0.2862418 0.1257388 -0.2006391 0.1306067 -0.4209635 -0.2134678 0.8718734
2478.274210 -0.2872817 0.1280568 -0.2035778 0.1069589 -0.4131950 -0.2260797 0.8756241
2478.424195 -0.2872152 0.1279772 -0.2051645 0.0971929 -0.4099204 -0.2310868 0.8769935
2480.024040 -0.2890525 0.1431381 -0.2027041 -0.0233921 -0.3542781 -0.2964883 0.8865859
2480.174026 -0.2888720 0.1444561 -0.2024762 -0.0323040 -0.3496085 -0.3019409 0.8863194
2480.324011 -0.2890273 0.1441862 -0.2023975 -0.0412625 -0.3450089 -0.3064182 0.8862134
2481.423905 -0.2876192 0.1467717 -0.2007155 -0.0610543 -0.3342869 -0.3172117 0.8853821
2481.823866 -0.2891709 0.1435133 -0.2044609 -0.0616980 -0.3377522 -0.3161693 0.8843946
