2469.725037 0.0000000 0.0000000 0.0000000 -0.0000000 -0.0000000 -0.0000000 1.0000000
2470.943687 -0.0158018 0.0009280 -0.0010866 -0.0110785 -0.0011603 -0.0003440 0.9999379
2471.247509 -0.0192019 0.0004866 -0.0016542 -0.0079290 -0.0017123 -0.0000354 0.9999671
2471.604231 -0.0222939 0.0013734 -0.0015164 -0.0142531 0.0047972 -0.0007936 0.9998866
2471.704715 -0.0238207 0.0011344 -0.0018726 -0.0146332 0.0046518 -0.0007208 0.9998819
2472.455927 -0.0349550 0.0024322 -0.0019519 -0.0301908 0.0075987 -0.0021223 0.9995130
2473.005933 -0.0406471 0.0026574 -0.0023181 -0.0267838 0.0010022 -0.0014559 0.9996397
2473.205498 -0.0433823 0.0018627 -0.0030350 -0.0198409 -0.0020317 -0.0008920 0.9998007
2473.454862 -0.0464502 -0.0007024 -0.0038389 0.0068535 -0.0045961 0.0006803 0.9999657
2473.504185 -0.0466872 -0.0014148 -0.0044141 0.0110047 -0.0059755 0.0010633 0.9999210
2474.053085 -0.0514670 -0.0049446 -0.0067421 0.0507060 -0.0099344 0.0029036 0.9986600
2476.029050 -0.0728055 -0.0119214 -0.0137686 0.1394617 -0.0227362 0.0071219 0.9899408
2476.229050 -0.0745929 -0.0110102 -0.0138684 0.1316489 -0.0198594 0.0069660 0.9910730
2476.374393 -0.0743676 -0.0110181 -0.0138767 0.1287185 -0.0181250 0.0072862 0.9914888
2476.624369 -0.0767974 -0.0107932 -0.0138283 0.1297265 -0.0166992 0.0077129 0.9913792
2476.924340 -0.0824869 -0.0118705 -0.0150649 0.1367813 -0.0169715 0.0081733 0.9904222
2477.024331 -0.0828090 -0.0119505 -0.0148612 0.1377801 -0.0168713 0.0082020 0.9902852
2477.424292 -0.0850374 -0.0113570 -0.0152873 0.1433778 -0.0142925 0.0086914 0.9895267
2477.574277 -0.0850357 -0.0113473 -0.0154297 0.1385368 -0.0139966 0.0086611 0.9902205
2477.624272 -0.0850303 -0.0115581 -0.0152689 0.1366139 -0.0143190 0.0087303 0.9904824
2478.974142 -0.1014461 -0.0039151 -0.0161286 0.0272424 0.0060114 0.0025003 0.9996077
2479.924050 -0.1015654 0.0048078 -0.0136507 -0.0600211 0.0093966 -0.0041465 0.9981443
2480.623982 -0.1015949 0.0081488 -0.0116115 -0.1076404 0.0152435 -0.0094506 0.9940282
2481.173929 -0.1015419 0.0079187 -0.0109248 -0.1130460 0.0163906 -0.0102001 0.9934022
2481.523895 -0.1008190 0.0082310 -0.0119670 -0.1132461 0.0156797 -0.0100402 0.9933925
2481.923856 -0.1037204 0.0099742 -0.0126134 -0.1089483 0.0127186 -0.0100841 0.9939149
