2444.927438 0.0000000 0.0000000 0.0000000 -0.0000000 -0.0000000 -0.0000000 1.0000000
2449.776969 -0.0149222 0.0016664 0.0021709 -0.0223974 -0.0249048 -0.0015961 0.9994376
2449.876959 -0.0159705 0.0015196 0.0018665 -0.0219402 -0.0264604 -0.0020050 0.9994071
2450.376911 -0.0231017 0.0011713 0.0020813 -0.0177221 -0.0386774 -0.0107790 0.9990364
2450.876862 -0.0305210 0.0006431 0.0021195 -0.0131646 -0.0507448 -0.0219210 0.9983842
2451.626790 -0.0426767 0.0011855 0.0018293 -0.0116610 -0.0711658 -0.0368101 0.9967169
2452.126741 -0.0489706 0.0015985 0.0014164 -0.0098144 -0.0851850 -0.0416435 0.9954461
2452.426712 -0.0526167 0.0017310 0.0010123 -0.0049501 -0.0897459 -0.0456493 0.9949057
2452.726683 -0.0592003 0.0020222 -0.0010786 -0.0038766 -0.1027342 -0.0481093 0.9935372
2452.826673 -0.0643027 0.0025964 -0.0025262 -0.0040626 -0.1112521 -0.0510800 0.9924703
2453.276630 -0.0705988 0.0038682 -0.0030331 -0.0086375 -0.1261908 -0.0616362 0.9900517
2454.026557 -0.0784893 0.0054338 -0.0027754 -0.0086148 -0.1385384 -0.0742969 0.9875287
2455.376427 -0.0963019 0.0083619 -0.0068189 -0.0079630 -0.1727839 -0.1036666 0.9794568
2456.226344 -0.1073196 0.0111880 -0.0092068 -0.0123119 -0.1848885 -0.1197592 0.9753576
2456.676301 -0.1128243 0.0135020 -0.0096135 -0.0141917 -0.1902229 -0.1315912 0.9727783
2457.176252 -0.1234240 0.0166033 -0.0135145 -0.0169855 -0.2044063 -0.1450870 0.9679253
2457.576214 -0.1311855 0.0194192 -0.0160975 -0.0167161 -0.2191527 -0.1545451 0.9632282
2457.826189 -0.1363607 0.0212234 -0.0194875 -0.0161931 -0.2276966 -0.1626029 0.9599231
2457.926180 -0.1384383 0.0205091 -0.0218891 -0.0162506 -0.2302100 -0.1656881 0.9587944
2458.376136 -0.1466925 0.0251273 -0.0293758 -0.0021188 -0.2415784 -0.1754186 0.9543918
2458.426131 -0.1471777 0.0231894 -0.0286878 0.0002832 -0.2468708 -0.1749703 0.9531213
2458.476126 -0.1494075 0.0238362 -0.0305940 0.0040093 -0.2501165 -0.1769827 0.9518943
2458.880493 -0.1587228 0.0259755 -0.0377636 0.0264077 -0.2721595 -0.1817537 0.9445620
2458.980345 -0.1608354 0.0264526 -0.0394923 0.0336204 -0.2777131 -0.1824539 0.9425793
2459.084542 -0.1630446 0.0266408 -0.0408472 0.0416873 -0.2833610 -0.1821203 0.9406386
2459.136493 -0.1639149 0.0265165 -0.0427243 0.0458014 -0.2855246 -0.1828921 0.9396427
2459.796524 -0.1755354 0.0286544 -0.0514118 0.0916775 -0.3153274 -0.1839526 0.9264585
2460.147715 -0.1806660 0.0292939 -0.0553131 0.1161457 -0.3301515 -0.1812955 0.9190442
2460.499834 -0.1849045 0.0298434 -0.0588845 0.1294767 -0.3378175 -0.1810864 0.9145069
2462.152440 -0.2081968 0.0406240 -0.0793375 0.1888150 -0.3826316 -0.1777639 0.8867592
2462.302070 -0.2081616 0.0406863 -0.0793560 0.1927443 -0.3872994 -0.1753594 0.8843630
2462.401704 -0.2089898 0.0402124 -0.0790413 0.1947014 -0.3897475 -0.1739092 0.8831443
2463.701124 -0.2211820 0.0488369 -0.0925387 0.1940471 -0.4026553 -0.1765944 0.8769429
2464.246231 -0.2201416 0.0502007 -0.0940244 0.1963331 -0.4093052 -0.1743342 0.8738022
2465.725424 -0.2352803 0.0648024 -0.1151581 0.1839746 -0.4186431 -0.1850209 0.8698612
2465.825415 -0.2352098 0.0649022 -0.1152364 0.1803447 -0.4171016 -0.1867500 0.8709916
2465.925405 -0.2350675 0.0652875 -0.1154139 0.1760790 -0.4148169 -0.1887449 0.8725242
2466.325366 -0.2329608 0.0683409 -0.1201480 0.1499801 -0.4169476 -0.2003535 0.8737959
2466.525347 -0.2376836 0.0721203 -0.1208278 0.1336898 -0.4086404 -0.2103232 0.8780115
2468.225183 -0.2483325 0.0904586 -0.1323645 0.0668505 -0.3891617 -0.2489977 0.8843554
2469.325076 -0.2530593 0.0973595 -0.1392152 0.0389949 -0.3842451 -0.2633429 0.8840168
2469.625047 -0.2548265 0.0984669 -0.1410481 0.0326555 -0.3821759 -0.2663211 0.8842784
2470.686165 -0.2603165 0.1048101 -0.1480761 0.0216316 -0.3747920 -0.2725261 0.8858852
2470.943687 -0.2625170 0.1068193 -0.1509671 0.0212697 -0.3789648 -0.2721632 0.8842287
2472.406208 -0.2706953 0.1159836 -0.1620936 0.0071847 -0.3651744 -0.2807570 0.8875650
2473.055789 -0.2738248 0.1192340 -0.1675718 0.0078284 -0.3725859 -0.2793717 0.8849124
2473.255651 -0.2754247 0.1189713 -0.1697934 0.0177379 -0.3792564 -0.2738388 0.8836641
2473.653795 -0.2779677 0.1174902 -0.1748310 0.0498865 -0.3944091 -0.2569654 0.8808641
2475.438708 -0.2861078 0.1177772 -0.1914376 0.1439906 -0.4347313 -0.2075219 0.8644131
2476.674364 -0.2919996 0.1240183 -0.2000230 0.1401602 -0.4279877 -0.2086197 0.8681357
2477.024331 -0.2949914 0.1257071 -0.2040608 0.1451741 -0.4287329 -0.2060523 0.8675569
2477.324302 -0.2947898 0.1269401 -0.2052689 0.1496453 -0.4284858 -0.2037537 0.8674622
2477.674268 -0.2956425 0.1278014 -0.2064378 0.1421827 -0.4245093 -0.2073983 0.8698057
2478.124224 -0.2941234 0.1299517 -0.2091417 0.1158406 -0.4158054 -0.2211702 0.8745116
2478.324205 -0.2940472 0.1301037 -0.2093277 0.1034130 -0.4119794 -0.2271283 0.8763513
2478.674171 -0.2984411 0.1364752 -0.2108978 0.0772902 -0.3973340 -0.2427424 0.8816054
2478.824156 -0.2990048 0.1368409 -0.2126419 0.0670892 -0.3896240 -0.2490164 0.8841284
2479.924050 -0.2980012 0.1462287 -0.2104874 -0.0177399 -0.3549352 -0.2939055 0.8873138
2480.124030 -0.2975810 0.1475452 -0.2097153 -0.0284964 -0.3511803 -0.2990879 0.8867959
2480.274016 -0.2965943 0.1483057 -0.2074201 -0.0371117 -0.3470973 -0.3038268 0.8864736
2480.424001 -0.2961289 0.1491722 -0.2076136 -0.0455529 -0.3414405 -0.3087072 0.8865908
2480.773967 -0.2968014 0.1500142 -0.2083270 -0.0597683 -0.3343391 -0.3161424 0.8858324
