2469.725037 0.0000000 0.0000000 0.0000000 -0.0000000 -0.0000000 -0.0000000 1.0000000
2470.839706 -0.0104895 0.0008233 -0.0011237 -0.0115520 0.0007679 -0.0005301 0.9999328
2470.943687 -0.0120348 0.0008940 -0.0009962 -0.0109482 -0.0009397 -0.0004472 0.9999396
2471.147519 -0.0135403 0.0008632 -0.0014226 -0.0087687 -0.0019127 -0.0001274 0.9999598
2471.804883 -0.0189908 0.0013842 -0.0017980 -0.0171752 0.0055728 -0.0009634 0.9998365
2471.904874 -0.0197041 0.0013238 -0.0017818 -0.0214101 0.0060711 -0.0011586 0.9997517
2472.256203 -0.0242169 0.0021855 -0.0015410 -0.0309173 0.0102730 -0.0020035 0.9994671
2473.005933 -0.0301491 0.0020327 -0.0023862 -0.0266503 0.0010089 -0.0014908 0.9996432
2473.205498 -0.0323829 0.0010141 -0.0032050 -0.0199358 -0.0019281 -0.0008976 0.9997990
2473.454862 -0.0344177 -0.0008373 -0.0037707 0.0067659 -0.0046489 0.0007778 0.9999660
2474.053085 -0.0385127 -0.0042478 -0.0062825 0.0505517 -0.0098034 0.0028242 0.9986693
2474.102764 -0.0384977 -0.0041683 -0.0059877 0.0567009 -0.0111174 0.0034281 0.9983234
2474.252177 -0.0406679 -0.0045569 -0.0064119 0.0665448 -0.0148822 0.0036169 0.9976659
2476.129395 -0.0547901 -0.0090016 -0.0124804 0.1346179 -0.0213951 0.0069886 0.9906420
2476.474384 -0.0564321 -0.0087792 -0.0123022 0.1255833 -0.0161098 0.0075487 0.9919236
2476.824350 -0.0599345 -0.0091908 -0.0132709 0.1347503 -0.0178105 0.0082592 0.9906851
2477.024331 -0.0614813 -0.0096127 -0.0127829 0.1374137 -0.0169100 0.0083618 0.9903342
2477.274306 -0.0618885 -0.0092703 -0.0132749 0.1428162 -0.0163764 0.0087265 0.9895753
2477.624272 -0.0642841 -0.0091146 -0.0122834 0.1363681 -0.0137507 0.0086118 0.9905254
2477.774258 -0.0673948 -0.0087837 -0.0104889 0.1248827 -0.0105106 0.0079952 0.9920837
2477.924243 -0.0663799 -0.0078571 -0.0109447 0.1169428 -0.0107656 0.0079487 0.9930485
2480.074035 -0.0774412 0.0038828 -0.0103068 -0.0693375 0.0108041 -0.0062047 0.9975154
2480.124030 -0.0760239 0.0029524 -0.0101237 -0.0732887 0.0101452 -0.0056751 0.9972430
2480.374006 -0.0756110 0.0078790 -0.0104226 -0.0880221 0.0126952 -0.0070844 0.9960124
2480.773967 -0.0753457 0.0080597 -0.0089248 -0.1100281 0.0152668 -0.0097457 0.9937634
2481.673880 -0.0778272 0.0076212 -0.0100143 -0.1106987 0.0152408 -0.0106111 0.9936805
