2444.927438 0.0000000 0.0000000 0.0000000 -0.0000000 -0.0000000 -0.0000000 1.0000000
2449.776969 -0.0148373 0.0016668 0.0019975 -0.0223562 -0.0248070 -0.0017727 0.9994407
2449.876959 -0.0157220 0.0017179 0.0020472 -0.0217974 -0.0264199 -0.0021180 0.9994110
2450.426906 -0.0232195 0.0013655 0.0019310 -0.0169288 -0.0407974 -0.0121264 0.9989505
2450.926857 -0.0310732 0.0008190 0.0017905 -0.0123522 -0.0520292 -0.0242960 0.9982736
2451.226828 -0.0350750 0.0011091 0.0020070 -0.0116871 -0.0602881 -0.0303253 0.9976518
2452.076746 -0.0481039 0.0017571 0.0016013 -0.0089695 -0.0836951 -0.0418335 0.9955725
2452.576698 -0.0548665 0.0019129 -0.0000112 -0.0034516 -0.0956442 -0.0469760 0.9943005
2452.826673 -0.0643341 0.0032628 -0.0018979 -0.0037681 -0.1107679 -0.0512319 0.9925178
2453.176639 -0.0689627 0.0039449 -0.0029803 -0.0094017 -0.1250436 -0.0596429 0.9903123
2453.976562 -0.0769684 0.0048173 -0.0031788 -0.0082998 -0.1376885 -0.0726607 0.9877719
2456.676301 -0.1115058 0.0134513 -0.0095247 -0.0141180 -0.1901104 -0.1314589 0.9728192
2456.826286 -0.1146464 0.0143653 -0.0107773 -0.0161324 -0.1943330 -0.1340732 0.9715960
2457.276243 -0.1245607 0.0168418 -0.0141284 -0.0181858 -0.2076566 -0.1461543 0.9670507
2457.726199 -0.1330284 0.0202145 -0.0180021 -0.0165720 -0.2240362 -0.1596507 0.9612725
2457.826189 -0.1372257 0.0213744 -0.0200961 -0.0160763 -0.2262205 -0.1634634 0.9601279
2458.126160 -0.1363674 0.0219888 -0.0201399 -0.0138145 -0.2347003 -0.1671993 0.9574807
2458.276146 -0.1417562 0.0227905 -0.0240330 -0.0094419 -0.2368298 -0.1721112 0.9561382
2458.426131 -0.1454089 0.0239384 -0.0265579 0.0007125 -0.2469880 -0.1748644 0.9531101
2458.476126 -0.1473443 0.0241470 -0.0281369 0.0042105 -0.2505262 -0.1770378 0.9517755
2458.526122 -0.1488074 0.0247350 -0.0292570 0.0055902 -0.2531680 -0.1772131 0.9510365
2458.626112 -0.1513451 0.0255306 -0.0306427 0.0105025 -0.2595745 -0.1782406 0.9490738
2458.676502 -0.1535405 0.0263386 -0.0319655 0.0168038 -0.2632743 -0.1796252 0.9477020
2459.187575 -0.1627034 0.0279258 -0.0396291 0.0507859 -0.2882822 -0.1826325 0.9385945
2459.287288 -0.1642376 0.0266464 -0.0416521 0.0592327 -0.2931418 -0.1820644 0.9367027
2459.387891 -0.1655166 0.0276651 -0.0426899 0.0644040 -0.2953393 -0.1820753 0.9356685
2459.594331 -0.1690245 0.0296028 -0.0442416 0.0799866 -0.3054700 -0.1817433 0.9312677
2460.147715 -0.1784111 0.0322079 -0.0508444 0.1174212 -0.3304469 -0.1808293 0.9188677
2460.499834 -0.1824711 0.0306374 -0.0560090 0.1298972 -0.3379693 -0.1808984 0.9144284
2461.552142 -0.1974408 0.0380476 -0.0701324 0.1648929 -0.3715445 -0.1836579 0.8950055
2461.952242 -0.2031533 0.0401694 -0.0757752 0.1822354 -0.3792672 -0.1813997 0.8888424
2462.152440 -0.2033159 0.0401157 -0.0757062 0.1887779 -0.3833762 -0.1770940 0.8865796
2464.938993 -0.2316547 0.0596335 -0.1064746 0.2039681 -0.4171957 -0.1729642 0.8685783
2465.775420 -0.2286201 0.0636416 -0.1108607 0.1825667 -0.4191346 -0.1846021 0.8700102
2465.925405 -0.2283470 0.0637581 -0.1109002 0.1758482 -0.4159662 -0.1875105 0.8722897
2466.875313 -0.2396234 0.0755568 -0.1236702 0.1121821 -0.3962971 -0.2239260 0.8833012
2467.925211 -0.2380192 0.0783062 -0.1341998 0.0750679 -0.3843770 -0.2429357 0.8874691
2468.275178 -0.2452316 0.0886843 -0.1323300 0.0642247 -0.3890658 -0.2501244 0.8842742
2469.275081 -0.2496813 0.0957231 -0.1376092 0.0401962 -0.3841762 -0.2627998 0.8841546
2469.625047 -0.2513143 0.0981280 -0.1386844 0.0328876 -0.3823042 -0.2658449 0.8843577
2470.483498 -0.2567444 0.1041831 -0.1438734 0.0220609 -0.3741861 -0.2722774 0.8862072
2470.787973 -0.2588187 0.1062014 -0.1468033 0.0218664 -0.3752154 -0.2721792 0.8858069
2471.904874 -0.2646434 0.1125728 -0.1551008 0.0147552 -0.3691153 -0.2762869 0.8872439
2473.155503 -0.2720743 0.1201974 -0.1656682 0.0115401 -0.3747593 -0.2771018 0.8846677
2473.255651 -0.2729874 0.1198615 -0.1669782 0.0185144 -0.3785874 -0.2736034 0.8840080
2473.454862 -0.2742378 0.1187416 -0.1690983 0.0361827 -0.3863031 -0.2642968 0.8829541
2473.653795 -0.2751077 0.1183014 -0.1711404 0.0506761 -0.3941506 -0.2565963 0.8810424
2476.278176 -0.2865115 0.1216111 -0.1952033 0.1392660 -0.4293031 -0.2092783 0.8674713
2476.624369 -0.2878067 0.1233613 -0.1974092 0.1386122 -0.4263889 -0.2094060 0.8689812
2477.024331 -0.2897891 0.1245569 -0.2009479 0.1454415 -0.4287753 -0.2057293 0.8675679
2477.324302 -0.2896487 0.1248811 -0.2016829 0.1496436 -0.4288016 -0.2031900 0.8674387
2477.574277 -0.2903942 0.1257558 -0.2022266 0.1465805 -0.4263816 -0.2044406 0.8688595
2477.774258 -0.2905522 0.1264865 -0.2029976 0.1355768 -0.4218290 -0.2102201 0.8714854
2478.074229 -0.2920734 0.1291453 -0.2048823 0.1203910 -0.4170350 -0.2191134 0.8738290
2478.724166 -0.2953925 0.1363904 -0.2067677 0.0750045 -0.3947770 -0.2437719 0.8826668
2478.824156 -0.2961043 0.1368165 -0.2076103 0.0675863 -0.3894879 -0.2486652 0.8842493
2479.474093 -0.2960735 0.1429742 -0.2066306 0.0153883 -0.3684473 -0.2762968 0.8875077
2479.724069 -0.2950426 0.1447328 -0.2054728 0.0004989 -0.3637142 -0.2838522 0.8872089
2480.074035 -0.2948525 0.1463288 -0.2053149 -0.0254180 -0.3520710 -0.2976820 0.8870093
2480.723972 -0.2930633 0.1503731 -0.2038893 -0.0583759 -0.3347569 -0.3154546 0.8860127
2481.573890 -0.2932811 0.1494760 -0.2050041 -0.0606786 -0.3343033 -0.3162338 0.8857514
