2470.839706 0.0000000 0.0000000 0.0000000 -0.0000000 -0.0000000 -0.0000000 1.0000000
2472.106039 -0.0117849 0.0008612 -0.0009784 -0.0153394 0.0089902 -0.0009262 0.9998415
2472.206050 -0.0133161 0.0010913 -0.0010616 -0.0180269 0.0100073 -0.0013006 0.9997866
2472.256203 -0.0137389 0.0011350 -0.0007841 -0.0194949 0.0096278 -0.0013031 0.9997628
2472.605932 -0.0167851 0.0007894 -0.0016556 -0.0187589 0.0062706 -0.0015934 0.9998031
2473.005933 -0.0199596 0.0007027 -0.0019032 -0.0153879 0.0004965 -0.0010094 0.9998810
2473.355662 -0.0233359 -0.0011928 -0.0033769 0.0091944 -0.0044895 0.0007034 0.9999474
2473.454862 -0.0237703 -0.0020001 -0.0034229 0.0181531 -0.0054479 0.0013720 0.9998195
2474.053085 -0.0277928 -0.0051421 -0.0059862 0.0619976 -0.0105134 0.0036519 0.9980143
2474.102764 -0.0283985 -0.0051591 -0.0054942 0.0680606 -0.0115920 0.0040103 0.9976058
2474.202182 -0.0294560 -0.0059865 -0.0063794 0.0752760 -0.0137300 0.0044298 0.9970584
2476.029050 -0.0444282 -0.0107236 -0.0132166 0.1502650 -0.0229280 0.0079119 0.9883482
2476.129395 -0.0446715 -0.0106916 -0.0133616 0.1455206 -0.0217773 0.0079099 0.9890839
2476.374393 -0.0452801 -0.0101620 -0.0128468 0.1395033 -0.0184369 0.0081870 0.9900161
2476.974335 -0.0512878 -0.0114605 -0.0139131 0.1472563 -0.0173822 0.0093747 0.9889012
2477.324302 -0.0546736 -0.0108372 -0.0147819 0.1529673 -0.0149095 0.0091353 0.9880766
2477.674268 -0.0562033 -0.0105839 -0.0147498 0.1438208 -0.0129282 0.0091891 0.9894766
2479.324108 -0.0681299 -0.0037365 -0.0125769 0.0040661 0.0089017 0.0002004 0.9999521
2479.374103 -0.0685216 -0.0022306 -0.0131668 -0.0003226 0.0090713 -0.0002578 0.9999588
2479.674074 -0.0664506 -0.0005287 -0.0140491 -0.0249211 0.0070284 -0.0019899 0.9996628
2479.824059 -0.0688590 -0.0010789 -0.0138197 -0.0390896 0.0099944 -0.0029708 0.9991813
2480.723972 -0.0693827 0.0013986 -0.0128349 -0.1017893 0.0170784 -0.0098843 0.9946103
2481.073938 -0.0670764 0.0006952 -0.0140696 -0.1041699 0.0168108 -0.0104671 0.9943624
