2444.927438 0.0000000 0.0000000 0.0000000 -0.0000000 -0.0000000 -0.0000000 1.0000000
2449.776969 -0.0144178 0.0016925 0.0021239 -0.0223775 -0.0250471 -0.0016438 0.9994345
2449.876959 -0.0156019 0.0016127 0.0018473 -0.0218686 -0.0264157 -0.0021091 0.9994096
2450.526896 -0.0248713 0.0012975 0.0020100 -0.0161933 -0.0427762 -0.0137037 0.9988595
2450.876862 -0.0298961 0.0007321 0.0019201 -0.0131123 -0.0506507 -0.0220682 0.9983865
2451.276823 -0.0359228 0.0012220 0.0022103 -0.0118064 -0.0612475 -0.0309295 0.9975734
2451.826770 -0.0455828 0.0016078 0.0017499 -0.0104582 -0.0758530 -0.0404088 0.9962450
2452.076746 -0.0480024 0.0015648 0.0014695 -0.0090373 -0.0835348 -0.0418903 0.9955830
2452.826673 -0.0635143 0.0029258 -0.0020212 -0.0038625 -0.1108425 -0.0511193 0.9925149
2454.476514 -0.0816570 0.0063482 -0.0033399 -0.0098531 -0.1487757 -0.0812448 0.9854786
2455.126451 -0.0901543 0.0078788 -0.0049409 -0.0090238 -0.1666046 -0.0963383 0.9812647
2456.676301 -0.1111667 0.0133731 -0.0096222 -0.0142675 -0.1897289 -0.1315535 0.9728788
2456.826286 -0.1139623 0.0143308 -0.0108162 -0.0161051 -0.1941451 -0.1340935 0.9716312
2456.926276 -0.1162478 0.0151277 -0.0112860 -0.0156762 -0.1976245 -0.1379793 0.9703919
2457.276243 -0.1234267 0.0172129 -0.0133818 -0.0180070 -0.2077007 -0.1461358 0.9670473
2457.576214 -0.1292117 0.0194617 -0.0158580 -0.0165275 -0.2185950 -0.1544271 0.9633771
2457.826189 -0.1342441 0.0213380 -0.0187071 -0.0159990 -0.2272238 -0.1625254 0.9600515
2458.076165 -0.1371484 0.0211650 -0.0223203 -0.0158603 -0.2323205 -0.1665022 0.9581506
2458.426131 -0.1452021 0.0237296 -0.0274224 0.0005502 -0.2466608 -0.1748142 0.9532042
2458.476126 -0.1473799 0.0240007 -0.0293783 0.0039629 -0.2498681 -0.1768131 0.9519913
2458.728235 -0.1539634 0.0252219 -0.0338495 0.0172559 -0.2654594 -0.1794128 0.9471244
2458.980345 -0.1590823 0.0268366 -0.0375187 0.0337132 -0.2772773 -0.1822531 0.9427431
2459.084542 -0.1609214 0.0267854 -0.0392753 0.0417612 -0.2829354 -0.1821529 0.9407571
2459.136493 -0.1617965 0.0274832 -0.0407436 0.0462136 -0.2852440 -0.1827109 0.9397430
2459.187575 -0.1625554 0.0280926 -0.0407198 0.0508599 -0.2875873 -0.1826823 0.9387939
2459.746055 -0.1717968 0.0288490 -0.0483345 0.0889685 -0.3131365 -0.1830173 0.9276502
2460.298471 -0.1805046 0.0306676 -0.0551554 0.1245592 -0.3334672 -0.1803451 0.9169298
2461.051855 -0.1894154 0.0341169 -0.0645964 0.1524615 -0.3553420 -0.1792309 0.9046347
2461.402690 -0.1939453 0.0381385 -0.0679139 0.1615174 -0.3649227 -0.1818682 0.8987032
2464.691664 -0.2260319 0.0584862 -0.1017894 0.1993151 -0.4127693 -0.1740535 0.8715506
2464.987724 -0.2262302 0.0582453 -0.1016999 0.2072075 -0.4210480 -0.1701486 0.8665063
2465.875410 -0.2380814 0.0675406 -0.1156508 0.1793648 -0.4131033 -0.1888383 0.8726477
2465.925405 -0.2337015 0.0656813 -0.1126304 0.1764639 -0.4136697 -0.1891873 0.8728953
2466.225376 -0.2303045 0.0668995 -0.1129467 0.1579161 -0.4169362 -0.1969015 0.8731876
2466.325366 -0.2302051 0.0669336 -0.1131335 0.1500352 -0.4167716 -0.2003296 0.8738759
2466.425357 -0.2292003 0.0684477 -0.1144542 0.1418312 -0.4129813 -0.2045599 0.8760626
2466.525347 -0.2288590 0.0690190 -0.1152755 0.1336715 -0.4095827 -0.2094759 0.8777778
2467.775226 -0.2424265 0.0853496 -0.1235695 0.0823348 -0.3852975 -0.2412368 0.8868888
2468.075197 -0.2403331 0.0858940 -0.1253884 0.0715860 -0.3879641 -0.2456326 0.8854513
2468.225183 -0.2431982 0.0888259 -0.1265659 0.0669602 -0.3891162 -0.2483683 0.8845440
2468.875119 -0.2451123 0.0920674 -0.1298297 0.0492964 -0.3833380 -0.2575535 0.8856004
2470.943687 -0.2590860 0.1073855 -0.1463908 0.0222510 -0.3778269 -0.2719282 0.8847637
2471.197514 -0.2605427 0.1083647 -0.1481591 0.0244337 -0.3793072 -0.2707144 0.8844449
2471.904874 -0.2640675 0.1127522 -0.1526241 0.0152453 -0.3685599 -0.2762882 0.8874661
2472.256203 -0.2658426 0.1153351 -0.1556465 0.0079568 -0.3625060 -0.2801492 0.8888434
2473.205498 -0.2714604 0.1196063 -0.1635109 0.0143129 -0.3761721 -0.2756867 0.8844697
2473.653795 -0.2743995 0.1182451 -0.1684134 0.0510557 -0.3935666 -0.2566409 0.8812684
2474.252177 -0.2782573 0.1184663 -0.1738472 0.0854763 -0.4100212 -0.2387500 0.8761135
2475.145394 -0.2826317 0.1177457 -0.1827122 0.1332283 -0.4269807 -0.2140332 0.8684051
2475.294510 -0.2823181 0.1176031 -0.1841000 0.1363652 -0.4318567 -0.2120681 0.8659859
2476.724360 -0.2891873 0.1235311 -0.1949320 0.1411166 -0.4270086 -0.2085916 0.8684696
2477.074326 -0.2888617 0.1239570 -0.1965360 0.1463866 -0.4282742 -0.2055614 0.8676963
2477.574277 -0.2886788 0.1242421 -0.1972253 0.1466222 -0.4266414 -0.2044460 0.8687238
2477.674268 -0.2881814 0.1248215 -0.1985101 0.1423184 -0.4248576 -0.2067367 0.8697709
2478.074229 -0.2876275 0.1285156 -0.2005532 0.1205746 -0.4173998 -0.2182227 0.8738524
2478.824156 -0.2933637 0.1357863 -0.2033445 0.0677427 -0.3893942 -0.2484875 0.8843286
2479.524088 -0.2920773 0.1415185 -0.2018495 0.0128126 -0.3687036 -0.2769534 0.8872375
2479.824059 -0.2914113 0.1437919 -0.2014069 -0.0079681 -0.3597487 -0.2872423 0.8876989
2480.024040 -0.2913204 0.1439307 -0.2025571 -0.0231600 -0.3529665 -0.2957692 0.8873550
2480.573987 -0.2891891 0.1475637 -0.1988594 -0.0531460 -0.3376954 -0.3119842 0.8864554
2481.773871 -0.2888754 0.1476101 -0.1993027 -0.0602060 -0.3379062 -0.3144260 0.8850598
