2444.927438 0.0000000 0.0000000 0.0000000 -0.0000000 -0.0000000 -0.0000000 1.0000000
2449.776969 -0.0143974 0.0018261 0.0023947 -0.0223497 -0.0251315 -0.0015632 0.9994331
2449.876959 -0.0148950 0.0016584 0.0022772 -0.0219272 -0.0269327 -0.0017805 0.9993951
2450.876862 -0.0299508 0.0006765 0.0020833 -0.0131734 -0.0508787 -0.0218940 0.9983779
2450.926857 -0.0311318 0.0008894 0.0019542 -0.0123443 -0.0521096 -0.0241804 0.9982723
2451.626790 -0.0421412 0.0015046 0.0019347 -0.0115194 -0.0713175 -0.0370069 0.9967003
2451.826770 -0.0455002 0.0016105 0.0018328 -0.0104839 -0.0763447 -0.0402067 0.9962153
2452.426712 -0.0517560 0.0017208 0.0012113 -0.0049389 -0.0900637 -0.0454474 0.9948863
2452.726683 -0.0589889 0.0020761 -0.0007035 -0.0038135 -0.1025808 -0.0481359 0.9935520
2452.826673 -0.0638182 0.0029379 -0.0019047 -0.0039279 -0.1112786 -0.0509379 0.9924752
2455.226441 -0.0930597 0.0080434 -0.0057798 -0.0078531 -0.1699187 -0.0994742 0.9803932
2456.776291 -0.1149876 0.0145877 -0.0102561 -0.0158141 -0.1925617 -0.1325270 0.9721659
2457.026267 -0.1197923 0.0160295 -0.0118305 -0.0166094 -0.2001338 -0.1392396 0.9696819
2457.126257 -0.1220616 0.0171417 -0.0124721 -0.0161229 -0.2022482 -0.1429458 0.9687116
2457.576214 -0.1310016 0.0196344 -0.0160821 -0.0165822 -0.2188241 -0.1546341 0.9632909
2457.726199 -0.1342240 0.0205377 -0.0181423 -0.0164884 -0.2238425 -0.1598970 0.9612781
2457.826189 -0.1360940 0.0213072 -0.0193106 -0.0160896 -0.2273925 -0.1628198 0.9599602
2458.076165 -0.1391447 0.0220772 -0.0222894 -0.0157470 -0.2321067 -0.1666445 0.9581796
2458.326141 -0.1436641 0.0226992 -0.0252908 -0.0086375 -0.2394339 -0.1724645 0.9554333
2458.426131 -0.1468882 0.0231742 -0.0272762 -0.0000367 -0.2466147 -0.1749798 0.9531859
2458.830833 -0.1568354 0.0254632 -0.0347219 0.0221231 -0.2702667 -0.1806395 0.9454290
2459.187575 -0.1641241 0.0281106 -0.0405247 0.0506863 -0.2878710 -0.1828882 0.9386763
2459.337284 -0.1662677 0.0276301 -0.0421161 0.0620892 -0.2946354 -0.1816118 0.9361368
2459.489521 -0.1686801 0.0277390 -0.0439923 0.0723297 -0.3001004 -0.1815253 0.9336791
2459.594331 -0.1701305 0.0280728 -0.0455132 0.0788994 -0.3051948 -0.1816855 0.9314620
2459.997887 -0.1773608 0.0290128 -0.0515116 0.1049954 -0.3236814 -0.1825353 0.9224355
2460.147715 -0.1794908 0.0299301 -0.0532425 0.1160757 -0.3300152 -0.1809397 0.9191720
2460.499834 -0.1831816 0.0306908 -0.0563740 0.1295803 -0.3379525 -0.1808368 0.9144917
2461.952242 -0.2034706 0.0396396 -0.0757134 0.1817611 -0.3794123 -0.1811907 0.8889202
2464.246231 -0.2190114 0.0509941 -0.0938227 0.1964410 -0.4086639 -0.1743718 0.8740705
2465.477859 -0.2326314 0.0632091 -0.1120751 0.1928163 -0.4235738 -0.1796289 0.8666837
2465.575439 -0.2324467 0.0633066 -0.1122464 0.1879504 -0.4207979 -0.1822345 0.8685589
2465.825415 -0.2321625 0.0637635 -0.1125441 0.1799775 -0.4173181 -0.1862809 0.8710644
2465.975400 -0.2322246 0.0633593 -0.1124627 0.1721532 -0.4138357 -0.1899999 0.8735006
2466.075391 -0.2318717 0.0638715 -0.1129823 0.1670659 -0.4138860 -0.1922651 0.8739689
2466.475352 -0.2374501 0.0728280 -0.1194046 0.1373584 -0.4089624 -0.2089824 0.8776154
2466.675333 -0.2379252 0.0746682 -0.1192328 0.1205861 -0.4008281 -0.2186344 0.8814731
2466.875313 -0.2395426 0.0774309 -0.1194315 0.1125630 -0.3972135 -0.2227265 0.8831444
2468.225183 -0.2479153 0.0904254 -0.1303700 0.0668785 -0.3886217 -0.2488944 0.8846197
2469.725037 -0.2545559 0.0992615 -0.1377545 0.0310206 -0.3806022 -0.2670378 0.8847997
2470.891756 -0.2611433 0.1075081 -0.1481529 0.0217849 -0.3773423 -0.2719352 0.8849800
2471.904874 -0.2661354 0.1124774 -0.1551458 0.0143450 -0.3690922 -0.2761495 0.8873030
2472.555779 -0.2703271 0.1179008 -0.1599743 0.0067554 -0.3650836 -0.2803916 0.8877212
2472.905942 -0.2718042 0.1186968 -0.1631732 0.0057322 -0.3689861 -0.2802354 0.8861629
2473.255651 -0.2740718 0.1199090 -0.1669233 0.0181498 -0.3786331 -0.2732586 0.8841026
2474.252177 -0.2801551 0.1182786 -0.1767187 0.0847093 -0.4105920 -0.2387136 0.8759305
2475.438708 -0.2839913 0.1172659 -0.1884291 0.1440491 -0.4342960 -0.2073659 0.8646595
2476.624369 -0.2889983 0.1229076 -0.1971505 0.1382064 -0.4264439 -0.2094060 0.8690188
2476.774355 -0.2901072 0.1238581 -0.1983985 0.1414461 -0.4289762 -0.2073669 0.8677393
2477.374297 -0.2919955 0.1251490 -0.2008301 0.1503651 -0.4285626 -0.2026073 0.8675683
2477.524282 -0.2918935 0.1258912 -0.2017068 0.1476071 -0.4266039 -0.2037285 0.8687439
2478.024234 -0.2940418 0.1309038 -0.2049537 0.1227267 -0.4172027 -0.2180123 0.8736995
2478.324205 -0.2956774 0.1326785 -0.2056320 0.1044711 -0.4106973 -0.2276364 0.8766957
2479.674074 -0.2980348 0.1454235 -0.2061259 0.0029882 -0.3644536 -0.2828260 0.8872284
2479.924050 -0.2973025 0.1469766 -0.2064768 -0.0171012 -0.3544568 -0.2941814 0.8874262
2480.074035 -0.2972448 0.1483404 -0.2059130 -0.0249001 -0.3514424 -0.2981312 0.8871223
2481.723875 -0.2954717 0.1506140 -0.2043104 -0.0600590 -0.3359347 -0.3159116 0.8852913
2481.873861 -0.2952782 0.1508982 -0.2044876 -0.0592008 -0.3375193 -0.3153102 0.8849608
