2469.775032 0.0000000 0.0000000 0.0000000 -0.0000000 -0.0000000 -0.0000000 1.0000000
2470.943687 -0.0157649 -0.0011339 -0.0022136 -0.0108697 -0.0017867 -0.0004165 0.9999393
2471.804883 -0.0284325 -0.0013554 -0.0025847 -0.0176230 0.0062773 -0.0018769 0.9998232
2472.206050 -0.0302101 -0.0021108 -0.0043618 -0.0305276 0.0095511 -0.0016388 0.9994870
2472.306356 -0.0302620 -0.0020849 -0.0046744 -0.0308191 0.0076245 -0.0012920 0.9994951
2473.155503 -0.0427824 -0.0015343 -0.0057740 -0.0235424 -0.0012467 -0.0011895 0.9997214
2473.205498 -0.0435310 -0.0020016 -0.0060572 -0.0202809 -0.0022237 -0.0009809 0.9997914
2473.355662 -0.0454335 -0.0039592 -0.0066623 -0.0028453 -0.0040799 0.0001337 0.9999877
2473.454862 -0.0462017 -0.0041579 -0.0066390 0.0065358 -0.0049952 0.0006786 0.9999660
2473.752897 -0.0486400 -0.0065167 -0.0082955 0.0283608 -0.0084426 0.0019262 0.9995602
2474.053085 -0.0513739 -0.0088661 -0.0096778 0.0501457 -0.0101655 0.0030353 0.9986856
2475.832546 -0.0701454 -0.0168140 -0.0173998 0.1451585 -0.0207238 0.0073474 0.9891641
2476.029050 -0.0786103 -0.0172874 -0.0176867 0.1382298 -0.0207193 0.0067426 0.9901605
2476.374393 -0.0761626 -0.0157021 -0.0184890 0.1277726 -0.0173758 0.0074334 0.9916235
2476.624369 -0.0778219 -0.0154003 -0.0183916 0.1288133 -0.0161743 0.0079953 0.9915047
2476.924340 -0.0803752 -0.0156778 -0.0190010 0.1362512 -0.0174073 0.0087667 0.9904826
2477.274306 -0.0786614 -0.0154761 -0.0194753 0.1425095 -0.0175857 0.0094033 0.9895926
2477.524282 -0.0786556 -0.0152706 -0.0197046 0.1394351 -0.0157635 0.0095422 0.9900597
2478.574180 -0.0967882 -0.0108141 -0.0181063 0.0634000 -0.0059037 0.0060884 0.9979522
2479.074132 -0.1019789 -0.0039941 -0.0161449 0.0184833 0.0072739 0.0008509 0.9998024
2479.274113 -0.1032846 -0.0034626 -0.0157252 -0.0023078 0.0085636 -0.0002282 0.9999607
2479.524088 -0.1037446 -0.0021190 -0.0165530 -0.0242461 0.0070945 -0.0013674 0.9996799
2480.174026 -0.1051625 0.0007929 -0.0159080 -0.0790887 0.0123138 -0.0067214 0.9967689
2481.123934 -0.1029871 0.0084656 -0.0133324 -0.1109482 0.0169934 -0.0098758 0.9936318
2481.173929 -0.1042102 0.0080325 -0.0150320 -0.1119693 0.0175158 -0.0102925 0.9935040
