2444.927438 0.0000000 0.0000000 0.0000000 -0.0000000 -0.0000000 -0.0000000 1.0000000
2449.776969 -0.0148052 0.0018115 0.0021777 -0.0223085 -0.0247760 -0.0017800 0.9994425
2449.876959 -0.0156928 0.0015919 0.0019394 -0.0218732 -0.0263508 -0.0021102 0.9994112
2450.476901 -0.0238743 0.0009452 0.0020357 -0.0167666 -0.0420250 -0.0131788 0.9988890
2450.876862 -0.0299444 0.0006946 0.0018421 -0.0131477 -0.0506817 -0.0220018 0.9983859
2451.626790 -0.0415615 0.0011296 0.0017439 -0.0117183 -0.0712586 -0.0368236 0.9967090
2451.826770 -0.0451553 0.0013545 0.0013803 -0.0105873 -0.0761026 -0.0402824 0.9962298
2452.426712 -0.0511739 0.0013850 0.0006421 -0.0051003 -0.0899145 -0.0454899 0.9948970
2452.726683 -0.0583339 0.0022799 -0.0009122 -0.0036949 -0.1024871 -0.0482219 0.9935580
2452.826673 -0.0634420 0.0025638 -0.0026098 -0.0040721 -0.1109130 -0.0512328 0.9925004
2453.276630 -0.0687532 0.0033542 -0.0035383 -0.0088355 -0.1263251 -0.0613697 0.9900494
2454.326528 -0.0794857 0.0051556 -0.0037965 -0.0083169 -0.1444890 -0.0809375 0.9861556
2456.776291 -0.1130977 0.0136300 -0.0109103 -0.0161656 -0.1925879 -0.1325017 0.9721584
2457.276243 -0.1233994 0.0163543 -0.0144072 -0.0184178 -0.2078837 -0.1462281 0.9669863
2457.526218 -0.1276341 0.0181657 -0.0160814 -0.0184211 -0.2169229 -0.1516803 0.9641567
2457.576214 -0.1290084 0.0189033 -0.0165383 -0.0168262 -0.2189261 -0.1547030 0.9632524
2457.826189 -0.1341122 0.0203399 -0.0196752 -0.0164619 -0.2274812 -0.1627105 0.9599514
2458.326141 -0.1419037 0.0219745 -0.0263569 -0.0086642 -0.2392798 -0.1725226 0.9554612
2458.376136 -0.1444354 0.0249120 -0.0302812 -0.0021716 -0.2406915 -0.1757497 0.9545549
2458.576117 -0.1496899 0.0241727 -0.0318161 0.0078766 -0.2562280 -0.1784436 0.9499701
2458.880493 -0.1562478 0.0250404 -0.0373060 0.0262420 -0.2718132 -0.1820914 0.9446014
2459.187575 -0.1627948 0.0266653 -0.0420621 0.0503165 -0.2873982 -0.1834538 0.9387307
2459.438499 -0.1656460 0.0267627 -0.0447270 0.0687431 -0.2972788 -0.1820065 0.9347584
2459.541946 -0.1675473 0.0268327 -0.0462430 0.0773319 -0.3030632 -0.1819222 0.9322429
2460.651143 -0.1833562 0.0312739 -0.0596936 0.1354895 -0.3408021 -0.1806953 0.9126039
2460.852763 -0.1855778 0.0320926 -0.0624327 0.1453431 -0.3502632 -0.1795958 0.9077094
2463.701124 -0.2182881 0.0485089 -0.0912322 0.1942387 -0.4022889 -0.1772130 0.8769439
2464.097945 -0.2170656 0.0499223 -0.0920875 0.1965028 -0.4062523 -0.1752374 0.8750072
2464.543555 -0.2165737 0.0514404 -0.0943154 0.1974022 -0.4143772 -0.1726762 0.8714969
2465.925405 -0.2334498 0.0653875 -0.1152885 0.1762460 -0.4137833 -0.1897604 0.8727610
2465.975400 -0.2330196 0.0662195 -0.1160528 0.1733954 -0.4124680 -0.1914387 0.8735877
2466.075391 -0.2335624 0.0649752 -0.1149525 0.1676294 -0.4127003 -0.1940485 0.8740275
2466.275371 -0.2318437 0.0672480 -0.1170326 0.1527759 -0.4168490 -0.2000683 0.8734238
2466.375362 -0.2309605 0.0687334 -0.1185411 0.1450998 -0.4138358 -0.2044576 0.8751475
2466.475352 -0.2308386 0.0688508 -0.1187193 0.1366138 -0.4100821 -0.2092057 0.8771558
2466.675333 -0.2301961 0.0695088 -0.1206286 0.1194079 -0.4019145 -0.2187191 0.8811178
2468.225183 -0.2432142 0.0878229 -0.1297759 0.0664998 -0.3891529 -0.2492812 0.8843058
2469.675042 -0.2518039 0.0979175 -0.1368206 0.0319931 -0.3813981 -0.2671743 0.8843811
2470.534303 -0.2554918 0.1034364 -0.1425477 0.0216092 -0.3740188 -0.2727911 0.8861309
2471.197514 -0.2599364 0.1072663 -0.1488820 0.0237729 -0.3800893 -0.2711785 0.8839849
2471.804883 -0.2623482 0.1106156 -0.1528080 0.0178576 -0.3712245 -0.2748910 0.8867404
2472.406208 -0.2667559 0.1155726 -0.1580016 0.0076570 -0.3647588 -0.2808020 0.8877177
2472.805794 -0.2681380 0.1175465 -0.1606216 0.0058219 -0.3683263 -0.2811802 0.8861374
2473.255651 -0.2715138 0.1183446 -0.1655356 0.0181236 -0.3787972 -0.2741355 0.8837613
2473.454862 -0.2718677 0.1181959 -0.1663045 0.0362199 -0.3870150 -0.2643162 0.8826349
2473.802477 -0.2738281 0.1168255 -0.1704173 0.0571517 -0.3967345 -0.2536007 0.8803534
2474.997107 -0.2793660 0.1152289 -0.1820924 0.1252484 -0.4265065 -0.2179274 0.8688571
2476.774355 -0.2878973 0.1234272 -0.1971118 0.1418266 -0.4290464 -0.2082532 0.8674302
2476.974335 -0.2881954 0.1235746 -0.1980738 0.1445121 -0.4292074 -0.2063646 0.8673586
2477.124321 -0.2879825 0.1236034 -0.1984436 0.1473163 -0.4294497 -0.2048388 0.8671286
2477.574277 -0.2911419 0.1253843 -0.2005034 0.1467009 -0.4261704 -0.2055687 0.8686767
2478.124224 -0.2892676 0.1283370 -0.2046337 0.1159839 -0.4154870 -0.2215823 0.8745397
2478.324205 -0.2895498 0.1283832 -0.2047165 0.1034531 -0.4115248 -0.2277790 0.8763913
2478.574180 -0.2909708 0.1324477 -0.2058115 0.0839795 -0.4027984 -0.2377204 0.8798807
2479.824059 -0.2922747 0.1423637 -0.2047305 -0.0089451 -0.3594941 -0.2888514 0.8872705
2480.024040 -0.2916059 0.1442263 -0.2042890 -0.0232426 -0.3532848 -0.2965975 0.8869495
2480.324011 -0.2919224 0.1461452 -0.2037265 -0.0409482 -0.3440069 -0.3063297 0.8866480
2480.723972 -0.2903989 0.1472992 -0.2040711 -0.0592975 -0.3348525 -0.3159772 0.8857291
2481.923856 -0.2902571 0.1473704 -0.2034255 -0.0592828 -0.3383757 -0.3152468 0.8846508
