2470.839706 0.0000000 0.0000000 0.0000000 -0.0000000 -0.0000000 -0.0000000 1.0000000
2472.155896 -0.0133418 0.0021716 0.0003473 -0.0169512 0.0104225 -0.0012676 0.9998012
2472.256203 -0.0148560 0.0018606 0.0001400 -0.0192093 0.0093481 -0.0013483 0.9997709
2472.356351 -0.0164332 0.0024221 -0.0003251 -0.0181781 0.0082404 -0.0016006 0.9997995
2472.656085 -0.0187686 0.0023147 -0.0004005 -0.0183348 0.0048693 -0.0015288 0.9998189
2473.105646 -0.0229888 0.0020279 -0.0009653 -0.0130733 -0.0011590 -0.0008956 0.9999135
2473.405519 -0.0259110 -0.0000621 -0.0014786 0.0137835 -0.0051141 0.0006912 0.9998917
2473.454862 -0.0262639 -0.0001865 -0.0016321 0.0191553 -0.0056454 0.0012207 0.9997998
2473.553627 -0.0273671 -0.0011659 -0.0019279 0.0294346 -0.0080867 0.0017162 0.9995325
2474.053085 -0.0308007 -0.0037266 -0.0036529 0.0629090 -0.0107009 0.0031508 0.9979569
2474.997107 -0.0392443 -0.0072201 -0.0065401 0.1273753 -0.0200798 0.0055675 0.9916357
2475.095616 -0.0395386 -0.0071156 -0.0070349 0.1310613 -0.0197212 0.0058546 0.9911608
2476.374393 -0.0487041 -0.0097321 -0.0102015 0.1402939 -0.0193704 0.0077713 0.9898899
2476.974335 -0.0568993 -0.0086793 -0.0098811 0.1492871 -0.0178095 0.0085594 0.9885964
2477.024331 -0.0577902 -0.0103243 -0.0100489 0.1493861 -0.0172979 0.0087439 0.9885889
2477.424292 -0.0603639 -0.0087925 -0.0103548 0.1554398 -0.0145890 0.0089079 0.9876975
2478.424195 -0.0689553 -0.0082384 -0.0137690 0.0915257 -0.0077066 0.0053663 0.9957585
2479.274113 -0.0750148 0.0013885 -0.0094055 0.0104657 0.0088719 0.0002315 0.9999058
2481.623885 -0.0753153 0.0037643 -0.0076712 -0.1026966 0.0151834 -0.0070982 0.9945715
2481.923856 -0.0743991 0.0063928 -0.0083501 -0.0984952 0.0123136 -0.0075301 0.9950328
