2469.725037 0.0000000 0.0000000 0.0000000 -0.0000000 -0.0000000 -0.0000000 1.0000000
2471.046304 -0.0158494 0.0007987 -0.0011082 -0.0103662 -0.0017443 -0.0003380 0.9999447
2471.147519 -0.0164011 0.0011304 -0.0009225 -0.0088257 -0.0022973 0.0000431 0.9999584
2471.349495 -0.0186551 0.0010457 -0.0010436 -0.0072796 -0.0016046 -0.0000716 0.9999722
2471.604231 -0.0209221 0.0013242 -0.0013085 -0.0142106 0.0047451 -0.0006004 0.9998876
2471.955580 -0.0250278 0.0021232 -0.0014109 -0.0226930 0.0057895 -0.0011563 0.9997251
2472.256203 -0.0300636 0.0031041 -0.0007864 -0.0309025 0.0099827 -0.0017235 0.9994711
2473.255651 -0.0414784 0.0012405 -0.0027298 -0.0145373 -0.0026545 -0.0005317 0.9998907
2473.355662 -0.0417611 0.0001683 -0.0032115 -0.0022895 -0.0042583 0.0003736 0.9999883
2474.053085 -0.0480991 -0.0047004 -0.0058840 0.0506229 -0.0100189 0.0029418 0.9986632
2475.095616 -0.0574320 -0.0085927 -0.0091578 0.1189917 -0.0192187 0.0057648 0.9926925
2476.229050 -0.0695373 -0.0100491 -0.0120957 0.1317601 -0.0200515 0.0070915 0.9910535
2476.374393 -0.0699633 -0.0098915 -0.0121662 0.1289257 -0.0181339 0.0072421 0.9914620
2476.524379 -0.0711332 -0.0090301 -0.0114710 0.1261324 -0.0155458 0.0075012 0.9918633
2476.624369 -0.0725770 -0.0096592 -0.0121018 0.1299245 -0.0165559 0.0076214 0.9913564
2476.774355 -0.0756175 -0.0104614 -0.0129649 0.1339879 -0.0181472 0.0077762 0.9907863
2476.974335 -0.0771864 -0.0109871 -0.0126469 0.1371002 -0.0173254 0.0079587 0.9903737
2477.424292 -0.0805437 -0.0105890 -0.0124707 0.1434675 -0.0142007 0.0083487 0.9895179
2477.524282 -0.0808461 -0.0104319 -0.0128019 0.1401677 -0.0135716 0.0082179 0.9900007
2477.624272 -0.0804343 -0.0105715 -0.0124320 0.1367333 -0.0142649 0.0082582 0.9904708
2477.724263 -0.0805484 -0.0106094 -0.0123912 0.1299170 -0.0133879 0.0081870 0.9914007
2479.824059 -0.1003355 0.0002031 -0.0140461 -0.0501312 0.0099188 -0.0039284 0.9986857
2479.924050 -0.0981285 0.0043368 -0.0097198 -0.0599487 0.0103980 -0.0049287 0.9981351
2480.124030 -0.0949835 0.0066705 -0.0120238 -0.0718124 0.0090861 -0.0057196 0.9973604
2480.723972 -0.0995081 0.0091108 -0.0099175 -0.1101947 0.0165625 -0.0100330 0.9937214
2481.273919 -0.0976546 0.0096172 -0.0114095 -0.1130411 0.0169303 -0.0098815 0.9933969
2481.773871 -0.0976954 0.0078054 -0.0114302 -0.1112523 0.0133572 -0.0082171 0.9936684
