2469.725037 0.0000000 0.0000000 0.0000000 -0.0000000 -0.0000000 -0.0000000 1.0000000
2470.839706 -0.0113707 0.0008512 -0.0008166 -0.0116871 0.0007066 -0.0005168 0.9999313
2471.349495 -0.0165555 0.0010128 -0.0010909 -0.0072400 -0.0013745 -0.0001656 0.9999728
2471.704715 -0.0190147 0.0013158 -0.0009698 -0.0145228 0.0045360 -0.0005701 0.9998841
2471.804883 -0.0202061 0.0018133 -0.0009616 -0.0171706 0.0052799 -0.0008213 0.9998383
2472.055886 -0.0230304 0.0024704 -0.0007808 -0.0242488 0.0071345 -0.0010928 0.9996799
2472.605932 -0.0296410 0.0028292 -0.0011519 -0.0298824 0.0069458 -0.0018916 0.9995275
2473.205498 -0.0350787 0.0017291 -0.0020139 -0.0198177 -0.0020332 -0.0007646 0.9998013
2473.355662 -0.0360308 0.0006571 -0.0024356 -0.0020592 -0.0042123 0.0003985 0.9999889
2473.454862 -0.0373569 -0.0000664 -0.0027559 0.0070723 -0.0047245 0.0007388 0.9999636
2474.997107 -0.0485270 -0.0070169 -0.0074635 0.1154804 -0.0198792 0.0056139 0.9930950
2475.095616 -0.0498625 -0.0071150 -0.0080241 0.1190345 -0.0190874 0.0055774 0.9926910
2475.930244 -0.0574931 -0.0087339 -0.0107610 0.1452769 -0.0231558 0.0074200 0.9890922
2476.129395 -0.0596234 -0.0086285 -0.0106630 0.1350349 -0.0215109 0.0068092 0.9905839
2476.774355 -0.0660129 -0.0093809 -0.0111790 0.1337249 -0.0176870 0.0077261 0.9908305
2476.874345 -0.0668026 -0.0092500 -0.0107364 0.1358833 -0.0169648 0.0078863 0.9905482
2477.124321 -0.0688282 -0.0101978 -0.0107502 0.1396818 -0.0158005 0.0080142 0.9900379
2477.374297 -0.0695438 -0.0096137 -0.0111994 0.1433592 -0.0145975 0.0083964 0.9895275
2477.574277 -0.0695042 -0.0093600 -0.0115265 0.1383965 -0.0136077 0.0080798 0.9902505
2477.624272 -0.0694669 -0.0094985 -0.0114042 0.1365640 -0.0139681 0.0083109 0.9904979
2478.474190 -0.0753560 -0.0088561 -0.0122183 0.0740927 -0.0077986 0.0074375 0.9971932
2480.024040 -0.0841481 0.0057088 -0.0094077 -0.0655574 0.0108177 -0.0050951 0.9977772
2480.074035 -0.0846206 0.0050583 -0.0092935 -0.0690508 0.0110819 -0.0057696 0.9975349
2480.274016 -0.0840657 0.0062090 -0.0091898 -0.0829761 0.0125955 -0.0066153 0.9964500
2480.723972 -0.0842299 0.0097357 -0.0083081 -0.1093210 0.0163467 -0.0097906 0.9938239
2481.123934 -0.0828808 0.0104872 -0.0092690 -0.1101146 0.0170090 -0.0095061 0.9937279
