2444.927438 0.0000000 0.0000000 0.0000000 -0.0000000 -0.0000000 -0.0000000 1.0000000
2449.776969 -0.0148900 0.0014004 0.0020280 -0.0224997 -0.0247718 -0.0017785 0.9994383
2449.876959 -0.0157035 0.0014180 0.0019678 -0.0219705 -0.0264317 -0.0021171 0.9994069
2450.476901 -0.0242588 0.0011074 0.0023560 -0.0166834 -0.0418637 -0.0132852 0.9988957
2450.576891 -0.0258485 0.0010474 0.0022948 -0.0158620 -0.0442732 -0.0151718 0.9987783
2451.826770 -0.0452971 0.0018192 0.0022445 -0.0103724 -0.0762079 -0.0404579 0.9962168
2452.076746 -0.0476423 0.0018963 0.0020794 -0.0088984 -0.0838901 -0.0418437 0.9955564
2452.426712 -0.0512911 0.0021665 0.0016490 -0.0047168 -0.0899588 -0.0456436 0.9948879
2452.726683 -0.0584076 0.0026472 -0.0002270 -0.0035572 -0.1025747 -0.0483912 0.9935412
2452.826673 -0.0626624 0.0028715 -0.0017495 -0.0039213 -0.1114920 -0.0511173 0.9924421
2453.276630 -0.0687437 0.0041997 -0.0022550 -0.0084888 -0.1264961 -0.0617031 0.9900098
2453.626596 -0.0716961 0.0042627 -0.0025073 -0.0081858 -0.1338453 -0.0662548 0.9887511
2455.126451 -0.0890270 0.0081873 -0.0039031 -0.0088622 -0.1673881 -0.0962882 0.9811378
2456.176349 -0.1038580 0.0119506 -0.0074870 -0.0116022 -0.1851879 -0.1187075 0.9754381
2456.776291 -0.1119711 0.0144805 -0.0090867 -0.0156780 -0.1932954 -0.1325653 0.9720173
2457.576214 -0.1278149 0.0198946 -0.0143815 -0.0162618 -0.2195422 -0.1546585 0.9631290
2457.826189 -0.1325058 0.0214479 -0.0173075 -0.0158545 -0.2283037 -0.1626589 0.9597751
2457.926180 -0.1348074 0.0208449 -0.0197914 -0.0158927 -0.2307363 -0.1658338 0.9586487
2457.976175 -0.1347945 0.0208246 -0.0198968 -0.0162409 -0.2313151 -0.1661464 0.9584492
2458.676502 -0.1522238 0.0259883 -0.0313948 0.0167880 -0.2635017 -0.1797711 0.9476114
2459.084542 -0.1601044 0.0274972 -0.0382431 0.0424229 -0.2833229 -0.1825694 0.9405301
2459.187575 -0.1617421 0.0276568 -0.0399418 0.0509004 -0.2880738 -0.1833683 0.9385088
2459.541946 -0.1663881 0.0270605 -0.0440381 0.0773563 -0.3038194 -0.1815495 0.9320674
2460.098135 -0.1762778 0.0301731 -0.0518945 0.1126826 -0.3275560 -0.1823895 0.9201868
2460.298471 -0.1796685 0.0312975 -0.0537096 0.1249962 -0.3341344 -0.1809023 0.9165176
2460.701533 -0.1817427 0.0315447 -0.0574344 0.1381947 -0.3433532 -0.1797173 0.9114343
2461.702957 -0.1996828 0.0401499 -0.0727622 0.1734484 -0.3764631 -0.1837719 0.8913019
2461.952242 -0.2005614 0.0397836 -0.0726666 0.1822112 -0.3800323 -0.1814056 0.8885193
2463.601312 -0.2265605 0.0527517 -0.0951864 0.1949149 -0.3963601 -0.1789173 0.8791448
2463.801115 -0.2259653 0.0530948 -0.0956148 0.1962285 -0.4009335 -0.1782386 0.8769137
2464.246231 -0.2250283 0.0545313 -0.0968791 0.1978614 -0.4058030 -0.1766763 0.8746201
2465.775420 -0.2203499 0.0605595 -0.1028489 0.1819894 -0.4219673 -0.1835195 0.8689902
2465.925405 -0.2200103 0.0611253 -0.1034628 0.1755164 -0.4186675 -0.1866271 0.8712530
2465.975400 -0.2200626 0.0610796 -0.1033972 0.1722362 -0.4174663 -0.1882569 0.8721330
2466.375362 -0.2166660 0.0650235 -0.1072394 0.1449265 -0.4186503 -0.2011998 0.8736401
2466.875313 -0.2304030 0.0752910 -0.1142921 0.1129540 -0.3994087 -0.2223936 0.8821877
2467.325270 -0.2348017 0.0812309 -0.1182890 0.0964704 -0.3971918 -0.2325073 0.8825375
2468.325173 -0.2398832 0.0895461 -0.1246207 0.0621721 -0.3895028 -0.2513131 0.8838913
2469.625047 -0.2460674 0.0968440 -0.1328557 0.0331514 -0.3836851 -0.2656746 0.8838007
2470.686165 -0.2538511 0.1039201 -0.1396689 0.0222853 -0.3755674 -0.2722453 0.8856270
2470.891756 -0.2561687 0.1060486 -0.1423215 0.0221846 -0.3784480 -0.2721400 0.8844347
2471.147519 -0.2573321 0.1071623 -0.1442713 0.0235845 -0.3807478 -0.2709121 0.8837882
2471.804883 -0.2600814 0.1105020 -0.1480814 0.0182903 -0.3720681 -0.2744673 0.8865092
2472.605932 -0.2649851 0.1158529 -0.1547034 0.0077231 -0.3672437 -0.2803747 0.8868272
2473.255651 -0.2690222 0.1179633 -0.1606460 0.0185650 -0.3796761 -0.2737376 0.8834982
2473.653795 -0.2707022 0.1169951 -0.1645400 0.0509671 -0.3953763 -0.2567269 0.8804381
2474.897828 -0.2764898 0.1148969 -0.1766939 0.1205140 -0.4264266 -0.2205041 0.8689159
2475.390431 -0.2782462 0.1163400 -0.1816252 0.1396812 -0.4341410 -0.2103265 0.8647391
2475.537454 -0.2783298 0.1163595 -0.1824311 0.1502913 -0.4362795 -0.2044863 0.8632833
2476.774355 -0.2824004 0.1222783 -0.1908176 0.1420307 -0.4307775 -0.2070270 0.8668321
2477.024331 -0.2826419 0.1223001 -0.1920180 0.1454004 -0.4309741 -0.2046388 0.8667428
2477.424292 -0.2833763 0.1240194 -0.1937916 0.1510050 -0.4297331 -0.2021199 0.8669916
2477.674268 -0.2837021 0.1240902 -0.1941752 0.1425725 -0.4268438 -0.2064408 0.8688266
2477.924243 -0.2836547 0.1261063 -0.1964119 0.1289994 -0.4210352 -0.2135768 0.8720513
2478.274210 -0.2856433 0.1297922 -0.1970697 0.1079696 -0.4139197 -0.2251939 0.8753861
2478.574180 -0.2876101 0.1324603 -0.1986016 0.0851194 -0.4041458 -0.2374949 0.8792139
2478.824156 -0.2895818 0.1363526 -0.1981181 0.0684215 -0.3913639 -0.2478733 0.8835789
2479.174122 -0.2910776 0.1388034 -0.1990519 0.0407009 -0.3781844 -0.2634992 0.8865033
2479.924050 -0.2877529 0.1425814 -0.1982509 -0.0172240 -0.3568872 -0.2936580 0.8866228
2480.673977 -0.2857379 0.1468595 -0.1956737 -0.0572026 -0.3373798 -0.3149920 0.8852586
2481.173929 -0.2857337 0.1471236 -0.1958550 -0.0597696 -0.3352554 -0.3161679 0.8854769
2481.673880 -0.2857901 0.1477044 -0.1950165 -0.0590429 -0.3381097 -0.3154476 0.8846969
2481.823866 -0.2863821 0.1474001 -0.1956250 -0.0591783 -0.3393968 -0.3150524 0.8843358
2481.923856 -0.2863587 0.1475436 -0.1954764 -0.0582263 -0.3401216 -0.3146687 0.8842571
