2469.725037 0.0000000 0.0000000 0.0000000 -0.0000000 -0.0000000 -0.0000000 1.0000000
2470.839706 -0.0121480 0.0007477 -0.0015677 -0.0116391 0.0006483 -0.0006082 0.9999319
2471.349495 -0.0176550 0.0006786 -0.0021446 -0.0072942 -0.0014229 -0.0002439 0.9999723
2471.654562 -0.0196726 0.0005199 -0.0024177 -0.0132320 0.0040689 -0.0004333 0.9999041
2471.804883 -0.0214334 0.0010232 -0.0026378 -0.0174350 0.0051533 -0.0008420 0.9998344
2471.904874 -0.0224639 0.0014860 -0.0024218 -0.0214387 0.0057386 -0.0010253 0.9997532
2472.256203 -0.0283457 0.0017333 -0.0025428 -0.0312757 0.0103138 -0.0019592 0.9994557
2472.656085 -0.0323139 0.0014125 -0.0035529 -0.0308106 0.0057365 -0.0020156 0.9995068
2473.205498 -0.0375972 0.0001614 -0.0046658 -0.0203995 -0.0020164 -0.0008271 0.9997895
2473.454862 -0.0403525 -0.0017674 -0.0054318 0.0064444 -0.0045782 0.0007850 0.9999685
2474.102764 -0.0450195 -0.0057444 -0.0079409 0.0562991 -0.0110888 0.0035473 0.9983461
2474.252177 -0.0471301 -0.0063484 -0.0088777 0.0661556 -0.0150286 0.0038363 0.9976888
2475.095616 -0.0528312 -0.0106471 -0.0124668 0.1178229 -0.0192062 0.0058254 0.9928318
2476.029050 -0.0642752 -0.0113081 -0.0153370 0.1391443 -0.0222691 0.0072876 0.9899949
2476.624369 -0.0677938 -0.0113256 -0.0152577 0.1288987 -0.0161823 0.0077300 0.9914956
2476.674364 -0.0683807 -0.0111605 -0.0152547 0.1314739 -0.0168936 0.0080689 0.9911429
2476.774355 -0.0700432 -0.0114000 -0.0159579 0.1333252 -0.0179171 0.0081132 0.9908772
2477.074326 -0.0727161 -0.0117115 -0.0150452 0.1378173 -0.0160973 0.0084946 0.9902904
2477.274306 -0.0727114 -0.0117452 -0.0156948 0.1424828 -0.0160496 0.0087030 0.9896289
2477.524282 -0.0728776 -0.0115217 -0.0162422 0.1395053 -0.0139743 0.0091255 0.9900807
2478.824156 -0.0893517 -0.0057869 -0.0137231 0.0410765 0.0033644 0.0032434 0.9991451
2479.174122 -0.0909312 -0.0017819 -0.0126363 0.0084055 0.0076569 0.0003819 0.9999353
2479.824059 -0.0927637 -0.0017896 -0.0150839 -0.0506322 0.0104047 -0.0033910 0.9986575
2481.323914 -0.0935897 -0.0018253 -0.0160890 -0.1179677 0.0186570 -0.0097992 0.9927938
2481.573890 -0.0936919 -0.0018073 -0.0162734 -0.1167829 0.0171971 -0.0094864 0.9929633
2481.773871 -0.0943737 -0.0018027 -0.0172210 -0.1152071 0.0153633 -0.0088220 0.9931835
