2444.927438 0.0000000 0.0000000 0.0000000 -0.0000000 -0.0000000 -0.0000000 1.0000000
2449.776969 -0.0154305 0.0016439 0.0019374 -0.0223858 -0.0246662 -0.0017962 0.9994435
2449.876959 -0.0161385 0.0013427 0.0017109 -0.0220184 -0.0263649 -0.0020238 0.9994078
2450.376911 -0.0236873 0.0010352 0.0018533 -0.0177998 -0.0383422 -0.0108224 0.9990475
2450.926857 -0.0319439 0.0005427 0.0015336 -0.0124861 -0.0518675 -0.0241775 0.9982832
2451.826770 -0.0474760 0.0011836 0.0011311 -0.0106543 -0.0755596 -0.0404976 0.9962617
2452.226731 -0.0500160 0.0009227 0.0009774 -0.0083447 -0.0871225 -0.0432132 0.9952250
2452.426712 -0.0530410 0.0014701 0.0006185 -0.0050663 -0.0896394 -0.0453206 0.9949297
2452.826673 -0.0655480 0.0027752 -0.0023582 -0.0040278 -0.1107851 -0.0509089 0.9925315
2453.626596 -0.0748613 0.0036135 -0.0037484 -0.0085499 -0.1331390 -0.0660344 0.9888581
2454.026557 -0.0795885 0.0049170 -0.0032803 -0.0088979 -0.1382022 -0.0740986 0.9875882
2456.426325 -0.1115221 0.0118390 -0.0098897 -0.0121705 -0.1853584 -0.1252917 0.9745749
2456.676301 -0.1147478 0.0129473 -0.0109646 -0.0146056 -0.1895934 -0.1315518 0.9729004
2457.026267 -0.1223188 0.0156292 -0.0129818 -0.0169122 -0.1996182 -0.1392326 0.9697839
2457.576214 -0.1334544 0.0193886 -0.0168999 -0.0168889 -0.2185038 -0.1543635 0.9634017
2457.826189 -0.1388664 0.0208093 -0.0203509 -0.0165496 -0.2270331 -0.1625240 0.9600875
2457.926180 -0.1409386 0.0216743 -0.0214545 -0.0158677 -0.2296993 -0.1654101 0.9589713
2457.976175 -0.1407419 0.0217522 -0.0212423 -0.0162137 -0.2305727 -0.1657746 0.9586929
2458.126160 -0.1432121 0.0216550 -0.0225775 -0.0143747 -0.2328342 -0.1677145 0.9578379
2458.376136 -0.1491552 0.0256315 -0.0274266 -0.0023598 -0.2414786 -0.1750037 0.9544927
2458.728235 -0.1596370 0.0259989 -0.0343600 0.0174074 -0.2651141 -0.1795598 0.9471905
2459.084542 -0.1678516 0.0280635 -0.0408743 0.0420292 -0.2817921 -0.1825278 0.9410156
2459.187575 -0.1678782 0.0274010 -0.0423920 0.0501883 -0.2873185 -0.1826047 0.9389275
2459.387891 -0.1707980 0.0279705 -0.0445992 0.0640975 -0.2945300 -0.1819424 0.9359704
2459.541946 -0.1733930 0.0279890 -0.0462008 0.0772946 -0.3027835 -0.1812911 0.9324598
2459.695586 -0.1765895 0.0294634 -0.0485961 0.0853685 -0.3100638 -0.1828965 0.9290434
2460.651143 -0.1903228 0.0323198 -0.0604776 0.1353502 -0.3401148 -0.1800274 0.9130128
2461.051855 -0.1958535 0.0341862 -0.0666617 0.1521314 -0.3550024 -0.1794244 0.9047852
2461.952242 -0.2090597 0.0402773 -0.0779846 0.1817926 -0.3786434 -0.1812695 0.8892255
2464.246231 -0.2255533 0.0524942 -0.0960673 0.1967802 -0.4078083 -0.1745193 0.8743643
2465.477859 -0.2403686 0.0651721 -0.1163027 0.1930601 -0.4222633 -0.1799702 0.8671980
2465.725424 -0.2399550 0.0659063 -0.1167729 0.1839072 -0.4174514 -0.1849516 0.8704627
2465.925405 -0.2401301 0.0669924 -0.1178496 0.1762106 -0.4133593 -0.1887575 0.8731865
2465.975400 -0.2394239 0.0667285 -0.1180218 0.1727286 -0.4123123 -0.1901237 0.8740803
2466.275371 -0.2375926 0.0693562 -0.1207944 0.1527996 -0.4164158 -0.1990200 0.8738657
2466.375362 -0.2375757 0.0696792 -0.1216072 0.1446449 -0.4135462 -0.2030746 0.8756815
2466.625337 -0.2389250 0.0704749 -0.1247818 0.1228990 -0.4029688 -0.2159034 0.8808506
2468.275178 -0.2534576 0.0909507 -0.1350402 0.0640955 -0.3879868 -0.2499013 0.8848205
2469.125095 -0.2559192 0.0968550 -0.1387627 0.0426794 -0.3808629 -0.2612318 0.8859345
2469.625047 -0.2599152 0.1019676 -0.1412666 0.0333013 -0.3812600 -0.2657371 0.8848252
2469.875023 -0.2613290 0.1023908 -0.1427176 0.0292173 -0.3765395 -0.2681662 0.8862569
2470.127132 -0.2636874 0.1046131 -0.1457254 0.0243804 -0.3769026 -0.2705452 0.8855255
2470.686165 -0.2659576 0.1069743 -0.1493952 0.0215829 -0.3734299 -0.2721413 0.8865796
2471.904874 -0.2728233 0.1145480 -0.1591636 0.0143590 -0.3683060 -0.2761795 0.8876201
2472.406208 -0.2767038 0.1191850 -0.1638654 0.0075693 -0.3635962 -0.2802031 0.8883843
2472.955937 -0.2791210 0.1218154 -0.1679407 0.0071001 -0.3692016 -0.2794611 0.8863077
2473.454862 -0.2827811 0.1215682 -0.1732105 0.0359589 -0.3854230 -0.2640877 0.8834103
2474.252177 -0.2880016 0.1209387 -0.1819024 0.0848339 -0.4095316 -0.2388442 0.8763792
2475.930244 -0.2951073 0.1224187 -0.1990785 0.1501675 -0.4341449 -0.2036365 0.8645809
2476.474384 -0.2974274 0.1258277 -0.2014858 0.1353238 -0.4240610 -0.2113685 0.8701627
2476.724360 -0.2980608 0.1271839 -0.2029311 0.1408311 -0.4268952 -0.2081448 0.8686788
2477.024331 -0.2998855 0.1277402 -0.2065088 0.1453201 -0.4275135 -0.2056822 0.8682218
2477.524282 -0.3000357 0.1286282 -0.2081038 0.1478468 -0.4254165 -0.2041271 0.8691917
2477.624272 -0.2997334 0.1285089 -0.2080158 0.1446869 -0.4251223 -0.2054203 0.8695627
2478.124224 -0.3023190 0.1334113 -0.2118142 0.1162038 -0.4136871 -0.2210724 0.8754923
2479.474093 -0.3058452 0.1459249 -0.2139580 0.0150466 -0.3668200 -0.2766044 0.8880916
2479.824059 -0.3043291 0.1478650 -0.2126318 -0.0086091 -0.3577985 -0.2887069 0.8880059
2479.974045 -0.3040763 0.1478856 -0.2134788 -0.0207078 -0.3525437 -0.2946393 0.8879594
2480.124030 -0.3039923 0.1499973 -0.2119826 -0.0285741 -0.3495620 -0.2988151 0.8875243
2480.473997 -0.3027962 0.1516625 -0.2107748 -0.0481056 -0.3386919 -0.3091957 0.8873397
2481.073938 -0.3025801 0.1519209 -0.2114608 -0.0606608 -0.3316922 -0.3163368 0.8866970
2481.823866 -0.3017708 0.1515881 -0.2113764 -0.0607077 -0.3362712 -0.3147752 0.8855241
