2469.725037 0.0000000 0.0000000 0.0000000 -0.0000000 -0.0000000 -0.0000000 1.0000000
2470.839706 -0.0118525 0.0004875 -0.0009927 -0.0118401 0.0008210 -0.0004804 0.9999295
2471.349495 -0.0167862 0.0007808 -0.0012389 -0.0073030 -0.0014101 -0.0000485 0.9999723
2471.654562 -0.0196544 0.0012284 -0.0011824 -0.0129871 0.0045706 -0.0005940 0.9999050
2471.854879 -0.0218719 0.0017839 -0.0013295 -0.0199843 0.0065234 -0.0009706 0.9997786
2472.306356 -0.0278162 0.0024819 -0.0010776 -0.0298352 0.0095136 -0.0020323 0.9995075
2472.356351 -0.0284167 0.0026525 -0.0014345 -0.0301634 0.0091513 -0.0020122 0.9995011
2473.105646 -0.0350437 0.0019463 -0.0025191 -0.0252054 -0.0001454 -0.0011627 0.9996817
2473.405519 -0.0381395 -0.0001838 -0.0032676 0.0016757 -0.0039693 0.0004370 0.9999906
2473.454862 -0.0385546 -0.0003675 -0.0033428 0.0069880 -0.0044463 0.0008636 0.9999653
2473.553627 -0.0396773 -0.0015554 -0.0038195 0.0172185 -0.0069050 0.0013691 0.9998270
2474.053085 -0.0432702 -0.0044206 -0.0055847 0.0505071 -0.0094582 0.0029894 0.9986745
2474.252177 -0.0458925 -0.0049599 -0.0058819 0.0665327 -0.0145148 0.0035349 0.9976724
2474.947112 -0.0495939 -0.0087072 -0.0092357 0.1140828 -0.0199935 0.0055870 0.9932544
2476.129395 -0.0629941 -0.0099208 -0.0121323 0.1345615 -0.0204145 0.0067868 0.9906717
2476.524379 -0.0644890 -0.0092529 -0.0116622 0.1255092 -0.0145759 0.0075407 0.9919568
2476.674364 -0.0664760 -0.0100280 -0.0118020 0.1316108 -0.0161626 0.0076719 0.9911400
2476.824350 -0.0689722 -0.0098263 -0.0126280 0.1348169 -0.0165739 0.0078581 0.9907007
2477.124321 -0.0703537 -0.0100631 -0.0126327 0.1398465 -0.0155477 0.0084520 0.9900150
2477.274306 -0.0701395 -0.0107277 -0.0131512 0.1425378 -0.0155958 0.0087341 0.9896280
2477.524282 -0.0730145 -0.0101935 -0.0123450 0.1395791 -0.0124750 0.0087534 0.9900936
2477.774258 -0.0742811 -0.0114226 -0.0126656 0.1242101 -0.0107568 0.0076412 0.9921682
2479.174122 -0.0856333 -0.0019962 -0.0095051 0.0080053 0.0075872 0.0011486 0.9999385
2479.274113 -0.0888195 -0.0040969 -0.0109829 -0.0035444 0.0102546 -0.0002301 0.9999411
2479.374103 -0.0873460 -0.0011244 -0.0087031 -0.0114876 0.0096102 -0.0002310 0.9998878
2480.124030 -0.0878615 0.0059129 -0.0105844 -0.0719421 0.0118125 -0.0056634 0.9973228
2480.374006 -0.0868704 0.0072280 -0.0103732 -0.0888178 0.0142590 -0.0080674 0.9959131
2481.173929 -0.0874170 0.0080188 -0.0098731 -0.1121225 0.0180209 -0.0110929 0.9934691
