2469.725037 0.0000000 0.0000000 0.0000000 -0.0000000 -0.0000000 -0.0000000 1.0000000
2471.046304 -0.0158932 0.0018093 -0.0009449 -0.0098930 -0.0016793 -0.0004309 0.9999496
2471.147519 -0.0161895 0.0020318 -0.0009916 -0.0083674 -0.0024191 -0.0000810 0.9999621
2471.349495 -0.0166254 0.0018803 -0.0012787 -0.0068310 -0.0025342 0.0002418 0.9999734
2471.804883 -0.0222438 0.0025284 -0.0015270 -0.0168971 0.0047458 -0.0007917 0.9998457
2472.256203 -0.0283461 0.0035784 -0.0009095 -0.0306483 0.0092175 -0.0015747 0.9994865
2472.455927 -0.0316444 0.0032287 -0.0020356 -0.0296893 0.0071424 -0.0019660 0.9995317
2473.454862 -0.0418087 0.0001654 -0.0034557 0.0072531 -0.0053488 0.0009015 0.9999590
2473.752897 -0.0443291 -0.0019959 -0.0047930 0.0291269 -0.0087927 0.0020712 0.9995349
2473.903416 -0.0447422 -0.0027821 -0.0053833 0.0403105 -0.0097858 0.0026804 0.9991357
2474.053085 -0.0469120 -0.0044392 -0.0064110 0.0508680 -0.0104780 0.0029420 0.9986461
2474.997107 -0.0545560 -0.0078340 -0.0092403 0.1156698 -0.0205906 0.0055644 0.9930587
2476.029050 -0.0663400 -0.0091047 -0.0123053 0.1403112 -0.0234914 0.0070800 0.9898034
2476.129395 -0.0667891 -0.0089447 -0.0127375 0.1355601 -0.0223721 0.0070849 0.9904912
2476.474384 -0.0699515 -0.0092758 -0.0129098 0.1263380 -0.0166652 0.0075439 0.9918185
2476.624369 -0.0714023 -0.0093985 -0.0131849 0.1300794 -0.0169233 0.0078902 0.9913278
2477.024331 -0.0771336 -0.0110918 -0.0144944 0.1378841 -0.0170772 0.0082483 0.9902668
2477.124321 -0.0774050 -0.0105828 -0.0144756 0.1402453 -0.0167347 0.0084384 0.9899395
2477.274306 -0.0768517 -0.0110506 -0.0140139 0.1430906 -0.0167062 0.0086463 0.9895309
2477.474287 -0.0809819 -0.0088363 -0.0131166 0.1430714 -0.0133719 0.0085390 0.9895852
2477.624272 -0.0815343 -0.0083255 -0.0140703 0.1376146 -0.0137214 0.0084990 0.9903544
2479.174122 -0.0972597 -0.0140175 -0.0279721 0.0037635 0.0073735 0.0012637 0.9999650
2479.424098 -0.0973010 -0.0139951 -0.0278523 -0.0197107 0.0077874 0.0002672 0.9997754
2480.573987 -0.0973480 -0.0142850 -0.0268342 -0.1136020 0.0154925 -0.0081691 0.9933720
2481.073938 -0.0999422 -0.0086372 -0.0245893 -0.1192800 0.0181799 -0.0101175 0.9926426
2481.173929 -0.0990375 -0.0082265 -0.0239915 -0.1197876 0.0174921 -0.0109779 0.9925848
2481.623885 -0.0988210 -0.0067449 -0.0245345 -0.1181054 0.0151133 -0.0094580 0.9928410
2481.773871 -0.0993408 -0.0086372 -0.0247617 -0.1187253 0.0141069 -0.0083149 0.9927921
