2469.725037 0.0000000 0.0000000 0.0000000 -0.0000000 -0.0000000 -0.0000000 1.0000000
2471.046304 -0.0173010 0.0004433 -0.0014751 -0.0105124 -0.0013983 -0.0005936 0.9999436
2471.349495 -0.0198686 0.0004972 -0.0018046 -0.0075071 -0.0014250 -0.0001014 0.9999708
2471.804883 -0.0249224 0.0012885 -0.0021805 -0.0174852 0.0055112 -0.0009402 0.9998315
2472.155896 -0.0305802 0.0021641 -0.0018434 -0.0291802 0.0114666 -0.0019811 0.9995065
2472.206050 -0.0315076 0.0022515 -0.0020982 -0.0297335 0.0107207 -0.0018228 0.9994987
2472.256203 -0.0324867 0.0022196 -0.0017656 -0.0312395 0.0105339 -0.0019928 0.9994544
2472.805794 -0.0387971 0.0028522 -0.0026110 -0.0312470 0.0048043 -0.0021120 0.9994980
2473.005933 -0.0404859 0.0020923 -0.0029071 -0.0269786 0.0012504 -0.0016439 0.9996339
2473.355662 -0.0453498 -0.0004942 -0.0040648 -0.0024785 -0.0035115 0.0001026 0.9999908
2474.053085 -0.0520669 -0.0061424 -0.0073280 0.0501655 -0.0092363 0.0026936 0.9986946
2474.102764 -0.0518831 -0.0059732 -0.0068883 0.0563313 -0.0106940 0.0032658 0.9983495
2474.202182 -0.0540866 -0.0061454 -0.0072900 0.0639536 -0.0125137 0.0036516 0.9978678
2474.451427 -0.0573531 -0.0079190 -0.0094562 0.0799550 -0.0207407 0.0038360 0.9965753
2476.029050 -0.0750385 -0.0129031 -0.0148754 0.1389676 -0.0213002 0.0068852 0.9900439
2476.474384 -0.0771176 -0.0121084 -0.0152120 0.1252681 -0.0151730 0.0073094 0.9919800
2476.674364 -0.0790068 -0.0124361 -0.0147857 0.1314006 -0.0161204 0.0078751 0.9911670
2476.824350 -0.0829639 -0.0129937 -0.0152848 0.1342966 -0.0163032 0.0078636 0.9907759
2477.024331 -0.0848799 -0.0126182 -0.0149235 0.1373840 -0.0155152 0.0081276 0.9903630
2477.424292 -0.0856749 -0.0126369 -0.0164126 0.1428014 -0.0133825 0.0084588 0.9896247
2477.574277 -0.0858457 -0.0125690 -0.0163626 0.1380370 -0.0129610 0.0085896 0.9903050
2477.624272 -0.0860758 -0.0132288 -0.0169183 0.1358859 -0.0132512 0.0088066 0.9905968
2478.824156 -0.1033082 -0.0041535 -0.0130337 0.0414482 0.0043988 0.0032533 0.9991257
2479.274113 -0.1081551 -0.0046542 -0.0145543 -0.0034238 0.0109454 0.0003049 0.9999342
2480.473997 -0.1042463 0.0119450 -0.0133110 -0.0951319 0.0157165 -0.0073553 0.9953135
2481.173929 -0.1054259 0.0092572 -0.0139256 -0.1127758 0.0184086 -0.0092854 0.9934066
2481.623885 -0.1054237 0.0124543 -0.0104317 -0.1103337 0.0163887 -0.0089165 0.9937195
2481.823866 -0.1059117 0.0132422 -0.0119629 -0.1090520 0.0146553 -0.0089945 0.9938873
2481.923856 -0.1040081 0.0108286 -0.0125398 -0.1087216 0.0132140 -0.0088210 0.9939453
