2469.675042 0.0000000 0.0000000 0.0000000 -0.0000000 -0.0000000 -0.0000000 1.0000000
2471.046304 -0.0145308 0.0011816 -0.0016885 -0.0112270 -0.0012188 -0.0006445 0.9999360
2471.502878 -0.0178139 0.0008459 -0.0023879 -0.0103343 0.0019933 -0.0005101 0.9999445
2471.754572 -0.0204179 0.0014654 -0.0023286 -0.0164202 0.0047348 -0.0009472 0.9998536
2472.306356 -0.0275193 0.0024327 -0.0024699 -0.0309034 0.0094555 -0.0021946 0.9994752
2472.356351 -0.0281951 0.0022119 -0.0030196 -0.0314159 0.0090307 -0.0023707 0.9994628
2473.105646 -0.0346045 0.0018649 -0.0037424 -0.0262733 -0.0004055 -0.0014625 0.9996536
2473.255651 -0.0368887 0.0009189 -0.0043004 -0.0155712 -0.0023741 -0.0008064 0.9998756
2473.454862 -0.0396500 -0.0005576 -0.0047083 0.0058225 -0.0039256 0.0002422 0.9999753
2473.504185 -0.0395816 -0.0002727 -0.0051337 0.0104353 -0.0054211 0.0005894 0.9999307
2473.953411 -0.0402094 -0.0010087 -0.0067988 0.0441243 -0.0099892 0.0028215 0.9989721
2474.997107 -0.0506539 -0.0092498 -0.0114727 0.1135523 -0.0195044 0.0054322 0.9933257
2475.095616 -0.0509698 -0.0096186 -0.0121260 0.1170178 -0.0190837 0.0056934 0.9929301
2476.374393 -0.0622501 -0.0102950 -0.0151390 0.1272482 -0.0179273 0.0074576 0.9916809
2476.624369 -0.0647595 -0.0098123 -0.0147470 0.1283918 -0.0162970 0.0077394 0.9915594
2476.924340 -0.0685579 -0.0120014 -0.0172789 0.1349206 -0.0170440 0.0083584 0.9906746
2477.024331 -0.0689866 -0.0121509 -0.0173279 0.1358231 -0.0169048 0.0085310 0.9905522
2477.424292 -0.0696325 -0.0108891 -0.0171044 0.1417506 -0.0147746 0.0090132 0.9897512
2477.574277 -0.0709338 -0.0119561 -0.0178675 0.1365487 -0.0140597 0.0085466 0.9904968
2477.624272 -0.0716902 -0.0120019 -0.0170993 0.1345261 -0.0140900 0.0086062 0.9907725
2478.874151 -0.0832088 -0.0088624 -0.0197586 0.0338193 0.0037840 0.0024449 0.9994178
2479.174122 -0.0841939 -0.0093363 -0.0202908 0.0039745 0.0063544 0.0010254 0.9999714
2479.274113 -0.0848084 -0.0090760 -0.0208563 -0.0063978 0.0080730 -0.0000317 0.9999470
2479.924050 -0.0853086 0.0005956 -0.0163766 -0.0621975 0.0099635 -0.0054363 0.9979994
2480.074035 -0.0855503 0.0022756 -0.0163869 -0.0711330 0.0104119 -0.0068322 0.9973891
2480.224021 -0.0858701 0.0023053 -0.0172784 -0.0836058 0.0119942 -0.0070165 0.9964020
2480.573987 -0.0844781 0.0071266 -0.0147190 -0.1047140 0.0151280 -0.0095125 0.9943418
2480.773967 -0.0845755 0.0060628 -0.0159451 -0.1125378 0.0152896 -0.0107204 0.9934720
