2444.927438 0.0000000 0.0000000 0.0000000 -0.0000000 -0.0000000 -0.0000000 1.0000000
2449.776969 -0.0151515 0.0017685 0.0023698 -0.0223182 -0.0247542 -0.0016147 0.9994431
2449.876959 -0.0160921 0.0018008 0.0024414 -0.0217939 -0.0263426 -0.0020768 0.9994133
2450.476901 -0.0248078 0.0012235 0.0027639 -0.0166593 -0.0417298 -0.0131266 0.9989038
2450.776872 -0.0292947 0.0014736 0.0030634 -0.0132057 -0.0486092 -0.0199666 0.9985310
2451.526799 -0.0415043 0.0013074 0.0024841 -0.0102758 -0.0669398 -0.0351002 0.9970865
2451.626790 -0.0429374 0.0016962 0.0024641 -0.0114519 -0.0708696 -0.0367407 0.9967430
2451.826770 -0.0465964 0.0020459 0.0023288 -0.0102963 -0.0756921 -0.0402654 0.9962647
2452.576698 -0.0561164 0.0023471 0.0008629 -0.0032571 -0.0951923 -0.0468785 0.9943491
2452.726683 -0.0603944 0.0027445 -0.0002508 -0.0035315 -0.1018267 -0.0481632 0.9936293
2454.326528 -0.0817246 0.0061830 -0.0023994 -0.0079569 -0.1439386 -0.0809039 0.9862418
2454.476514 -0.0831796 0.0064387 -0.0028472 -0.0098921 -0.1485376 -0.0810423 0.9855308
2456.176349 -0.1072372 0.0123602 -0.0075582 -0.0116157 -0.1840760 -0.1185266 0.9756703
2456.676301 -0.1134496 0.0140559 -0.0087843 -0.0139967 -0.1894176 -0.1314935 0.9729515
2457.276243 -0.1259664 0.0178614 -0.0126694 -0.0178702 -0.2072847 -0.1460163 0.9671572
2457.326238 -0.1272601 0.0184444 -0.0132421 -0.0181971 -0.2091096 -0.1465024 0.9666846
2457.826189 -0.1369976 0.0220316 -0.0180744 -0.0158320 -0.2267828 -0.1626731 0.9601336
2458.076165 -0.1401041 0.0224759 -0.0199195 -0.0153505 -0.2319390 -0.1666494 0.9582258
2458.326141 -0.1448773 0.0234032 -0.0222287 -0.0083345 -0.2394086 -0.1722288 0.9554849
2458.426131 -0.1479703 0.0244655 -0.0245628 0.0007227 -0.2465711 -0.1748343 0.9532236
2458.576117 -0.1532553 0.0261677 -0.0277703 0.0083964 -0.2559927 -0.1782454 0.9500662
2459.337284 -0.1678743 0.0282611 -0.0401103 0.0625461 -0.2940982 -0.1819542 0.9362088
2459.387891 -0.1682748 0.0282809 -0.0405465 0.0644804 -0.2946753 -0.1822033 0.9358476
2459.489521 -0.1696722 0.0285285 -0.0415304 0.0729293 -0.2998317 -0.1817334 0.9336783
2459.796524 -0.1758945 0.0305895 -0.0463644 0.0924447 -0.3148626 -0.1839549 0.9265399
2460.098135 -0.1804529 0.0306185 -0.0502854 0.1126170 -0.3267720 -0.1822325 0.9205046
2461.552142 -0.1999608 0.0389052 -0.0678583 0.1651204 -0.3709851 -0.1839752 0.8951304
2462.401704 -0.2094437 0.0420329 -0.0755698 0.1953317 -0.3887519 -0.1742561 0.8833756
2463.900552 -0.2192245 0.0502330 -0.0876614 0.1947262 -0.4046027 -0.1763461 0.8759455
2464.642301 -0.2245315 0.0548881 -0.0963037 0.1980145 -0.4140325 -0.1736695 0.8713244
2465.775420 -0.2343801 0.0655062 -0.1097242 0.1830000 -0.4175815 -0.1856760 0.8704373
2465.975400 -0.2349201 0.0656656 -0.1104732 0.1730614 -0.4128135 -0.1907962 0.8736312
2466.025395 -0.2347793 0.0666213 -0.1109600 0.1702572 -0.4121176 -0.1922309 0.8741961
2466.425357 -0.2319986 0.0701572 -0.1148099 0.1419770 -0.4127705 -0.2048845 0.8760625
2468.225183 -0.2480712 0.0908192 -0.1272839 0.0672137 -0.3885053 -0.2489629 0.8846262
2468.725134 -0.2501776 0.0941435 -0.1298413 0.0535136 -0.3841631 -0.2565145 0.8852996
2469.225086 -0.2523035 0.0973088 -0.1330550 0.0419044 -0.3835501 -0.2624911 0.8844387
2469.625047 -0.2548322 0.0994720 -0.1349033 0.0334042 -0.3814369 -0.2665635 0.8844965
2470.330964 -0.2590192 0.1048601 -0.1397547 0.0223487 -0.3762090 -0.2723727 0.8853137
2471.604231 -0.2650700 0.1108115 -0.1488652 0.0208684 -0.3717653 -0.2734531 0.8868926
2471.904874 -0.2666512 0.1132507 -0.1506153 0.0151197 -0.3688860 -0.2765001 0.8872668
2472.555779 -0.2712746 0.1184343 -0.1559569 0.0074644 -0.3646362 -0.2809655 0.8877179
2472.905942 -0.2723840 0.1193332 -0.1586903 0.0064582 -0.3687414 -0.2807314 0.8861027
2473.305508 -0.2755847 0.1205451 -0.1626036 0.0232969 -0.3799702 -0.2715020 0.8839494
2473.504185 -0.2766548 0.1196456 -0.1651180 0.0398914 -0.3880930 -0.2626306 0.8825065
2474.252177 -0.2808859 0.1189737 -0.1726297 0.0854590 -0.4101068 -0.2392487 0.8759391
2475.145394 -0.2848003 0.1183370 -0.1805533 0.1331960 -0.4275182 -0.2143323 0.8680719
2476.029050 -0.2889517 0.1219090 -0.1901647 0.1463865 -0.4333390 -0.2067065 0.8649051
2477.024331 -0.2926033 0.1252676 -0.1960322 0.1458121 -0.4283076 -0.2063411 0.8675914
2477.374297 -0.2922844 0.1260317 -0.1961240 0.1511700 -0.4282846 -0.2033011 0.8674034
2477.524282 -0.2924218 0.1257899 -0.1968339 0.1481042 -0.4263483 -0.2045681 0.8685875
2477.624272 -0.2922186 0.1262653 -0.1972850 0.1451611 -0.4260782 -0.2059700 0.8688855
2477.974239 -0.2934921 0.1299533 -0.1996959 0.1259446 -0.4181006 -0.2167988 0.8731140
2478.124224 -0.2954638 0.1322001 -0.1999746 0.1171837 -0.4145606 -0.2220019 0.8747129
2478.324205 -0.2963520 0.1337990 -0.1989211 0.1053921 -0.4106390 -0.2281036 0.8764912
2479.174122 -0.2979969 0.1423763 -0.1992446 0.0410131 -0.3775038 -0.2628037 0.8869854
2479.824059 -0.2979626 0.1472681 -0.1992071 -0.0071480 -0.3588823 -0.2890472 0.8874706
2480.224021 -0.2955753 0.1501693 -0.1983797 -0.0340674 -0.3471463 -0.3025925 0.8869987
2480.324011 -0.2963479 0.1507530 -0.1983958 -0.0394187 -0.3438207 -0.3055769 0.8870492
2480.723972 -0.2946780 0.1511272 -0.1979131 -0.0581461 -0.3349507 -0.3150707 0.8860912
