2444.927438 0.0000000 0.0000000 0.0000000 -0.0000000 -0.0000000 -0.0000000 1.0000000
2449.776969 -0.0151529 0.0014478 0.0019048 -0.0225370 -0.0248694 -0.0017656 0.9994351
2449.876959 -0.0162277 0.0015442 0.0017592 -0.0219021 -0.0263501 -0.0022156 0.9994104
2450.176930 -0.0203514 0.0010334 0.0018365 -0.0200447 -0.0333716 -0.0048565 0.9992302
2450.276920 -0.0217646 0.0011258 0.0018459 -0.0184657 -0.0353914 -0.0076682 0.9991735
2451.276823 -0.0368565 0.0007921 0.0017723 -0.0120602 -0.0613426 -0.0309163 0.9975650
2451.626790 -0.0430113 0.0010058 0.0015026 -0.0118208 -0.0711212 -0.0370456 0.9967094
2452.126741 -0.0492167 0.0013791 0.0008900 -0.0099386 -0.0851698 -0.0416941 0.9954441
2452.426712 -0.0525767 0.0016148 0.0006887 -0.0050429 -0.0899351 -0.0455849 0.9948911
2452.476707 -0.0536123 0.0013471 0.0004449 -0.0047554 -0.0919962 -0.0457793 0.9946951
2452.826673 -0.0646210 0.0023867 -0.0025962 -0.0042056 -0.1113342 -0.0512624 0.9924511
2454.676494 -0.0853055 0.0057776 -0.0045358 -0.0089606 -0.1525251 -0.0848318 0.9846113
2455.026460 -0.0908017 0.0068452 -0.0059131 -0.0100115 -0.1628958 -0.0939653 0.9821076
2456.676301 -0.1138769 0.0135326 -0.0104256 -0.0142938 -0.1899638 -0.1319379 0.9727805
2457.276243 -0.1265589 0.0169908 -0.0145625 -0.0183392 -0.2080171 -0.1463254 0.9669444
2457.826189 -0.1376468 0.0208642 -0.0204285 -0.0164887 -0.2275525 -0.1628554 0.9599094
2457.976175 -0.1399030 0.0209293 -0.0222819 -0.0165379 -0.2306484 -0.1664173 0.9585578
2458.076165 -0.1413092 0.0217862 -0.0231782 -0.0158294 -0.2321276 -0.1669555 0.9581191
2458.476126 -0.1518447 0.0245967 -0.0300604 0.0039850 -0.2498172 -0.1772164 0.9519296
2458.576117 -0.1544404 0.0255884 -0.0317711 0.0079064 -0.2561413 -0.1782629 0.9500271
2459.084542 -0.1654803 0.0281207 -0.0402353 0.0419572 -0.2829346 -0.1821894 0.9407416
2459.187575 -0.1671999 0.0280976 -0.0423986 0.0504177 -0.2874911 -0.1828444 0.9388157
2459.541946 -0.1719817 0.0276876 -0.0465584 0.0771621 -0.3032750 -0.1815164 0.9322672
2459.746055 -0.1760224 0.0291771 -0.0494451 0.0887391 -0.3133509 -0.1831749 0.9275687
2460.147715 -0.1821977 0.0300278 -0.0551722 0.1161844 -0.3299777 -0.1812745 0.9191058
2460.398896 -0.1849452 0.0311628 -0.0574433 0.1269044 -0.3356686 -0.1806489 0.9157444
2460.852763 -0.1904336 0.0328616 -0.0636949 0.1450148 -0.3501445 -0.1790255 0.9079204
2464.246231 -0.2231829 0.0525186 -0.0947018 0.1967904 -0.4087088 -0.1746477 0.8739158
2464.691664 -0.2293491 0.0576304 -0.1031243 0.1983775 -0.4140518 -0.1737998 0.8712067
2464.889946 -0.2290721 0.0580483 -0.1034116 0.2023609 -0.4190538 -0.1716724 0.8683159
2464.987724 -0.2288297 0.0581284 -0.1034935 0.2065960 -0.4223475 -0.1696250 0.8661225
2465.775420 -0.2397641 0.0663156 -0.1163893 0.1827638 -0.4173226 -0.1862983 0.8704782
2465.975400 -0.2397090 0.0667383 -0.1167842 0.1728801 -0.4126579 -0.1908831 0.8737217
2466.025395 -0.2393698 0.0671204 -0.1172045 0.1697640 -0.4120708 -0.1922416 0.8743117
2466.375362 -0.2369984 0.0699525 -0.1197269 0.1448482 -0.4142781 -0.2039797 0.8750914
2466.475352 -0.2367963 0.0702226 -0.1202714 0.1362917 -0.4105871 -0.2084390 0.8771522
2468.025202 -0.2496359 0.0880951 -0.1306837 0.0730217 -0.3869014 -0.2459222 0.8857186
2468.225183 -0.2514473 0.0914927 -0.1321827 0.0666738 -0.3889313 -0.2489712 0.8844774
2469.425066 -0.2566507 0.0999482 -0.1391403 0.0375665 -0.3841107 -0.2643069 0.8838493
2469.625047 -0.2574753 0.1004464 -0.1406485 0.0330042 -0.3821764 -0.2665807 0.8841870
2470.839706 -0.2643101 0.1080289 -0.1493930 0.0213842 -0.3769552 -0.2723309 0.8850331
2471.046304 -0.2658256 0.1094860 -0.1515032 0.0219745 -0.3793037 -0.2717941 0.8841798
2471.904874 -0.2698647 0.1143506 -0.1572908 0.0145308 -0.3694718 -0.2764283 0.8870552
2472.256203 -0.2729288 0.1180263 -0.1602715 0.0075212 -0.3630309 -0.2805822 0.8884963
2473.305508 -0.2785309 0.1215060 -0.1699868 0.0226200 -0.3807549 -0.2714311 0.8836511
2473.802477 -0.2808443 0.1198540 -0.1747250 0.0570042 -0.3967645 -0.2533184 0.8804308
2474.352365 -0.2847682 0.1200240 -0.1815613 0.0901241 -0.4159524 -0.2361090 0.8735639
2476.674364 -0.2952933 0.1257526 -0.2013122 0.1402695 -0.4274694 -0.2090092 0.8682796
2476.774355 -0.2947945 0.1257070 -0.2021177 0.1414080 -0.4291929 -0.2079750 0.8674927
2476.974335 -0.2945775 0.1261287 -0.2035898 0.1444116 -0.4293990 -0.2063486 0.8672843
2477.524282 -0.2948862 0.1266941 -0.2045893 0.1474191 -0.4273947 -0.2040334 0.8683155
2477.674268 -0.2951115 0.1268149 -0.2051381 0.1416598 -0.4256643 -0.2071662 0.8693818
2477.874248 -0.2971701 0.1307406 -0.2064660 0.1309331 -0.4202534 -0.2136318 0.8721268
2478.274210 -0.2987300 0.1345202 -0.2077018 0.1077294 -0.4124970 -0.2260131 0.8758760
2478.824156 -0.3017207 0.1394576 -0.2099591 0.0673358 -0.3900450 -0.2486535 0.8840261
2479.174122 -0.3009789 0.1433653 -0.2086858 0.0400858 -0.3780401 -0.2628736 0.8867786
2479.724069 -0.3010693 0.1473671 -0.2083720 0.0003539 -0.3638793 -0.2843927 0.8869681
2480.274016 -0.2990685 0.1501139 -0.2066044 -0.0369004 -0.3472928 -0.3039412 0.8863667
2480.673977 -0.2992079 0.1525921 -0.2067713 -0.0575826 -0.3354541 -0.3153407 0.8858414
2480.923953 -0.2992614 0.1523742 -0.2063323 -0.0608692 -0.3338236 -0.3169774 0.8856535
2481.273919 -0.2987646 0.1521339 -0.2074056 -0.0613708 -0.3330374 -0.3172878 0.8858037
2481.923856 -0.2988730 0.1521069 -0.2075451 -0.0590551 -0.3384504 -0.3152640 0.8846313
