2444.927438 0.0000000 0.0000000 0.0000000 -0.0000000 -0.0000000 -0.0000000 1.0000000
2449.776969 -0.0149062 0.0015028 0.0017674 -0.0224520 -0.0247630 -0.0017678 0.9994397
2449.876959 -0.0157566 0.0013222 0.0014807 -0.0220199 -0.0263633 -0.0021626 0.9994075
2450.376911 -0.0231638 0.0010118 0.0015714 -0.0177387 -0.0383846 -0.0109678 0.9990454
2450.576891 -0.0259255 0.0011161 0.0017813 -0.0157849 -0.0442720 -0.0152420 0.9987785
2450.876862 -0.0304199 0.0006814 0.0015347 -0.0131036 -0.0504787 -0.0221492 0.9983935
2451.376814 -0.0383414 0.0008787 0.0018358 -0.0111274 -0.0635529 -0.0332328 0.9973629
2451.526799 -0.0409012 0.0006335 0.0014067 -0.0105591 -0.0671066 -0.0353669 0.9970629
2451.926760 -0.0468917 0.0018184 0.0013048 -0.0105167 -0.0794819 -0.0413340 0.9959235
2452.426712 -0.0521574 0.0017289 0.0007528 -0.0049404 -0.0895743 -0.0457054 0.9949186
2452.826673 -0.0640136 0.0029214 -0.0022465 -0.0039450 -0.1108795 -0.0513595 0.9924980
2454.126547 -0.0788186 0.0052356 -0.0034376 -0.0088067 -0.1398031 -0.0769667 0.9871442
2454.676494 -0.0842795 0.0062214 -0.0039672 -0.0087278 -0.1520903 -0.0850083 0.9846655
2456.426325 -0.1084886 0.0125271 -0.0087196 -0.0117669 -0.1856859 -0.1252950 0.9745170
2456.576310 -0.1106613 0.0131340 -0.0092097 -0.0136028 -0.1868664 -0.1289539 0.9737899
2456.676301 -0.1124466 0.0137862 -0.0094803 -0.0140828 -0.1895599 -0.1319730 0.9728576
2457.726199 -0.1346393 0.0210633 -0.0179920 -0.0162759 -0.2230380 -0.1604265 0.9613805
2457.826189 -0.1347189 0.0207491 -0.0191234 -0.0163637 -0.2274494 -0.1624717 0.9600010
2457.926180 -0.1376056 0.0214514 -0.0207307 -0.0158039 -0.2297502 -0.1661449 0.9588331
2457.976175 -0.1375508 0.0214031 -0.0206465 -0.0162776 -0.2304556 -0.1662914 0.9586305
2458.376136 -0.1455751 0.0261539 -0.0254651 -0.0015864 -0.2416753 -0.1763580 0.9541951
2458.676502 -0.1551922 0.0268518 -0.0322373 0.0170754 -0.2622457 -0.1804054 0.9478341
2458.780107 -0.1566835 0.0269657 -0.0340287 0.0201841 -0.2672373 -0.1811737 0.9462309
2458.980345 -0.1605909 0.0280910 -0.0367154 0.0343775 -0.2768983 -0.1830340 0.9426792
2459.187575 -0.1647547 0.0293227 -0.0409819 0.0515465 -0.2868790 -0.1838309 0.9387490
2459.489521 -0.1689840 0.0285619 -0.0435982 0.0730372 -0.2993619 -0.1825294 0.9336654
2459.594331 -0.1710972 0.0291274 -0.0454082 0.0797230 -0.3042577 -0.1828580 0.9314690
2460.198480 -0.1815439 0.0315449 -0.0535964 0.1199507 -0.3305402 -0.1821029 0.9182557
2460.852763 -0.1885942 0.0347929 -0.0606736 0.1461897 -0.3493536 -0.1800728 0.9078295
2461.952242 -0.2044284 0.0417947 -0.0736933 0.1827528 -0.3787052 -0.1822621 0.8887994
2463.801115 -0.2184881 0.0507948 -0.0879361 0.1958218 -0.4042090 -0.1766109 0.8758296
2464.938993 -0.2359024 0.0618539 -0.1063370 0.2046052 -0.4157631 -0.1747279 0.8687623
2465.775420 -0.2334249 0.0657494 -0.1101196 0.1831994 -0.4176175 -0.1864057 0.8702221
2465.975400 -0.2333337 0.0659063 -0.1102587 0.1731998 -0.4130199 -0.1910925 0.8734415
2466.275371 -0.2318226 0.0681513 -0.1124012 0.1531750 -0.4172018 -0.1996154 0.8732891
2466.375362 -0.2311291 0.0692991 -0.1135806 0.1452824 -0.4142745 -0.2037705 0.8750699
2466.525347 -0.2310396 0.0693172 -0.1136763 0.1334215 -0.4098222 -0.2102714 0.8775138
2468.225183 -0.2457111 0.0902715 -0.1259873 0.0671935 -0.3887176 -0.2494077 0.8844091
2469.475061 -0.2513548 0.0987736 -0.1334816 0.0359851 -0.3828906 -0.2654681 0.8840964
2469.625047 -0.2525926 0.0993291 -0.1352019 0.0334487 -0.3815827 -0.2667789 0.8843669
2470.686165 -0.2581573 0.1055455 -0.1426425 0.0222922 -0.3736933 -0.2730734 0.8861644
2470.891756 -0.2602019 0.1076986 -0.1449578 0.0223252 -0.3768497 -0.2729938 0.8848504
2471.904874 -0.2653286 0.1129945 -0.1523035 0.0150916 -0.3683088 -0.2773528 0.8872409
2472.656085 -0.2698585 0.1183181 -0.1584983 0.0073216 -0.3661886 -0.2813194 0.8869677
2472.955937 -0.2710539 0.1196764 -0.1603734 0.0077230 -0.3695095 -0.2805274 0.8858372
2473.454862 -0.2750142 0.1193670 -0.1655678 0.0364925 -0.3856135 -0.2652393 0.8829602
2474.252177 -0.2794844 0.1189912 -0.1732479 0.0854281 -0.4100229 -0.2395618 0.8758959
2474.997107 -0.2821723 0.1176407 -0.1797043 0.1260241 -0.4255223 -0.2185954 0.8690597
2475.145394 -0.2818567 0.1173907 -0.1815990 0.1331214 -0.4276958 -0.2148253 0.8678738
2476.624369 -0.2889337 0.1245381 -0.1924350 0.1392615 -0.4257708 -0.2106400 0.8688822
2476.974335 -0.2907713 0.1254767 -0.1952020 0.1452193 -0.4283215 -0.2071155 0.8674994
2477.224311 -0.2906344 0.1253597 -0.1953998 0.1495175 -0.4293106 -0.2045076 0.8668988
2477.524282 -0.2905478 0.1258505 -0.1966030 0.1482114 -0.4264003 -0.2047677 0.8684966
2478.024234 -0.2926058 0.1311470 -0.1992574 0.1232825 -0.4169861 -0.2187613 0.8735374
2478.174219 -0.2922149 0.1317770 -0.2002508 0.1147459 -0.4145687 -0.2229152 0.8748000
2478.574180 -0.2937498 0.1320971 -0.2035794 0.0841138 -0.4018960 -0.2385715 0.8800501
2479.174122 -0.2962006 0.1406187 -0.2023433 0.0405182 -0.3767035 -0.2637439 0.8870693
2479.824059 -0.2962310 0.1449702 -0.2018641 -0.0080958 -0.3582476 -0.2896074 0.8875363
2480.024040 -0.2944614 0.1465584 -0.2001636 -0.0224332 -0.3526537 -0.2968159 0.8871485
2480.174026 -0.2940738 0.1474074 -0.2010072 -0.0316999 -0.3478875 -0.3023277 0.8868863
2480.523992 -0.2933205 0.1489642 -0.1997698 -0.0507409 -0.3371675 -0.3123123 0.8866817
2480.773967 -0.2934356 0.1490087 -0.2003106 -0.0594560 -0.3337552 -0.3162996 0.8860175
