2469.725037 0.0000000 0.0000000 0.0000000 -0.0000000 -0.0000000 -0.0000000 1.0000000
2471.046304 -0.0161835 0.0009413 -0.0008490 -0.0102755 -0.0014632 -0.0004022 0.9999461
2471.147519 -0.0168453 0.0007928 -0.0009678 -0.0089979 -0.0020298 -0.0001840 0.9999574
2471.400873 -0.0190758 0.0012671 -0.0007459 -0.0075755 -0.0009335 -0.0001952 0.9999709
2471.604231 -0.0203492 0.0014344 -0.0008972 -0.0141894 0.0046057 -0.0006158 0.9998885
2471.904874 -0.0246075 0.0022783 -0.0009158 -0.0212658 0.0060096 -0.0012197 0.9997551
2472.055886 -0.0264020 0.0028142 -0.0007859 -0.0242390 0.0071122 -0.0012795 0.9996801
2472.855789 -0.0361696 0.0027125 -0.0016680 -0.0301949 0.0036421 -0.0017871 0.9995358
2473.005933 -0.0374046 0.0028294 -0.0014316 -0.0266375 0.0008360 -0.0015042 0.9996437
2473.504185 -0.0432991 -0.0009331 -0.0032394 0.0110581 -0.0059794 0.0008728 0.9999206
2473.553627 -0.0435973 -0.0012526 -0.0035273 0.0173985 -0.0074828 0.0012178 0.9998199
2473.852650 -0.0455222 -0.0028345 -0.0043470 0.0374045 -0.0089940 0.0023225 0.9992571
2474.102764 -0.0484007 -0.0045994 -0.0051124 0.0567822 -0.0110898 0.0031100 0.9983202
2475.095616 -0.0565084 -0.0087190 -0.0093997 0.1188383 -0.0192933 0.0054817 0.9927111
2476.624369 -0.0719499 -0.0091397 -0.0119061 0.1300064 -0.0164175 0.0076189 0.9913480
2476.774355 -0.0740841 -0.0099325 -0.0124202 0.1340762 -0.0182189 0.0078053 0.9907728
2477.024331 -0.0769336 -0.0107705 -0.0120604 0.1378732 -0.0167578 0.0078571 0.9902770
2477.124321 -0.0774742 -0.0104382 -0.0117222 0.1401433 -0.0163019 0.0079816 0.9899648
2477.324302 -0.0783654 -0.0101325 -0.0124980 0.1425157 -0.0153656 0.0079960 0.9896410
2479.324108 -0.0959719 0.0034073 -0.0070576 -0.0045463 0.0088467 -0.0000568 0.9999505
2480.473997 -0.0952964 0.0117526 -0.0083833 -0.0952244 0.0146188 -0.0070910 0.9953232
2481.723875 -0.0966337 0.0151282 -0.0099959 -0.1087346 0.0143708 -0.0094400 0.9939221
2481.923856 -0.0963032 0.0118792 -0.0099851 -0.1080318 0.0125527 -0.0081529 0.9940348
