2469.725037 0.0000000 0.0000000 0.0000000 -0.0000000 -0.0000000 -0.0000000 1.0000000
2471.097089 -0.0197832 0.0008664 -0.0018644 -0.0095256 -0.0012076 -0.0004322 0.9999539
2471.197514 -0.0206195 0.0005335 -0.0020601 -0.0083361 -0.0014872 -0.0002910 0.9999641
2471.349495 -0.0214874 0.0005527 -0.0022621 -0.0074688 -0.0013777 -0.0000341 0.9999712
2471.804883 -0.0268370 0.0015214 -0.0025024 -0.0174012 0.0054980 -0.0007727 0.9998332
2472.055886 -0.0303347 0.0029321 -0.0021418 -0.0242657 0.0072470 -0.0011048 0.9996787
2472.605932 -0.0391130 0.0019254 -0.0034100 -0.0304437 0.0071384 -0.0020017 0.9995090
2473.005933 -0.0429792 0.0020778 -0.0035946 -0.0270301 0.0010940 -0.0013022 0.9996332
2473.255651 -0.0475082 0.0004981 -0.0044927 -0.0148253 -0.0021717 -0.0006353 0.9998876
2473.305508 -0.0476841 -0.0000760 -0.0046761 -0.0096279 -0.0026908 -0.0001710 0.9999501
2473.454862 -0.0490368 -0.0019028 -0.0054720 0.0064362 -0.0044724 0.0008983 0.9999689
2474.053085 -0.0549823 -0.0062172 -0.0083626 0.0503642 -0.0096336 0.0029529 0.9986801
2474.102764 -0.0561835 -0.0066977 -0.0079663 0.0562379 -0.0104820 0.0033015 0.9983569
2475.783953 -0.0740426 -0.0141561 -0.0156901 0.1450143 -0.0208309 0.0067748 0.9891871
2476.029050 -0.0789578 -0.0137662 -0.0163499 0.1390304 -0.0218654 0.0068818 0.9900228
2476.524379 -0.0812657 -0.0124864 -0.0161493 0.1253263 -0.0148444 0.0079166 0.9919729
2476.924340 -0.0886617 -0.0143527 -0.0173241 0.1361946 -0.0161340 0.0083423 0.9905156
2477.024331 -0.0887278 -0.0143310 -0.0172946 0.1372178 -0.0160983 0.0084790 0.9903738
2477.124321 -0.0887712 -0.0143572 -0.0171983 0.1394743 -0.0157581 0.0089719 0.9900597
2477.274306 -0.0886746 -0.0143428 -0.0173325 0.1424098 -0.0156395 0.0090288 0.9896430
2479.074132 -0.1101026 -0.0033654 -0.0150184 0.0178840 0.0084143 0.0012281 0.9998039
2479.424098 -0.1118013 -0.0051420 -0.0174240 -0.0159827 0.0092026 -0.0003605 0.9998299
2480.074035 -0.1117981 0.0074623 -0.0140308 -0.0684353 0.0117987 -0.0047349 0.9975746
2481.273919 -0.1108893 0.0084474 -0.0144930 -0.1139565 0.0180359 -0.0097383 0.9932743
2481.573890 -0.1107372 0.0090450 -0.0141382 -0.1124761 0.0162949 -0.0095069 0.9934753
2481.673880 -0.1105103 0.0091463 -0.0142028 -0.1113847 0.0152911 -0.0083008 0.9936250
