2469.725037 0.0000000 0.0000000 0.0000000 -0.0000000 -0.0000000 -0.0000000 1.0000000
2471.046304 -0.0162506 0.0007522 -0.0015863 -0.0103340 -0.0015946 -0.0005005 0.9999452
2471.349495 -0.0186270 0.0005680 -0.0020015 -0.0074187 -0.0016478 -0.0000485 0.9999712
2471.704715 -0.0225854 0.0013190 -0.0019846 -0.0145270 0.0047211 -0.0007812 0.9998831
2472.256203 -0.0310441 0.0023058 -0.0018319 -0.0312129 0.0103469 -0.0019799 0.9994572
2472.455927 -0.0330520 0.0018802 -0.0027170 -0.0303174 0.0075666 -0.0020879 0.9995095
2473.205498 -0.0412943 0.0009477 -0.0041341 -0.0201264 -0.0019265 -0.0009379 0.9997951
2473.355662 -0.0428658 -0.0007410 -0.0045459 -0.0025971 -0.0039312 0.0002375 0.9999889
2473.405519 -0.0438779 -0.0011539 -0.0047594 0.0012965 -0.0039918 0.0002440 0.9999912
2473.504185 -0.0445439 -0.0022430 -0.0052965 0.0105758 -0.0057776 0.0010559 0.9999269
2473.903416 -0.0467835 -0.0041930 -0.0067558 0.0397367 -0.0090755 0.0025264 0.9991658
2474.053085 -0.0493957 -0.0061277 -0.0078293 0.0501492 -0.0096218 0.0028610 0.9986913
2475.832546 -0.0669900 -0.0121161 -0.0135103 0.1458808 -0.0205813 0.0068414 0.9890644
2476.374393 -0.0714861 -0.0110550 -0.0140538 0.1285066 -0.0177304 0.0072557 0.9915236
2476.524379 -0.0726090 -0.0104218 -0.0142181 0.1256654 -0.0152093 0.0076833 0.9919263
2476.774355 -0.0769915 -0.0116174 -0.0164873 0.1335894 -0.0178214 0.0078478 0.9908454
2476.974335 -0.0788693 -0.0119896 -0.0156930 0.1367442 -0.0168667 0.0080820 0.9904298
2477.124321 -0.0802328 -0.0125023 -0.0154621 0.1395262 -0.0160001 0.0083988 0.9900535
2477.374297 -0.0821859 -0.0122775 -0.0145181 0.1430376 -0.0142930 0.0085486 0.9895771
2477.524282 -0.0822621 -0.0118096 -0.0150638 0.1396278 -0.0132311 0.0084957 0.9900792
2477.624272 -0.0822615 -0.0122144 -0.0147247 0.1361104 -0.0137636 0.0083666 0.9905627
2477.674268 -0.0822380 -0.0120772 -0.0150003 0.1329135 -0.0133262 0.0087508 0.9909995
2479.824059 -0.1021420 -0.0057328 -0.0182966 -0.0520569 0.0102185 -0.0034533 0.9985859
2479.924050 -0.1003667 0.0022120 -0.0120578 -0.0604650 0.0111180 -0.0045429 0.9980981
2480.124030 -0.1008133 0.0024079 -0.0128925 -0.0738055 0.0115596 -0.0058710 0.9971884
2480.773967 -0.0999141 0.0045174 -0.0129901 -0.1128365 0.0165771 -0.0105170 0.9934196
2480.923953 -0.0996239 0.0037949 -0.0130558 -0.1149327 0.0168282 -0.0115826 0.9931632
2481.523895 -0.0997663 0.0037648 -0.0134117 -0.1148423 0.0169004 -0.0109629 0.9931795
