2444.927438 0.0000000 0.0000000 0.0000000 -0.0000000 -0.0000000 -0.0000000 1.0000000
2449.776969 -0.0145482 0.0015050 0.0020739 -0.0224510 -0.0248945 -0.0017841 0.9994364
2449.876959 -0.0154800 0.0015588 0.0020869 -0.0218840 -0.0265050 -0.0020480 0.9994071
2450.476901 -0.0238839 0.0009479 0.0021166 -0.0167580 -0.0420014 -0.0132050 0.9988897
2450.876862 -0.0296786 0.0005853 0.0019815 -0.0131817 -0.0507797 -0.0220679 0.9983791
2451.626790 -0.0413599 0.0011239 0.0019063 -0.0116842 -0.0713214 -0.0368632 0.9967035
2451.826770 -0.0448673 0.0013040 0.0015084 -0.0105796 -0.0761851 -0.0404076 0.9962184
2452.426712 -0.0509076 0.0016889 0.0010924 -0.0049453 -0.0899738 -0.0455695 0.9948888
2452.576698 -0.0536302 0.0017103 0.0003044 -0.0034926 -0.0960280 -0.0469733 0.9942635
2452.826673 -0.0624157 0.0024788 -0.0024623 -0.0040906 -0.1113809 -0.0511291 0.9924532
2453.276630 -0.0681642 0.0034259 -0.0031514 -0.0087952 -0.1265351 -0.0615296 0.9900130
2453.676591 -0.0719871 0.0041685 -0.0030341 -0.0079949 -0.1343725 -0.0665162 0.9886636
2455.426422 -0.0946638 0.0081783 -0.0068082 -0.0089147 -0.1735985 -0.1046981 0.9791948
2456.776291 -0.1114191 0.0135120 -0.0102345 -0.0160625 -0.1932729 -0.1325942 0.9720115
2457.126257 -0.1185264 0.0159724 -0.0121176 -0.0164514 -0.2029554 -0.1429166 0.9685625
2457.576214 -0.1270000 0.0190922 -0.0151326 -0.0165149 -0.2198122 -0.1545943 0.9630735
2457.826189 -0.1316104 0.0201127 -0.0186149 -0.0163502 -0.2284823 -0.1624275 0.9597634
2457.976175 -0.1334728 0.0192983 -0.0206738 -0.0168652 -0.2318263 -0.1659121 0.9583555
2458.326141 -0.1394514 0.0208580 -0.0244831 -0.0091149 -0.2405738 -0.1722440 0.9551823
2458.476126 -0.1447151 0.0229685 -0.0282019 0.0038662 -0.2510384 -0.1768332 0.9516800
2458.830833 -0.1523104 0.0240657 -0.0340461 0.0219935 -0.2714161 -0.1805976 0.9451107
2458.980345 -0.1565746 0.0264891 -0.0361927 0.0338648 -0.2783915 -0.1822686 0.9424062
2459.136493 -0.1595420 0.0265537 -0.0390513 0.0460034 -0.2864126 -0.1827570 0.9393888
2459.187575 -0.1599846 0.0270572 -0.0393667 0.0507250 -0.2888431 -0.1829101 0.9383712
2459.489521 -0.1646339 0.0270714 -0.0420026 0.0724509 -0.3012659 -0.1813334 0.9333317
2459.897087 -0.1728342 0.0294632 -0.0479598 0.0988744 -0.3203307 -0.1835914 0.9240705
2460.398896 -0.1792252 0.0304777 -0.0535470 0.1271902 -0.3364458 -0.1807105 0.9154074
2461.051855 -0.1872249 0.0337385 -0.0611676 0.1525801 -0.3569151 -0.1792506 0.9039913
2461.852429 -0.2003216 0.0401109 -0.0713755 0.1792814 -0.3795240 -0.1832936 0.8889450
2462.202435 -0.2021334 0.0408800 -0.0722213 0.1902967 -0.3850499 -0.1762157 0.8857042
2463.701124 -0.2350833 0.0559537 -0.1000308 0.1954344 -0.3966162 -0.1789664 0.8789039
2465.725424 -0.2285798 0.0640331 -0.1074749 0.1842942 -0.4200775 -0.1843451 0.8692454
2465.775420 -0.2284809 0.0643452 -0.1080293 0.1830287 -0.4194574 -0.1849011 0.8696939
2466.175381 -0.2269729 0.0662140 -0.1100349 0.1613011 -0.4177033 -0.1952839 0.8725653
2466.275371 -0.2259022 0.0673756 -0.1112734 0.1534743 -0.4190926 -0.1988337 0.8725091
2466.375362 -0.2256240 0.0678629 -0.1116977 0.1453837 -0.4163282 -0.2030627 0.8742425
2466.525347 -0.2255128 0.0678762 -0.1121773 0.1334682 -0.4115539 -0.2092716 0.8769350
2467.925211 -0.2373365 0.0839741 -0.1211530 0.0779372 -0.3856668 -0.2433393 0.8865511
2469.125095 -0.2426789 0.0934764 -0.1282988 0.0432774 -0.3838998 -0.2613721 0.8845522
2469.225086 -0.2436962 0.0943183 -0.1295051 0.0418318 -0.3862313 -0.2617513 0.8834941
2469.725037 -0.2480297 0.0967411 -0.1331359 0.0313701 -0.3822783 -0.2672784 0.8839918
2470.686165 -0.2523375 0.1022701 -0.1401487 0.0219301 -0.3762139 -0.2724393 0.8853016
2471.298255 -0.2563733 0.1059843 -0.1454166 0.0255045 -0.3818628 -0.2699690 0.8835423
2471.904874 -0.2587676 0.1095243 -0.1492403 0.0146210 -0.3711128 -0.2762839 0.8864134
2472.256203 -0.2619755 0.1137150 -0.1523537 0.0079328 -0.3645247 -0.2804607 0.8879193
2472.605932 -0.2633061 0.1148289 -0.1547596 0.0076613 -0.3679356 -0.2804384 0.8865207
2474.252177 -0.2731183 0.1155025 -0.1705315 0.0850189 -0.4123928 -0.2389560 0.8749880
2475.145394 -0.2764481 0.1145720 -0.1794560 0.1327335 -0.4296979 -0.2140494 0.8671358
2476.029050 -0.2800046 0.1181415 -0.1872755 0.1459209 -0.4359760 -0.2059350 0.8638419
2476.474384 -0.2798902 0.1191858 -0.1888014 0.1352986 -0.4277431 -0.2110784 0.8684331
2476.774355 -0.2820081 0.1205874 -0.1917564 0.1415348 -0.4311660 -0.2073193 0.8666502
2477.874248 -0.2831234 0.1246188 -0.1978450 0.1308850 -0.4221270 -0.2133196 0.8713052
2477.974239 -0.2832551 0.1250695 -0.1981972 0.1251692 -0.4209575 -0.2158805 0.8720797
2478.724166 -0.2867005 0.1330794 -0.1995789 0.0750639 -0.3975579 -0.2434115 0.8815123
2478.974142 -0.2878201 0.1364279 -0.1994345 0.0570520 -0.3857044 -0.2542223 0.8850696
2479.524088 -0.2880073 0.1404542 -0.1989438 0.0130189 -0.3708319 -0.2774910 0.8861789
2479.824059 -0.2868865 0.1420161 -0.1978606 -0.0080299 -0.3619993 -0.2883124 0.8864356
2480.074035 -0.2869086 0.1435252 -0.1977078 -0.0250826 -0.3546450 -0.2975242 0.8860459
2480.324011 -0.2857955 0.1447175 -0.1967199 -0.0402284 -0.3468080 -0.3059257 0.8857287
2480.723972 -0.2855315 0.1465923 -0.1963490 -0.0583851 -0.3372619 -0.3157616 0.8849522
2480.973948 -0.2850362 0.1457071 -0.1964871 -0.0601814 -0.3365421 -0.3162223 0.8849413
2481.573890 -0.2852240 0.1459617 -0.1962819 -0.0605524 -0.3371722 -0.3162942 0.8846503
