2444.927438 0.0000000 0.0000000 0.0000000 -0.0000000 -0.0000000 -0.0000000 1.0000000
2449.776969 -0.0152708 0.0016843 0.0020807 -0.0224046 -0.0247073 -0.0016326 0.9994423
2449.876959 -0.0162924 0.0016229 0.0017969 -0.0218717 -0.0262145 -0.0020648 0.9994149
2450.376911 -0.0233764 0.0015463 0.0024041 -0.0175296 -0.0384906 -0.0108894 0.9990458
2450.926857 -0.0321778 0.0009618 0.0020324 -0.0122946 -0.0516134 -0.0243836 0.9982937
2451.676785 -0.0441887 0.0015128 0.0021206 -0.0118128 -0.0717982 -0.0373918 0.9966481
2451.826770 -0.0465158 0.0019925 0.0021215 -0.0103221 -0.0758984 -0.0402987 0.9962474
2452.426712 -0.0533245 0.0023242 0.0015682 -0.0047324 -0.0893793 -0.0455412 0.9949447
2452.726683 -0.0605671 0.0031783 -0.0000619 -0.0034126 -0.1019328 -0.0482378 0.9936152
2452.826673 -0.0652590 0.0030989 -0.0016777 -0.0038578 -0.1106144 -0.0509908 0.9925470
2454.126547 -0.0801193 0.0054708 -0.0026895 -0.0087653 -0.1397207 -0.0767403 0.9871739
2454.676494 -0.0856271 0.0064462 -0.0033928 -0.0086743 -0.1519508 -0.0846585 0.9847175
2455.426422 -0.0989848 0.0094649 -0.0063641 -0.0085570 -0.1725461 -0.1047086 0.9793829
2456.626306 -0.1132735 0.0141757 -0.0089835 -0.0136838 -0.1882093 -0.1305469 0.9733178
2456.826286 -0.1169386 0.0153818 -0.0100939 -0.0157930 -0.1939027 -0.1343068 0.9716553
2457.726199 -0.1370744 0.0214418 -0.0178449 -0.0162438 -0.2228019 -0.1603797 0.9614436
2457.826189 -0.1370680 0.0215719 -0.0188262 -0.0161080 -0.2271433 -0.1625762 0.9600601
2457.976175 -0.1369043 0.0215484 -0.0197352 -0.0161588 -0.2315657 -0.1652937 0.9585376
2458.376136 -0.1465807 0.0252485 -0.0254657 -0.0023122 -0.2420322 -0.1753209 0.9542943
2458.830833 -0.1577040 0.0260521 -0.0347984 0.0226216 -0.2700012 -0.1809062 0.9454420
2459.187575 -0.1655891 0.0284526 -0.0403503 0.0507210 -0.2874281 -0.1827967 0.9388279
2459.489521 -0.1693026 0.0280869 -0.0435992 0.0727079 -0.3000967 -0.1817387 0.9336094
2459.796524 -0.1759497 0.0295498 -0.0485717 0.0918967 -0.3150511 -0.1838171 0.9265577
2460.147715 -0.1810770 0.0301612 -0.0540834 0.1165879 -0.3294930 -0.1816191 0.9191605
2460.701533 -0.1868171 0.0318337 -0.0584079 0.1379655 -0.3425009 -0.1795878 0.9118152
2461.952242 -0.2085564 0.0416180 -0.0761873 0.1824985 -0.3781840 -0.1820486 0.8891173
2462.401704 -0.2093990 0.0412802 -0.0758112 0.1950297 -0.3894679 -0.1737131 0.8832338
2464.395328 -0.2389463 0.0587954 -0.1044681 0.1984614 -0.4047088 -0.1777753 0.8747684
2465.525819 -0.2343832 0.0645902 -0.1101358 0.1912970 -0.4224982 -0.1803360 0.8673983
2465.875410 -0.2342043 0.0650602 -0.1107094 0.1785643 -0.4161697 -0.1871252 0.8717235
2465.975400 -0.2337305 0.0657383 -0.1113162 0.1730599 -0.4137245 -0.1899183 0.8733919
2466.075391 -0.2329695 0.0664269 -0.1123187 0.1679006 -0.4136593 -0.1921822 0.8739344
2466.375362 -0.2311266 0.0688901 -0.1146165 0.1450718 -0.4149475 -0.2028608 0.8749973
2466.475352 -0.2312474 0.0692396 -0.1152603 0.1365855 -0.4110998 -0.2074896 0.8770915
2468.225183 -0.2484499 0.0913840 -0.1285338 0.0671122 -0.3888758 -0.2482604 0.8846685
2469.675042 -0.2556174 0.1000572 -0.1376103 0.0323418 -0.3810429 -0.2665557 0.8847081
2469.775032 -0.2559173 0.1003419 -0.1379620 0.0307952 -0.3792757 -0.2675424 0.8852247
2470.686165 -0.2605700 0.1059864 -0.1446196 0.0220393 -0.3741946 -0.2721008 0.8862584
2470.943687 -0.2628306 0.1082132 -0.1476335 0.0217997 -0.3782454 -0.2716820 0.8846718
2471.349495 -0.2647822 0.1098203 -0.1504386 0.0247801 -0.3795516 -0.2701368 0.8845071
2472.605932 -0.2719948 0.1183850 -0.1601277 0.0075785 -0.3658067 -0.2801607 0.8874898
2473.305508 -0.2761651 0.1203067 -0.1665843 0.0227501 -0.3802165 -0.2711668 0.8839607
2473.405519 -0.2769600 0.1203056 -0.1673151 0.0319899 -0.3843963 -0.2665302 0.8832768
2473.653795 -0.2779450 0.1192952 -0.1699458 0.0506096 -0.3940066 -0.2564648 0.8811488
2475.438708 -0.2866108 0.1188055 -0.1875964 0.1445307 -0.4339055 -0.2075503 0.8647311
2475.537454 -0.2871944 0.1190571 -0.1885876 0.1502039 -0.4344773 -0.2048592 0.8641186
2476.624369 -0.2912489 0.1248417 -0.1952573 0.1387952 -0.4262351 -0.2094167 0.8690249
2476.774355 -0.2929208 0.1257823 -0.1973258 0.1420762 -0.4285748 -0.2076422 0.8677689
2477.074326 -0.2930183 0.1260870 -0.1985511 0.1463153 -0.4284631 -0.2050189 0.8677433
2477.524282 -0.2926193 0.1271883 -0.1994606 0.1481320 -0.4268974 -0.2035601 0.8685498
2477.724263 -0.2927266 0.1280667 -0.2005658 0.1396838 -0.4238138 -0.2078007 0.8704534
2478.074229 -0.2941200 0.1310147 -0.2038538 0.1205939 -0.4169484 -0.2184855 0.8739996
2478.324205 -0.2962005 0.1336383 -0.2024757 0.1047768 -0.4110339 -0.2268278 0.8767110
2478.574180 -0.2974041 0.1361504 -0.2054802 0.0849540 -0.4022090 -0.2373211 0.8801644
2478.824156 -0.2993304 0.1405122 -0.2055154 0.0684726 -0.3892332 -0.2482625 0.8844064
2480.024040 -0.2987413 0.1493267 -0.2035970 -0.0221381 -0.3523625 -0.2959513 0.8875604
2480.224021 -0.2966779 0.1502956 -0.2025707 -0.0345181 -0.3470901 -0.3022285 0.8871273
2480.424001 -0.2964520 0.1511524 -0.2020255 -0.0447259 -0.3410043 -0.3077223 0.8871430
2480.723972 -0.2952554 0.1504436 -0.2025240 -0.0589520 -0.3350917 -0.3148156 0.8860753
2481.923856 -0.2960216 0.1518861 -0.2015139 -0.0583250 -0.3384045 -0.3139738 0.8851560
