2469.725037 0.0000000 0.0000000 0.0000000 -0.0000000 -0.0000000 -0.0000000 1.0000000
2471.298255 -0.0195623 0.0001910 -0.0022244 -0.0066728 -0.0015714 0.0001195 0.9999765
2471.400873 -0.0206732 0.0002924 -0.0020646 -0.0079968 -0.0008395 -0.0000978 0.9999677
2471.604231 -0.0224028 0.0005779 -0.0022169 -0.0145773 0.0048701 -0.0006778 0.9998817
2471.804883 -0.0251264 0.0008417 -0.0026478 -0.0176820 0.0054022 -0.0009120 0.9998287
2472.005891 -0.0275226 0.0014984 -0.0024166 -0.0232317 0.0062569 -0.0010220 0.9997100
2472.706080 -0.0382367 0.0020523 -0.0035285 -0.0303088 0.0049154 -0.0019763 0.9995266
2472.905942 -0.0395996 0.0015515 -0.0038435 -0.0310151 0.0034270 -0.0017585 0.9995115
2473.205498 -0.0438273 0.0004085 -0.0045054 -0.0203842 -0.0016492 -0.0010257 0.9997903
2473.504185 -0.0471515 -0.0025484 -0.0055067 0.0104994 -0.0056306 0.0010187 0.9999285
2474.053085 -0.0517504 -0.0063774 -0.0080645 0.0500928 -0.0096179 0.0029398 0.9986939
2474.997107 -0.0604642 -0.0112565 -0.0118120 0.1144442 -0.0194826 0.0056738 0.9932224
2475.930244 -0.0709308 -0.0139408 -0.0165091 0.1440705 -0.0227547 0.0075707 0.9892768
2476.374393 -0.0761353 -0.0127948 -0.0154644 0.1279620 -0.0171858 0.0072205 0.9916039
2476.624369 -0.0785191 -0.0117486 -0.0154741 0.1293084 -0.0156770 0.0076601 0.9914510
2476.874345 -0.0815124 -0.0130509 -0.0162125 0.1352682 -0.0169554 0.0082270 0.9906298
2476.974335 -0.0816682 -0.0131798 -0.0162606 0.1364545 -0.0170367 0.0085335 0.9904631
2477.124321 -0.0836077 -0.0133835 -0.0164964 0.1394719 -0.0158947 0.0086393 0.9900608
2477.624272 -0.0871039 -0.0135552 -0.0160680 0.1357824 -0.0133974 0.0080638 0.9906153
2479.874055 -0.1034995 0.0040559 -0.0140035 -0.0543246 0.0101450 -0.0046367 0.9984610
2479.924050 -0.1050311 0.0026974 -0.0134352 -0.0605903 0.0113280 -0.0041162 0.9980900
2481.273919 -0.1024364 0.0082412 -0.0135922 -0.1140167 0.0170357 -0.0102066 0.9932804
2481.673880 -0.1036001 0.0128506 -0.0153509 -0.1097687 0.0149170 -0.0093936 0.9938008
