2444.927438 0.0000000 0.0000000 0.0000000 -0.0000000 -0.0000000 -0.0000000 1.0000000
2449.776969 -0.0146846 0.0015710 0.0022719 -0.0224668 -0.0249937 -0.0016966 0.9994337
2449.876959 -0.0156863 0.0015722 0.0020019 -0.0219128 -0.0265358 -0.0020367 0.9994056
2450.376911 -0.0229133 0.0013324 0.0022865 -0.0176655 -0.0386581 -0.0108743 0.9990371
2450.876862 -0.0301806 0.0009939 0.0023876 -0.0130163 -0.0508054 -0.0221506 0.9983781
2451.376814 -0.0379742 0.0015094 0.0026831 -0.0108275 -0.0639471 -0.0331058 0.9973453
2451.626790 -0.0420880 0.0016974 0.0022000 -0.0114331 -0.0712899 -0.0369967 0.9967037
2451.826770 -0.0454159 0.0017466 0.0021145 -0.0104303 -0.0763414 -0.0404254 0.9962073
2452.476707 -0.0526727 0.0018425 0.0008758 -0.0044620 -0.0920903 -0.0458464 0.9946847
2452.826673 -0.0633787 0.0033358 -0.0016865 -0.0037274 -0.1115017 -0.0513260 0.9924309
2455.026460 -0.0891402 0.0077784 -0.0040827 -0.0094553 -0.1631774 -0.0940227 0.9820608
2455.976368 -0.1037558 0.0115731 -0.0071353 -0.0103046 -0.1826497 -0.1143334 0.9764532
2456.676301 -0.1120194 0.0139916 -0.0087905 -0.0139673 -0.1901658 -0.1319346 0.9727462
2457.326238 -0.1251071 0.0181641 -0.0134271 -0.0181976 -0.2102717 -0.1467054 0.9664017
2457.726199 -0.1328202 0.0207421 -0.0173689 -0.0163361 -0.2244525 -0.1600677 0.9611101
2457.776194 -0.1339285 0.0211499 -0.0178496 -0.0163710 -0.2264068 -0.1617875 0.9603629
2457.876184 -0.1364428 0.0217816 -0.0193734 -0.0161229 -0.2287278 -0.1648973 0.9592875
2457.976175 -0.1361224 0.0212494 -0.0201863 -0.0162369 -0.2316648 -0.1658017 0.9584246
2458.276146 -0.1421476 0.0232856 -0.0233803 -0.0091769 -0.2373746 -0.1725157 0.9559327
2458.426131 -0.1464776 0.0247275 -0.0264593 0.0012343 -0.2470509 -0.1758018 0.9529209
2458.576117 -0.1508902 0.0263256 -0.0290396 0.0087422 -0.2570936 -0.1786997 0.9496804
2459.187575 -0.1632175 0.0285279 -0.0393104 0.0512369 -0.2886216 -0.1835567 0.9382853
2459.387891 -0.1657203 0.0283467 -0.0417320 0.0647524 -0.2959318 -0.1825544 0.9353638
2459.489521 -0.1675994 0.0289962 -0.0422874 0.0731565 -0.3009976 -0.1819738 0.9332385
2459.746055 -0.1720790 0.0295593 -0.0462965 0.0893656 -0.3143125 -0.1834098 0.9271366
2460.651143 -0.1846849 0.0334060 -0.0562256 0.1362524 -0.3418570 -0.1804984 0.9121345
2460.751923 -0.1853670 0.0329255 -0.0576989 0.1416636 -0.3463043 -0.1787343 0.9099774
2461.152497 -0.1912285 0.0354506 -0.0632655 0.1554245 -0.3585335 -0.1801406 0.9026884
2463.051681 -0.2140649 0.0465103 -0.0831421 0.1931676 -0.3969904 -0.1767873 0.8796768
2463.501499 -0.2136336 0.0471148 -0.0838323 0.1928495 -0.4012881 -0.1763611 0.8778802
2464.938993 -0.2259967 0.0582703 -0.1009409 0.2036444 -0.4202126 -0.1720876 0.8673732
2465.875410 -0.2338342 0.0667971 -0.1128467 0.1792504 -0.4162326 -0.1885073 0.8712547
2465.925405 -0.2336378 0.0665359 -0.1128194 0.1767592 -0.4150964 -0.1897647 0.8720324
2466.025395 -0.2333966 0.0668211 -0.1129911 0.1702924 -0.4133348 -0.1925146 0.8735519
2466.125386 -0.2324439 0.0679976 -0.1141426 0.1650124 -0.4154999 -0.1950390 0.8729780
2466.325366 -0.2312795 0.0692031 -0.1153294 0.1505996 -0.4176758 -0.2010653 0.8731778
2466.425357 -0.2309878 0.0702156 -0.1163017 0.1421780 -0.4136587 -0.2059105 0.8753701
2466.825318 -0.2293833 0.0707676 -0.1207378 0.1116327 -0.3994394 -0.2223888 0.8823432
2468.275178 -0.2441589 0.0892547 -0.1288596 0.0645796 -0.3904461 -0.2505883 0.8835083
2469.725037 -0.2526507 0.1004482 -0.1352761 0.0320311 -0.3819497 -0.2677853 0.8839567
2470.483498 -0.2557972 0.1050519 -0.1411194 0.0226016 -0.3757222 -0.2731482 0.8852751
2471.298255 -0.2609818 0.1096013 -0.1480035 0.0260311 -0.3816422 -0.2706070 0.8834271
2472.055886 -0.2647546 0.1149374 -0.1533131 0.0129908 -0.3687289 -0.2781740 0.8868424
2472.706080 -0.2686282 0.1191509 -0.1589484 0.0076535 -0.3696624 -0.2811499 0.8855765
2473.255651 -0.2721037 0.1203869 -0.1642035 0.0189331 -0.3801484 -0.2746405 0.8830070
2473.603958 -0.2740785 0.1192956 -0.1679599 0.0468372 -0.3939542 -0.2599714 0.8803530
2474.252177 -0.2778869 0.1191539 -0.1739015 0.0854198 -0.4123290 -0.2396063 0.8748012
2476.524379 -0.2856558 0.1234355 -0.1922512 0.1357817 -0.4267605 -0.2118825 0.8686453
2476.774355 -0.2889812 0.1251057 -0.1968164 0.1420951 -0.4303381 -0.2085313 0.8666792
2477.274306 -0.2888922 0.1254774 -0.1976971 0.1502818 -0.4312627 -0.2037781 0.8659690
2477.574277 -0.2888007 0.1257762 -0.1982593 0.1467047 -0.4285257 -0.2052754 0.8675860
2477.674268 -0.2880378 0.1258695 -0.1986667 0.1423420 -0.4271538 -0.2072737 0.8685136
2477.874248 -0.2876289 0.1260246 -0.1997895 0.1305916 -0.4223275 -0.2134973 0.8712085
2478.824156 -0.2930700 0.1371159 -0.2042900 0.0678258 -0.3915326 -0.2491399 0.8831938
2479.474093 -0.2934471 0.1423804 -0.2034028 0.0155632 -0.3705684 -0.2770195 0.8863956
2479.924050 -0.2928073 0.1447678 -0.2030340 -0.0174677 -0.3566376 -0.2941414 0.8865581
2480.074035 -0.2918999 0.1456316 -0.2022282 -0.0253363 -0.3540824 -0.2982772 0.8860104
2480.224021 -0.2920557 0.1468367 -0.2016105 -0.0352088 -0.3489863 -0.3035262 0.8859124
2480.973948 -0.2905839 0.1491402 -0.2001276 -0.0598672 -0.3357933 -0.3171047 0.8849313
2481.423905 -0.2903045 0.1498861 -0.2000019 -0.0603203 -0.3350318 -0.3172139 0.8851500
