2444.927438 0.0000000 0.0000000 0.0000000 -0.0000000 -0.0000000 -0.0000000 1.0000000
2449.776969 -0.0144893 0.0015607 0.0019210 -0.0224288 -0.0250293 -0.0015013 0.9994340
2449.876959 -0.0155676 0.0016346 0.0016727 -0.0218489 -0.0265124 -0.0019147 0.9994079
2450.126935 -0.0189190 0.0013244 0.0015415 -0.0208058 -0.0320768 -0.0035656 0.9992625
2450.926857 -0.0307236 0.0005019 0.0014823 -0.0124783 -0.0521471 -0.0240361 0.9982721
2451.476804 -0.0390461 0.0005847 0.0015318 -0.0113818 -0.0661728 -0.0339268 0.9971663
2451.826770 -0.0450099 0.0011534 0.0011277 -0.0106460 -0.0763208 -0.0401462 0.9962179
2452.026751 -0.0467531 0.0011801 0.0009136 -0.0106472 -0.0827496 -0.0411010 0.9956656
2452.826673 -0.0631550 0.0024377 -0.0026597 -0.0041242 -0.1113291 -0.0508798 0.9924717
2453.026654 -0.0670762 0.0035063 -0.0034734 -0.0090395 -0.1237087 -0.0565497 0.9906647
2453.826577 -0.0747981 0.0044179 -0.0031495 -0.0080505 -0.1353710 -0.0693022 0.9883355
2455.026460 -0.0887213 0.0064313 -0.0059853 -0.0099469 -0.1629308 -0.0938801 0.9821106
2456.676301 -0.1107831 0.0131390 -0.0101008 -0.0142033 -0.1903861 -0.1314718 0.9727623
2456.776291 -0.1133081 0.0136928 -0.0113399 -0.0160568 -0.1928019 -0.1324649 0.9721228
2457.276243 -0.1233385 0.0165608 -0.0143334 -0.0182899 -0.2083054 -0.1459046 0.9669468
2457.576214 -0.1289067 0.0185695 -0.0169124 -0.0168638 -0.2193214 -0.1543356 0.9632208
2457.826189 -0.1341511 0.0201929 -0.0199879 -0.0164495 -0.2277796 -0.1624832 0.9599193
2458.126160 -0.1396071 0.0212579 -0.0240530 -0.0138743 -0.2326636 -0.1686629 0.9577202
2458.276146 -0.1423919 0.0227006 -0.0258298 -0.0093116 -0.2363836 -0.1724762 0.9561841
2458.326141 -0.1422086 0.0220337 -0.0266374 -0.0084618 -0.2395824 -0.1727136 0.9553527
2458.376136 -0.1437273 0.0243807 -0.0293922 -0.0024771 -0.2418384 -0.1753746 0.9543332
2458.626112 -0.1511375 0.0240002 -0.0330917 0.0100025 -0.2593255 -0.1786489 0.9490705
2458.880493 -0.1568473 0.0255801 -0.0376012 0.0265436 -0.2718379 -0.1820589 0.9445921
2459.084542 -0.1612657 0.0263320 -0.0405175 0.0418474 -0.2829624 -0.1825565 0.9406669
2459.136493 -0.1623113 0.0266066 -0.0422812 0.0460777 -0.2850530 -0.1833240 0.9396882
2459.187575 -0.1627779 0.0273617 -0.0428365 0.0508137 -0.2875952 -0.1834589 0.9386426
2459.287288 -0.1642540 0.0264063 -0.0438258 0.0592749 -0.2925936 -0.1826233 0.9367627
2460.398896 -0.1807263 0.0302040 -0.0572389 0.1270785 -0.3354843 -0.1810893 0.9157009
2460.651143 -0.1835284 0.0305470 -0.0601490 0.1351846 -0.3409631 -0.1804734 0.9126328
2461.352873 -0.1939282 0.0348996 -0.0686902 0.1610996 -0.3640409 -0.1814644 0.8992173
2461.952242 -0.2076595 0.0406140 -0.0793650 0.1823387 -0.3772345 -0.1829275 0.8893729
2462.401704 -0.2075723 0.0405707 -0.0794373 0.1950575 -0.3888016 -0.1745862 0.8833491
2463.601312 -0.2057233 0.0437409 -0.0826949 0.1927973 -0.4042858 -0.1745550 0.8768767
2465.775420 -0.2324891 0.0646387 -0.1139761 0.1830617 -0.4175712 -0.1864169 0.8702709
2465.975400 -0.2326274 0.0654478 -0.1153525 0.1732527 -0.4127090 -0.1911441 0.8735667
2466.075391 -0.2315076 0.0661020 -0.1161627 0.1681061 -0.4129721 -0.1934352 0.8739435
2466.275371 -0.2308936 0.0668419 -0.1171343 0.1527325 -0.4175421 -0.1991201 0.8733170
2466.375362 -0.2300910 0.0682299 -0.1184470 0.1450372 -0.4144211 -0.2035838 0.8750846
2466.475352 -0.2350821 0.0721013 -0.1190776 0.1375693 -0.4093065 -0.2093127 0.8773432
2466.675333 -0.2347451 0.0740767 -0.1178530 0.1208083 -0.4014390 -0.2186292 0.8811660
2468.475158 -0.2470538 0.0912138 -0.1304732 0.0595442 -0.3879329 -0.2532692 0.8842043
2469.475061 -0.2507612 0.0977284 -0.1366420 0.0357996 -0.3832591 -0.2654627 0.8839459
2470.280080 -0.2546529 0.1017520 -0.1439893 0.0224377 -0.3774657 -0.2721569 0.8848428
2471.298255 -0.2601278 0.1071040 -0.1513616 0.0253843 -0.3800231 -0.2703352 0.8842268
2471.754572 -0.2622311 0.1095189 -0.1543671 0.0191333 -0.3720606 -0.2741518 0.8865921
2472.055886 -0.2639768 0.1126290 -0.1560975 0.0123191 -0.3672374 -0.2777466 0.8876045
2473.155503 -0.2701033 0.1180315 -0.1654653 0.0111635 -0.3749318 -0.2776237 0.8844357
2473.405519 -0.2721080 0.1174198 -0.1682909 0.0316488 -0.3846048 -0.2670312 0.8830470
2474.451427 -0.2772677 0.1166816 -0.1790204 0.0951036 -0.4198005 -0.2333051 0.8719470
2475.881415 -0.2840545 0.1184803 -0.1920746 0.1517672 -0.4341277 -0.2044725 0.8641128
2476.029050 -0.2839265 0.1195353 -0.1927908 0.1459452 -0.4343796 -0.2065578 0.8644931
2476.974335 -0.2874771 0.1233517 -0.1981157 0.1447291 -0.4293551 -0.2063342 0.8672565
2477.124321 -0.2875990 0.1237468 -0.1988596 0.1475037 -0.4294220 -0.2046807 0.8671478
2477.524282 -0.2874786 0.1238039 -0.1996653 0.1476199 -0.4273800 -0.2040872 0.8682759
2478.124224 -0.2926078 0.1305349 -0.2026343 0.1168702 -0.4152204 -0.2217238 0.8745124
2478.324205 -0.2929789 0.1318549 -0.2012122 0.1048570 -0.4113581 -0.2276296 0.8763415
2479.174122 -0.2956786 0.1397110 -0.2035880 0.0402490 -0.3775575 -0.2630757 0.8869169
2479.524088 -0.2949367 0.1405607 -0.2042375 0.0120569 -0.3687149 -0.2775565 0.8870549
2479.824059 -0.2932344 0.1438489 -0.2014381 -0.0081991 -0.3603893 -0.2880817 0.8871648
2480.523992 -0.2925751 0.1486061 -0.2008857 -0.0506020 -0.3380527 -0.3121515 0.8864092
2481.523895 -0.2908763 0.1486961 -0.2006712 -0.0602530 -0.3344288 -0.3168043 0.8855292
2481.723875 -0.2908893 0.1482222 -0.2004194 -0.0601184 -0.3373523 -0.3155716 0.8848694
