2469.775032 0.0000000 0.0000000 0.0000000 -0.0000000 -0.0000000 -0.0000000 1.0000000
2470.943687 -0.0188798 -0.0011847 -0.0021261 -0.0109182 -0.0002013 -0.0013956 0.9999394
2471.046304 -0.0189733 -0.0012127 -0.0021788 -0.0101946 -0.0010976 -0.0011938 0.9999467
2471.349495 -0.0194136 -0.0009178 -0.0030045 -0.0070285 -0.0020648 -0.0002953 0.9999731
2471.804883 -0.0198413 -0.0006674 -0.0040275 -0.0170999 0.0027732 0.0000876 0.9998500
2472.206050 -0.0203172 -0.0004252 -0.0049393 -0.0296992 0.0053892 0.0005791 0.9995442
2472.706080 -0.0348697 0.0002033 -0.0050035 -0.0298903 0.0033487 -0.0017428 0.9995461
2473.255651 -0.0419630 -0.0020363 -0.0059175 -0.0147672 -0.0033475 -0.0006057 0.9998852
2473.405519 -0.0432752 -0.0031212 -0.0067349 0.0016302 -0.0050495 0.0003063 0.9999859
2474.053085 -0.0486525 -0.0080897 -0.0099571 0.0504002 -0.0107896 0.0031266 0.9986659
2474.102764 -0.0495857 -0.0083568 -0.0095648 0.0564475 -0.0117145 0.0035789 0.9983305
2474.997107 -0.0577849 -0.0132061 -0.0136874 0.1145307 -0.0202770 0.0058553 0.9931955
2476.229050 -0.0711679 -0.0146001 -0.0179210 0.1310327 -0.0203912 0.0073381 0.9911411
2476.474384 -0.0730544 -0.0143375 -0.0179773 0.1253792 -0.0165864 0.0076423 0.9919408
2476.574374 -0.0729769 -0.0143380 -0.0179692 0.1280562 -0.0167380 0.0080788 0.9915928
2476.774355 -0.0756024 -0.0146251 -0.0193069 0.1334676 -0.0190703 0.0084722 0.9908335
2476.974335 -0.0771502 -0.0148272 -0.0191377 0.1366739 -0.0182393 0.0086729 0.9904102
2477.024331 -0.0781679 -0.0156204 -0.0196570 0.1372032 -0.0177606 0.0086300 0.9903461
2477.574277 -0.0826589 -0.0140680 -0.0189872 0.1384128 -0.0142783 0.0082385 0.9902375
2477.624272 -0.0820517 -0.0149376 -0.0189750 0.1361656 -0.0148402 0.0084169 0.9905392
2477.774258 -0.0856126 -0.0144652 -0.0162675 0.1247248 -0.0116872 0.0074696 0.9920944
2479.374103 -0.0980407 -0.0024973 -0.0142304 -0.0107815 0.0076004 -0.0002653 0.9999130
2479.924050 -0.0990379 0.0001779 -0.0154870 -0.0603541 0.0095659 -0.0045857 0.9981207
2480.124030 -0.0991435 0.0011786 -0.0151997 -0.0733068 0.0098478 -0.0054947 0.9972457
2480.374006 -0.0978241 0.0056280 -0.0150546 -0.0891696 0.0122826 -0.0085939 0.9959037
2480.623982 -0.0976783 0.0055832 -0.0146763 -0.1071170 0.0144644 -0.0103380 0.9940875
2481.123934 -0.0992519 0.0053277 -0.0158454 -0.1121186 0.0163575 -0.0102475 0.9935074
