2444.927438 0.0000000 0.0000000 0.0000000 -0.0000000 -0.0000000 -0.0000000 1.0000000
2449.776969 -0.0150016 0.0012141 0.0017653 -0.0226265 -0.0248928 -0.0015544 0.9994329
2449.876959 -0.0160769 0.0012137 0.0016740 -0.0220798 -0.0263775 -0.0019910 0.9994062
2450.476901 -0.0248851 0.0008569 0.0020414 -0.0168134 -0.0418072 -0.0132151 0.9988968
2450.926857 -0.0318813 0.0006421 0.0018207 -0.0124481 -0.0518386 -0.0242008 0.9982846
2451.276823 -0.0369578 0.0009452 0.0020006 -0.0119623 -0.0611402 -0.0307833 0.9975827
2451.526799 -0.0416446 0.0010460 0.0019697 -0.0103604 -0.0670839 -0.0352029 0.9970723
2451.826770 -0.0466305 0.0012980 0.0014973 -0.0106383 -0.0759027 -0.0403196 0.9962429
2452.076746 -0.0490528 0.0012914 0.0014291 -0.0092417 -0.0836250 -0.0416689 0.9955829
2452.426712 -0.0527582 0.0016075 0.0008992 -0.0050407 -0.0897084 -0.0453890 0.9949206
2452.826673 -0.0649171 0.0028107 -0.0022305 -0.0039741 -0.1108490 -0.0510045 0.9925197
2454.576504 -0.0841040 0.0057772 -0.0038992 -0.0088844 -0.1507505 -0.0827807 0.9850598
2456.176349 -0.1074740 0.0118402 -0.0084462 -0.0118175 -0.1844772 -0.1185424 0.9755902
2456.676301 -0.1137239 0.0135091 -0.0097984 -0.0143086 -0.1897823 -0.1313372 0.9728970
2456.776291 -0.1159602 0.0140228 -0.0108856 -0.0160940 -0.1923457 -0.1325437 0.9722018
2457.276243 -0.1264135 0.0174641 -0.0139644 -0.0180964 -0.2076532 -0.1460355 0.9670710
2457.826189 -0.1371433 0.0212396 -0.0191759 -0.0162579 -0.2273409 -0.1625462 0.9600159
2457.926180 -0.1390006 0.0213952 -0.0215288 -0.0158083 -0.2299856 -0.1657166 0.9588507
2457.976175 -0.1389649 0.0214021 -0.0216117 -0.0161696 -0.2305600 -0.1659203 0.9586715
2458.326141 -0.1455679 0.0229934 -0.0264317 -0.0081327 -0.2387903 -0.1728195 0.9555347
2458.576117 -0.1535882 0.0244501 -0.0320145 0.0078514 -0.2557772 -0.1784447 0.9500915
2459.031960 -0.1631424 0.0255225 -0.0404725 0.0381218 -0.2793861 -0.1833138 0.9417464
2459.187575 -0.1660113 0.0267022 -0.0434575 0.0503978 -0.2870530 -0.1834521 0.9388322
2459.438499 -0.1693804 0.0270730 -0.0457018 0.0688236 -0.2968290 -0.1820114 0.9348945
2459.541946 -0.1712342 0.0264505 -0.0472573 0.0770420 -0.3026512 -0.1818214 0.9324204
2459.746055 -0.1749127 0.0278102 -0.0503426 0.0887639 -0.3128679 -0.1837793 0.9276097
2460.048337 -0.1804925 0.0289765 -0.0547965 0.1091840 -0.3246484 -0.1828908 0.9215385
2460.147715 -0.1820685 0.0291824 -0.0559625 0.1162812 -0.3292826 -0.1819833 0.9192028
2461.552142 -0.2012874 0.0375183 -0.0740048 0.1646639 -0.3705536 -0.1845691 0.8952710
2462.751513 -0.2128896 0.0425916 -0.0844654 0.1943162 -0.3924918 -0.1753161 0.8817345
2464.592938 -0.2270656 0.0557302 -0.1035923 0.1986234 -0.4124279 -0.1742994 0.8718209
2464.938993 -0.2278676 0.0555806 -0.1034947 0.2027398 -0.4193046 -0.1720924 0.8680233
2465.775420 -0.2381437 0.0660574 -0.1186879 0.1830327 -0.4163802 -0.1868421 0.8707563
2465.975400 -0.2379852 0.0661985 -0.1188765 0.1731000 -0.4117445 -0.1915565 0.8739616
2466.175381 -0.2373149 0.0668845 -0.1195336 0.1604662 -0.4148154 -0.1964896 0.8738253
2466.375362 -0.2363669 0.0681922 -0.1209302 0.1444107 -0.4134430 -0.2040966 0.8755313
2466.525347 -0.2355966 0.0693385 -0.1222404 0.1327697 -0.4086565 -0.2103084 0.8781472
2466.675333 -0.2395921 0.0738251 -0.1227850 0.1201892 -0.4004248 -0.2190944 0.8815964
2467.025299 -0.2436894 0.0790678 -0.1256371 0.1051221 -0.3981610 -0.2277624 0.8823500
2468.225183 -0.2518836 0.0914294 -0.1330581 0.0669391 -0.3877018 -0.2494164 0.8848717
2468.475158 -0.2517753 0.0915740 -0.1353490 0.0587906 -0.3869843 -0.2529777 0.8847537
2469.625047 -0.2566687 0.0989234 -0.1414479 0.0325793 -0.3812770 -0.2664064 0.8846434
2470.280080 -0.2604432 0.1034768 -0.1469330 0.0223209 -0.3767231 -0.2723922 0.8850899
2470.891756 -0.2643356 0.1075572 -0.1519555 0.0216519 -0.3764043 -0.2727052 0.8851457
2471.955580 -0.2690914 0.1133293 -0.1592561 0.0133264 -0.3679111 -0.2774441 0.8874056
2472.605932 -0.2738036 0.1178221 -0.1652377 0.0071710 -0.3649153 -0.2810785 0.8875699
2472.755937 -0.2744409 0.1187713 -0.1663943 0.0058991 -0.3667500 -0.2813153 0.8867476
2473.355662 -0.2782995 0.1194631 -0.1725306 0.0281304 -0.3820820 -0.2689569 0.8836765
2473.454862 -0.2789793 0.1194220 -0.1733291 0.0358519 -0.3852920 -0.2650120 0.8831950
2474.003090 -0.2818024 0.1183315 -0.1784535 0.0707831 -0.4012260 -0.2469228 0.8792251
2474.997107 -0.2862487 0.1180262 -0.1878927 0.1255142 -0.4251437 -0.2184047 0.8693666
2475.145394 -0.2858357 0.1173460 -0.1909114 0.1323153 -0.4270003 -0.2147221 0.8683650
2476.874345 -0.2953127 0.1256471 -0.2043467 0.1434927 -0.4276259 -0.2075909 0.8680161
2476.974335 -0.2957719 0.1261262 -0.2047502 0.1446590 -0.4276909 -0.2070541 0.8679187
2477.524282 -0.2958592 0.1263384 -0.2056155 0.1475700 -0.4257485 -0.2047299 0.8689344
2477.674268 -0.2959147 0.1265359 -0.2062584 0.1418251 -0.4241343 -0.2074924 0.8700245
2477.824253 -0.2956800 0.1280186 -0.2079353 0.1324687 -0.4198054 -0.2125806 0.8723674
2479.174122 -0.3033110 0.1417792 -0.2099592 0.0399937 -0.3758057 -0.2641885 0.8873416
2479.474093 -0.3023481 0.1453142 -0.2103124 0.0154620 -0.3673242 -0.2770117 0.8877491
2479.824059 -0.3018769 0.1455932 -0.2105442 -0.0088510 -0.3577231 -0.2895542 0.8877580
2480.024040 -0.3007767 0.1481459 -0.2088524 -0.0230576 -0.3518008 -0.2967318 0.8874992
2480.324011 -0.2995720 0.1501060 -0.2068519 -0.0405219 -0.3434310 -0.3058324 0.8870624
2480.573987 -0.2992504 0.1503804 -0.2076526 -0.0537499 -0.3358358 -0.3130118 0.8867632
2480.773967 -0.2995378 0.1503490 -0.2080649 -0.0601150 -0.3332593 -0.3160280 0.8862566
