2461.502147 0.0000000 0.0000000 0.0000000 -0.0000000 -0.0000000 -0.0000000 1.0000000
2462.601883 -0.0050307 -0.0007411 0.0006515 0.0397677 -0.0167707 -0.0020419 0.9990661
2462.651700 -0.0050592 -0.0007111 0.0005875 0.0384200 -0.0171969 -0.0021109 0.9991115
2462.851503 -0.0051205 -0.0006694 0.0004219 0.0375601 -0.0218644 -0.0015622 0.9990540
2465.825415 -0.0189647 -0.0002897 -0.0025078 0.0279026 -0.0484524 -0.0061865 0.9984165
2465.975400 -0.0191263 -0.0003174 -0.0026463 0.0184654 -0.0461364 -0.0065667 0.9987429
2466.275371 -0.0191016 -0.0002352 -0.0033106 -0.0020899 -0.0543744 -0.0073814 0.9984912
2466.625337 -0.0198771 0.0001855 -0.0043060 -0.0379210 -0.0481470 -0.0124639 0.9980423
2469.925018 -0.0332102 0.0041908 -0.0049460 -0.1496423 -0.0480091 -0.0274983 0.9871911
2471.197514 -0.0378853 0.0044129 -0.0056912 -0.1527577 -0.0518988 -0.0272643 0.9865233
2471.298255 -0.0378887 0.0044022 -0.0057004 -0.1510282 -0.0519733 -0.0266426 0.9868026
2471.502878 -0.0380328 0.0043575 -0.0059082 -0.1537610 -0.0490392 -0.0271442 0.9865171
2472.055886 -0.0404613 0.0048110 -0.0062872 -0.1684427 -0.0425739 -0.0304210 0.9843217
2472.855789 -0.0431519 0.0048587 -0.0067753 -0.1744243 -0.0460930 -0.0306124 0.9831147
2473.155503 -0.0439797 0.0048532 -0.0068713 -0.1674349 -0.0510756 -0.0286551 0.9841421
2473.255651 -0.0447228 0.0045747 -0.0068941 -0.1591073 -0.0522575 -0.0279091 0.9854822
2473.355662 -0.0447537 0.0044610 -0.0070111 -0.1466760 -0.0541513 -0.0259466 0.9873604
2473.653795 -0.0450338 0.0031286 -0.0072709 -0.1209992 -0.0595240 -0.0220884 0.9906201
2474.798430 -0.0484522 0.0012480 -0.0085959 -0.0403775 -0.0722155 -0.0133234 0.9964823
2475.095616 -0.0492385 0.0006468 -0.0087892 -0.0278856 -0.0710208 -0.0121052 0.9970115
2476.374393 -0.0531075 0.0007469 -0.0096809 -0.0173622 -0.0695798 -0.0103851 0.9973713
2476.574374 -0.0537014 0.0008952 -0.0096823 -0.0173955 -0.0675652 -0.0104740 0.9975082
2476.674364 -0.0547488 0.0007687 -0.0098897 -0.0140214 -0.0680342 -0.0104395 0.9975299
2476.774355 -0.0546696 0.0007587 -0.0099474 -0.0120557 -0.0696578 -0.0096182 0.9974517
2476.974335 -0.0546899 0.0007029 -0.0100292 -0.0088640 -0.0692690 -0.0089859 0.9975182
2477.124321 -0.0547401 0.0006667 -0.0101040 -0.0058769 -0.0687007 -0.0085758 0.9975832
2477.524282 -0.0553436 0.0006946 -0.0104561 -0.0058592 -0.0657237 -0.0086542 0.9977831
2477.724263 -0.0551593 0.0008933 -0.0107684 -0.0156349 -0.0649585 -0.0097767 0.9977176
2477.874248 -0.0552920 0.0008234 -0.0109723 -0.0262828 -0.0632497 -0.0105862 0.9975954
2478.674171 -0.0577100 0.0019716 -0.0115969 -0.0908039 -0.0541652 -0.0187021 0.9942188
2479.174122 -0.0593843 0.0034289 -0.0108849 -0.1367683 -0.0435274 -0.0271542 0.9892737
2479.374103 -0.0591769 0.0042263 -0.0113293 -0.1550869 -0.0421177 -0.0294793 0.9865623
2479.974045 -0.0593070 0.0052845 -0.0118019 -0.2059006 -0.0392541 -0.0362899 0.9771116
2480.424001 -0.0591578 0.0060335 -0.0117574 -0.2363051 -0.0345069 -0.0408894 0.9702048
2480.723972 -0.0590410 0.0061421 -0.0122230 -0.2520751 -0.0331681 -0.0430795 0.9661791
2481.023943 -0.0591531 0.0061481 -0.0124715 -0.2530158 -0.0322904 -0.0437138 0.9659345
