2469.725037 0.0000000 0.0000000 0.0000000 -0.0000000 -0.0000000 -0.0000000 1.0000000
2471.247509 -0.0209451 -0.0001960 -0.0020655 -0.0082219 -0.0013691 -0.0002963 0.9999653
2471.349495 -0.0211120 -0.0002225 -0.0022923 -0.0078631 -0.0014889 -0.0000786 0.9999680
2471.502878 -0.0232807 0.0000567 -0.0023123 -0.0097134 0.0021638 -0.0003626 0.9999504
2471.904874 -0.0284073 0.0012734 -0.0023210 -0.0218332 0.0062872 -0.0012009 0.9997411
2472.505783 -0.0379572 0.0019523 -0.0030881 -0.0310760 0.0080356 -0.0019964 0.9994828
2472.955937 -0.0424992 0.0016966 -0.0036308 -0.0295171 0.0026824 -0.0016834 0.9995593
2473.255651 -0.0473562 0.0000210 -0.0041437 -0.0150677 -0.0020844 -0.0007148 0.9998841
2473.355662 -0.0485478 -0.0012452 -0.0049548 -0.0028016 -0.0033707 0.0001035 0.9999904
2473.454862 -0.0496018 -0.0016891 -0.0050744 0.0064931 -0.0041710 0.0005702 0.9999701
2473.653795 -0.0516007 -0.0032246 -0.0061207 0.0244462 -0.0077061 0.0015505 0.9996703
2474.402202 -0.0619720 -0.0089756 -0.0099853 0.0748074 -0.0183766 0.0035098 0.9970225
2475.046588 -0.0656275 -0.0114874 -0.0117123 0.1150348 -0.0177086 0.0054190 0.9931889
2476.229050 -0.0805115 -0.0129236 -0.0147578 0.1310245 -0.0189097 0.0066741 0.9911763
2476.624369 -0.0859974 -0.0130520 -0.0156250 0.1290059 -0.0149512 0.0072630 0.9915045
2476.824350 -0.0864737 -0.0130580 -0.0158186 0.1345447 -0.0168877 0.0078843 0.9907323
2476.974335 -0.0865633 -0.0128726 -0.0158164 0.1367431 -0.0168121 0.0081430 0.9904304
2477.424292 -0.0901321 -0.0129065 -0.0170357 0.1429790 -0.0137720 0.0085567 0.9895929
2477.624272 -0.0919221 -0.0144119 -0.0165212 0.1357989 -0.0132220 0.0083567 0.9906130
2477.774258 -0.0945108 -0.0150665 -0.0192727 0.1240356 -0.0106949 0.0078780 0.9921889
2479.374103 -0.1090975 -0.0020370 -0.0154870 -0.0118209 0.0089017 -0.0011553 0.9998899
2479.674074 -0.1096886 0.0020450 -0.0163788 -0.0357824 0.0079340 -0.0033752 0.9993224
2480.124030 -0.1102700 -0.0005051 -0.0177024 -0.0752400 0.0112566 -0.0065578 0.9970804
2480.274016 -0.1082020 0.0087095 -0.0141825 -0.0826124 0.0121044 -0.0068696 0.9964846
2480.773967 -0.1076106 0.0093195 -0.0149650 -0.1113329 0.0159218 -0.0097168 0.9936081
2481.123934 -0.1077454 0.0079524 -0.0136290 -0.1121967 0.0167887 -0.0097962 0.9934959
2481.873861 -0.1091836 0.0091153 -0.0133968 -0.1102347 0.0130983 -0.0091145 0.9937775
