2469.725037 0.0000000 0.0000000 0.0000000 -0.0000000 -0.0000000 -0.0000000 1.0000000
2471.553643 -0.0162051 0.0003975 -0.0017225 -0.0123127 0.0044410 -0.0006338 0.9999142
2471.654562 -0.0165339 0.0005149 -0.0018793 -0.0132705 0.0040877 -0.0003809 0.9999036
2471.804883 -0.0178267 0.0009714 -0.0017602 -0.0174753 0.0050898 -0.0007753 0.9998341
2472.206050 -0.0224916 0.0019877 -0.0016977 -0.0295405 0.0101469 -0.0016585 0.9995107
2473.105646 -0.0304647 0.0014839 -0.0025792 -0.0253214 -0.0004603 -0.0011902 0.9996786
2473.205498 -0.0312878 0.0013544 -0.0028053 -0.0197397 -0.0021245 -0.0006455 0.9998027
2473.405519 -0.0333139 -0.0005334 -0.0034061 0.0015422 -0.0042069 0.0004218 0.9999899
2473.802477 -0.0347428 -0.0025669 -0.0044591 0.0324946 -0.0089776 0.0023834 0.9994288
2474.102764 -0.0371293 -0.0040138 -0.0051234 0.0566066 -0.0115446 0.0034958 0.9983237
2474.798430 -0.0419794 -0.0072314 -0.0080654 0.1054760 -0.0208548 0.0051509 0.9941898
2476.029050 -0.0527776 -0.0089899 -0.0111498 0.1393010 -0.0229660 0.0072308 0.9899573
2476.229050 -0.0539167 -0.0092554 -0.0105461 0.1309774 -0.0200094 0.0071271 0.9911578
2476.574374 -0.0569109 -0.0080999 -0.0096501 0.1285645 -0.0158226 0.0073790 0.9915475
2476.624369 -0.0573464 -0.0083737 -0.0101103 0.1294475 -0.0162061 0.0074825 0.9914256
2476.724360 -0.0582221 -0.0087598 -0.0106072 0.1322375 -0.0172149 0.0078146 0.9910378
2476.874345 -0.0592843 -0.0087188 -0.0105940 0.1358186 -0.0174784 0.0081347 0.9905462
2476.974335 -0.0594370 -0.0086626 -0.0106621 0.1369617 -0.0175464 0.0082489 0.9903866
2477.124321 -0.0605348 -0.0085898 -0.0101313 0.1401766 -0.0166269 0.0083917 0.9899514
2477.524282 -0.0634215 -0.0089133 -0.0097706 0.1398266 -0.0132346 0.0082122 0.9900535
2480.074035 -0.0764452 0.0066009 -0.0084077 -0.0677730 0.0113601 -0.0045813 0.9976256
2481.573890 -0.0749563 0.0087980 -0.0073582 -0.1115264 0.0154529 -0.0086857 0.9936034
2481.873861 -0.0765420 0.0070418 -0.0082747 -0.1099469 0.0136375 -0.0076851 0.9938142
2481.923856 -0.0766367 0.0099420 -0.0094628 -0.1074770 0.0135764 -0.0085788 0.9940779
