2469.725037 0.0000000 0.0000000 0.0000000 -0.0000000 -0.0000000 -0.0000000 1.0000000
2470.891756 -0.0140547 0.0012610 -0.0011408 -0.0111104 -0.0002690 -0.0005887 0.9999381
2470.995143 -0.0157460 0.0012067 -0.0012786 -0.0104696 -0.0015777 -0.0005309 0.9999438
2471.097089 -0.0164822 0.0007791 -0.0014759 -0.0094854 -0.0017336 -0.0003537 0.9999534
2471.804883 -0.0228371 0.0017704 -0.0019037 -0.0171879 0.0049716 -0.0009348 0.9998395
2472.356351 -0.0312937 0.0028651 -0.0018649 -0.0301920 0.0086360 -0.0020747 0.9995047
2472.455927 -0.0317498 0.0032497 -0.0019150 -0.0296939 0.0070307 -0.0018323 0.9995326
2472.706080 -0.0346756 0.0029033 -0.0023501 -0.0298727 0.0041710 -0.0020519 0.9995429
2472.805794 -0.0356158 0.0025351 -0.0028299 -0.0313546 0.0040399 -0.0019730 0.9994982
2473.953411 -0.0460180 -0.0037844 -0.0058527 0.0438625 -0.0099755 0.0029738 0.9989834
2474.102764 -0.0484841 -0.0049851 -0.0064768 0.0566941 -0.0113653 0.0032359 0.9983217
2474.650598 -0.0534990 -0.0065788 -0.0081780 0.0929658 -0.0205457 0.0046005 0.9954467
2475.145394 -0.0575440 -0.0088829 -0.0106545 0.1237171 -0.0203856 0.0057354 0.9920915
2476.029050 -0.0692315 -0.0107756 -0.0129189 0.1397013 -0.0227992 0.0066885 0.9899086
2476.624369 -0.0732967 -0.0100782 -0.0132553 0.1298013 -0.0166388 0.0075817 0.9913715
2476.874345 -0.0763581 -0.0103162 -0.0140678 0.1361797 -0.0176673 0.0080491 0.9904939
2476.974335 -0.0788484 -0.0098040 -0.0130042 0.1376072 -0.0167861 0.0078715 0.9903134
2477.074326 -0.0782034 -0.0099462 -0.0122397 0.1389803 -0.0165975 0.0083349 0.9901210
2477.624272 -0.0802053 -0.0095702 -0.0141193 0.1371468 -0.0143318 0.0086370 0.9904094
2477.774258 -0.0819463 -0.0094538 -0.0161503 0.1257693 -0.0119499 0.0082186 0.9919535
2477.924243 -0.0844535 -0.0125146 -0.0193809 0.1158031 -0.0105731 0.0075472 0.9931872
2478.774161 -0.0911186 -0.0132850 -0.0244294 0.0432063 -0.0000799 0.0038955 0.9990586
2478.824156 -0.0914020 -0.0139083 -0.0246718 0.0388463 0.0010531 0.0036641 0.9992380
2480.124030 -0.0985672 0.0035360 -0.0179586 -0.0731668 0.0112357 -0.0063935 0.9972360
2480.274016 -0.0984155 0.0034353 -0.0171353 -0.0843266 0.0128089 -0.0078535 0.9963249
2480.324011 -0.0992240 0.0025763 -0.0168071 -0.0899337 0.0142932 -0.0074907 0.9958170
2481.323914 -0.0982542 0.0031943 -0.0164156 -0.1159832 0.0173835 -0.0107807 0.9930405
2481.823866 -0.0990625 0.0033896 -0.0184381 -0.1128789 0.0137717 -0.0097126 0.9934658
