2469.725037 0.0000000 0.0000000 0.0000000 -0.0000000 -0.0000000 -0.0000000 1.0000000
2471.247509 -0.0208457 0.0003489 -0.0018469 -0.0079556 -0.0015153 -0.0002774 0.9999672
2471.349495 -0.0206702 -0.0006723 -0.0021491 -0.0080006 -0.0017780 -0.0000805 0.9999664
2471.704715 -0.0253090 0.0004733 -0.0024578 -0.0148715 0.0046643 -0.0008003 0.9998782
2471.804883 -0.0260551 0.0008310 -0.0023651 -0.0176579 0.0051245 -0.0009824 0.9998305
2471.904874 -0.0273270 0.0013845 -0.0021423 -0.0217057 0.0057047 -0.0010454 0.9997476
2472.955937 -0.0418859 0.0017604 -0.0034292 -0.0294421 0.0022312 -0.0017183 0.9995625
2473.155503 -0.0448329 0.0013274 -0.0038778 -0.0235203 -0.0011417 -0.0011364 0.9997221
2473.255651 -0.0461445 0.0002839 -0.0041738 -0.0148362 -0.0027766 -0.0004388 0.9998860
2473.355662 -0.0475738 -0.0007116 -0.0045901 -0.0025284 -0.0039693 0.0001629 0.9999889
2473.852650 -0.0520481 -0.0044442 -0.0065226 0.0370155 -0.0089372 0.0021620 0.9992724
2474.402202 -0.0605804 -0.0085342 -0.0100174 0.0751511 -0.0191727 0.0037472 0.9969808
2475.095616 -0.0662004 -0.0124961 -0.0130634 0.1180289 -0.0187521 0.0055972 0.9928173
2476.129395 -0.0793890 -0.0137695 -0.0152384 0.1342185 -0.0210554 0.0067395 0.9907051
2476.674364 -0.0859684 -0.0131193 -0.0161967 0.1315332 -0.0161453 0.0075428 0.9911516
2476.824350 -0.0859278 -0.0132171 -0.0158961 0.1346359 -0.0175121 0.0080664 0.9907076
2476.974335 -0.0861112 -0.0130810 -0.0161574 0.1368390 -0.0174680 0.0081371 0.9904059
2477.024331 -0.0873615 -0.0131790 -0.0152671 0.1375979 -0.0171032 0.0080493 0.9903078
2477.574277 -0.0931117 -0.0139012 -0.0151016 0.1379877 -0.0130848 0.0083370 0.9903124
2479.724069 -0.1120599 0.0058423 -0.0127924 -0.0375366 0.0087268 -0.0029706 0.9992527
2479.924050 -0.1130966 0.0060657 -0.0103132 -0.0592834 0.0114696 -0.0047551 0.9981640
2480.124030 -0.1131956 0.0105443 -0.0153516 -0.0709256 0.0118132 -0.0054998 0.9973965
2480.773967 -0.1120257 0.0085472 -0.0138782 -0.1117252 0.0169261 -0.0102199 0.9935424
2481.173929 -0.1115277 0.0084617 -0.0145462 -0.1131693 0.0177218 -0.0104018 0.9933632
