2469.725037 0.0000000 0.0000000 0.0000000 -0.0000000 -0.0000000 -0.0000000 1.0000000
2471.553643 -0.0170312 0.0001006 -0.0027358 -0.0123616 0.0045540 -0.0007288 0.9999130
2471.654562 -0.0172423 0.0004567 -0.0028062 -0.0131722 0.0040872 -0.0005683 0.9999048
2472.206050 -0.0237458 0.0015047 -0.0027609 -0.0297615 0.0103076 -0.0019375 0.9995020
2472.306356 -0.0252636 0.0020269 -0.0027991 -0.0297519 0.0093104 -0.0021090 0.9995118
2472.955937 -0.0300550 0.0008645 -0.0042733 -0.0295152 0.0022638 -0.0016433 0.9995604
2473.355662 -0.0338451 -0.0014977 -0.0052331 -0.0029382 -0.0041585 0.0004063 0.9999869
2473.405519 -0.0346891 -0.0015107 -0.0053702 0.0012347 -0.0042786 0.0003768 0.9999900
2473.504185 -0.0353744 -0.0022914 -0.0056524 0.0105309 -0.0059759 0.0009231 0.9999263
2474.003090 -0.0379048 -0.0042296 -0.0069903 0.0487868 -0.0108577 0.0030015 0.9987457
2474.102764 -0.0383998 -0.0051897 -0.0076470 0.0562721 -0.0117105 0.0035162 0.9983406
2475.145394 -0.0460126 -0.0092892 -0.0114922 0.1227342 -0.0205467 0.0059532 0.9922090
2475.930244 -0.0538828 -0.0102096 -0.0139198 0.1445102 -0.0231540 0.0074505 0.9892043
2476.574374 -0.0585593 -0.0097913 -0.0135272 0.1279996 -0.0161651 0.0077139 0.9916125
2476.624369 -0.0589728 -0.0098516 -0.0142191 0.1290208 -0.0165783 0.0078756 0.9914721
2476.674364 -0.0594519 -0.0101128 -0.0135517 0.1313669 -0.0173162 0.0078294 0.9911516
2476.824350 -0.0616694 -0.0102302 -0.0149983 0.1343408 -0.0179060 0.0080452 0.9907408
2476.924340 -0.0621784 -0.0102007 -0.0150450 0.1363375 -0.0174074 0.0083807 0.9904740
2477.024331 -0.0629626 -0.0104426 -0.0145992 0.1371593 -0.0171412 0.0082096 0.9903666
2477.324302 -0.0630387 -0.0102647 -0.0146136 0.1417536 -0.0160250 0.0084989 0.9897358
2477.574277 -0.0633276 -0.0100942 -0.0149435 0.1380840 -0.0146797 0.0091269 0.9902697
2478.474190 -0.0719637 -0.0096769 -0.0155136 0.0743142 -0.0079683 0.0054446 0.9971882
2479.774064 -0.0800767 -0.0001243 -0.0145014 -0.0451373 0.0093312 -0.0043118 0.9989280
2480.723972 -0.0811937 -0.0009438 -0.0147747 -0.1144719 0.0171990 -0.0102897 0.9932243
2481.623885 -0.0812499 -0.0009845 -0.0150700 -0.1155680 0.0162472 -0.0111173 0.9931045
