2469.725037 0.0000000 0.0000000 0.0000000 -0.0000000 -0.0000000 -0.0000000 1.0000000
2470.995143 -0.0179247 0.0038956 0.0011741 -0.0096523 -0.0017551 -0.0000240 0.9999519
2471.097089 -0.0190008 0.0047485 0.0013402 -0.0081619 -0.0017989 0.0001724 0.9999651
2471.553643 -0.0243346 0.0052624 0.0016678 -0.0106357 0.0043325 -0.0002721 0.9999340
2472.855789 -0.0406168 0.0086742 0.0024685 -0.0282390 0.0029617 -0.0010322 0.9995963
2472.955937 -0.0417861 0.0086928 0.0022821 -0.0270438 0.0017532 -0.0007751 0.9996324
2473.405519 -0.0482346 0.0071424 0.0020786 0.0043584 -0.0048548 0.0010006 0.9999782
2473.504185 -0.0482607 0.0070311 0.0018845 0.0141725 -0.0069167 0.0017217 0.9998742
2474.003090 -0.0535100 0.0040797 0.0009313 0.0522951 -0.0110385 0.0034217 0.9985648
2474.152601 -0.0539436 0.0033498 0.0000082 0.0617421 -0.0128108 0.0039474 0.9980021
2475.638036 -0.0740427 -0.0058382 -0.0049069 0.1501952 -0.0221520 0.0066764 0.9883856
2476.029050 -0.0742847 -0.0047190 -0.0061474 0.1423046 -0.0243713 0.0076888 0.9894930
2476.424389 -0.0807784 -0.0044882 -0.0055488 0.1298939 -0.0177279 0.0071601 0.9913436
2476.574374 -0.0825749 -0.0050633 -0.0055238 0.1309244 -0.0164855 0.0074448 0.9912273
2476.674364 -0.0835344 -0.0055493 -0.0068453 0.1342724 -0.0176481 0.0078475 0.9907562
2476.774355 -0.0837371 -0.0061015 -0.0058165 0.1360901 -0.0191681 0.0079861 0.9904788
2476.874345 -0.0872153 -0.0067572 -0.0054104 0.1378741 -0.0177680 0.0079837 0.9902582
2477.124321 -0.0870726 -0.0064544 -0.0053838 0.1422932 -0.0174731 0.0082875 0.9896356
2477.274306 -0.0872220 -0.0059451 -0.0057716 0.1454666 -0.0172151 0.0086698 0.9891754
2477.574277 -0.0874613 -0.0056144 -0.0063369 0.1409372 -0.0155747 0.0087215 0.9898576
2479.524088 -0.1098085 0.0102511 0.0018406 -0.0209497 0.0061532 -0.0011669 0.9997609
2479.674074 -0.1099479 0.0108629 0.0001251 -0.0327887 0.0065632 -0.0024631 0.9994377
2480.074035 -0.1099511 0.0166594 -0.0040080 -0.0660359 0.0098301 -0.0046878 0.9977579
2481.523895 -0.1117462 0.0203320 -0.0018369 -0.1093112 0.0162352 -0.0089004 0.9938352
2481.623885 -0.1094339 0.0176862 -0.0033940 -0.1092467 0.0140813 -0.0089132 0.9938750
