2469.725037 0.0000000 0.0000000 0.0000000 -0.0000000 -0.0000000 -0.0000000 1.0000000
2471.147519 -0.0143430 0.0032898 -0.0005952 -0.0075739 -0.0025459 -0.0001670 0.9999681
2471.247509 -0.0150636 0.0031918 -0.0004984 -0.0065601 -0.0024005 -0.0002457 0.9999756
2471.502878 -0.0165302 0.0033076 -0.0006537 -0.0079901 0.0009186 -0.0001211 0.9999677
2471.704715 -0.0180325 0.0034985 -0.0008747 -0.0132671 0.0034617 -0.0005034 0.9999059
2472.055886 -0.0227581 0.0049238 -0.0005624 -0.0229153 0.0064010 -0.0013639 0.9997160
2473.055789 -0.0321365 0.0044935 -0.0016869 -0.0260638 -0.0007808 -0.0013276 0.9996591
2473.255651 -0.0339838 0.0037219 -0.0018590 -0.0130920 -0.0044579 -0.0001849 0.9999044
2473.802477 -0.0378095 0.0017877 -0.0036874 0.0349378 -0.0104512 0.0022095 0.9993324
2473.852650 -0.0377311 0.0024326 -0.0037976 0.0401221 -0.0110533 0.0026197 0.9991302
2474.102764 -0.0405582 -0.0012866 -0.0045761 0.0583380 -0.0130810 0.0034336 0.9982053
2475.095616 -0.0482280 -0.0050101 -0.0083555 0.1205323 -0.0212674 0.0058563 0.9924643
2476.029050 -0.0578579 -0.0050986 -0.0099766 0.1419151 -0.0251037 0.0072020 0.9895343
2476.129395 -0.0579076 -0.0063503 -0.0108903 0.1365884 -0.0240317 0.0072250 0.9903100
2476.624369 -0.0615170 -0.0055336 -0.0101662 0.1315235 -0.0189460 0.0080785 0.9910991
2476.924340 -0.0652897 -0.0065225 -0.0115031 0.1385622 -0.0196453 0.0084301 0.9901230
2476.974335 -0.0655448 -0.0067199 -0.0121425 0.1387150 -0.0197273 0.0081474 0.9901024
2477.274306 -0.0672964 -0.0049239 -0.0109369 0.1455043 -0.0184931 0.0085641 0.9891477
2477.624272 -0.0677613 -0.0044102 -0.0113883 0.1390614 -0.0168245 0.0088855 0.9901010
2479.124127 -0.0809079 -0.0087221 -0.0236375 0.0116997 0.0035183 0.0001739 0.9999254
2480.124030 -0.0841041 -0.0092051 -0.0269665 -0.0785264 0.0092221 -0.0056627 0.9968533
2480.973948 -0.0835357 -0.0093913 -0.0257647 -0.1198823 0.0142504 -0.0099495 0.9926360
2481.673880 -0.0817598 -0.0095542 -0.0237282 -0.1199223 0.0116266 -0.0078724 0.9926840
2481.873861 -0.0827186 -0.0093273 -0.0255730 -0.1181081 0.0102580 -0.0068372 0.9929242
