2469.725037 0.0000000 0.0000000 0.0000000 -0.0000000 -0.0000000 -0.0000000 1.0000000
2471.247509 -0.0207695 0.0002477 -0.0021335 -0.0079901 -0.0019172 -0.0001926 0.9999662
2471.754572 -0.0259508 0.0015010 -0.0022582 -0.0155371 0.0041262 -0.0007324 0.9998705
2472.106039 -0.0302587 0.0029237 -0.0017301 -0.0267587 0.0084370 -0.0013148 0.9996055
2472.306356 -0.0350837 0.0030866 -0.0021494 -0.0298579 0.0086144 -0.0018919 0.9995152
2472.505783 -0.0380664 0.0025902 -0.0031749 -0.0308312 0.0072706 -0.0019494 0.9994963
2473.055789 -0.0450579 0.0019761 -0.0038922 -0.0275722 0.0005264 -0.0014897 0.9996186
2473.355662 -0.0483735 -0.0004388 -0.0050250 -0.0023478 -0.0045079 0.0003452 0.9999871
2473.504185 -0.0498863 -0.0020978 -0.0061388 0.0108665 -0.0065929 0.0010642 0.9999187
2473.953411 -0.0526288 -0.0049308 -0.0070111 0.0436347 -0.0105050 0.0030082 0.9989879
2474.102764 -0.0551560 -0.0063996 -0.0080109 0.0565067 -0.0119851 0.0036294 0.9983237
2476.229050 -0.0804138 -0.0130557 -0.0163818 0.1313288 -0.0206123 0.0072704 0.9910979
2476.374393 -0.0824882 -0.0132495 -0.0165563 0.1283539 -0.0183004 0.0072171 0.9915333
2476.624369 -0.0855762 -0.0125469 -0.0167480 0.1295449 -0.0167327 0.0078044 0.9914017
2476.724360 -0.0846602 -0.0130704 -0.0174477 0.1322482 -0.0183118 0.0083881 0.9910120
2476.824350 -0.0869290 -0.0133414 -0.0187140 0.1348125 -0.0185347 0.0085296 0.9906610
2476.974335 -0.0888010 -0.0140236 -0.0180472 0.1367407 -0.0179270 0.0082812 0.9904100
2477.524282 -0.0946309 -0.0144803 -0.0192997 0.1393938 -0.0138417 0.0082593 0.9901059
2477.624272 -0.0942879 -0.0153963 -0.0187735 0.1357838 -0.0144960 0.0080234 0.9906000
2478.024234 -0.1028300 -0.0146839 -0.0211975 0.1082693 -0.0104269 0.0066910 0.9940444
2479.424098 -0.1136265 -0.0013803 -0.0147660 -0.0148603 0.0073088 -0.0018144 0.9998612
2479.824059 -0.1155792 0.0002573 -0.0168829 -0.0497542 0.0091622 -0.0044059 0.9987098
2479.924050 -0.1150552 0.0048725 -0.0161720 -0.0597442 0.0102979 -0.0056136 0.9981448
2480.723972 -0.1133922 0.0102100 -0.0136493 -0.1101026 0.0150894 -0.0097935 0.9937574
2481.623885 -0.1139559 0.0111385 -0.0138794 -0.1108178 0.0143391 -0.0099648 0.9936873
2481.873861 -0.1141601 0.0107541 -0.0146386 -0.1094320 0.0121834 -0.0100440 0.9938689
2481.923856 -0.1155860 0.0105734 -0.0166960 -0.1090206 0.0125123 -0.0101093 0.9939094
