2469.725037 0.0000000 0.0000000 0.0000000 -0.0000000 -0.0000000 -0.0000000 1.0000000
2470.943687 -0.0143332 0.0010553 -0.0010019 -0.0109052 -0.0009774 -0.0004609 0.9999400
2471.046304 -0.0153884 0.0008049 -0.0011297 -0.0103537 -0.0014987 -0.0006215 0.9999451
2471.704715 -0.0211397 0.0013790 -0.0016186 -0.0144292 0.0047533 -0.0008550 0.9998842
2472.055886 -0.0252878 0.0025529 -0.0015191 -0.0241936 0.0072410 -0.0014341 0.9996800
2472.656085 -0.0327830 0.0025612 -0.0021343 -0.0303525 0.0057785 -0.0021513 0.9995202
2473.105646 -0.0369571 0.0022111 -0.0026326 -0.0251063 -0.0003894 -0.0013673 0.9996838
2473.255651 -0.0388166 0.0010682 -0.0032655 -0.0144385 -0.0025681 -0.0005017 0.9998924
2473.504185 -0.0407617 -0.0009230 -0.0043101 0.0112098 -0.0060316 0.0008031 0.9999187
2474.102764 -0.0456987 -0.0050257 -0.0062826 0.0565045 -0.0111125 0.0032408 0.9983352
2474.202182 -0.0472897 -0.0051684 -0.0065892 0.0641912 -0.0131134 0.0037058 0.9978446
2475.145394 -0.0547606 -0.0097524 -0.0103036 0.1230606 -0.0198366 0.0060083 0.9921827
2476.029050 -0.0644709 -0.0109473 -0.0126170 0.1393152 -0.0225244 0.0069908 0.9899672
2476.474384 -0.0670997 -0.0094559 -0.0129165 0.1259718 -0.0160165 0.0073896 0.9918770
2476.724360 -0.0688693 -0.0098860 -0.0128359 0.1324390 -0.0176226 0.0081255 0.9910012
2476.874345 -0.0706230 -0.0102670 -0.0132844 0.1358467 -0.0177345 0.0081358 0.9905377
2477.074326 -0.0714043 -0.0104596 -0.0128861 0.1384104 -0.0169434 0.0085382 0.9901932
2477.574277 -0.0760627 -0.0111887 -0.0138852 0.1381292 -0.0135876 0.0079809 0.9902889
2477.624272 -0.0762670 -0.0113230 -0.0138907 0.1362317 -0.0136376 0.0079928 0.9905509
2479.774064 -0.0927027 0.0019446 -0.0115264 -0.0447059 0.0092678 -0.0036544 0.9989505
2479.924050 -0.0927500 0.0041006 -0.0097892 -0.0594061 0.0109892 -0.0048938 0.9981614
2480.274016 -0.0903312 0.0069063 -0.0112182 -0.0829638 0.0117089 -0.0063704 0.9964634
2480.623982 -0.0904159 0.0092572 -0.0109493 -0.1065313 0.0154898 -0.0093327 0.9941449
2480.873958 -0.0898640 0.0099044 -0.0104005 -0.1130874 0.0159365 -0.0097357 0.9934095
2481.673880 -0.0906717 0.0095713 -0.0107907 -0.1105357 0.0143618 -0.0093919 0.9937240
