2444.927438 0.0000000 0.0000000 0.0000000 -0.0000000 -0.0000000 -0.0000000 1.0000000
2449.726974 -0.0152186 0.0019196 0.0021690 -0.0230598 -0.0236580 -0.0015180 0.9994530
2449.826964 -0.0154609 0.0020553 0.0026510 -0.0217425 -0.0258534 -0.0017798 0.9994277
2449.976949 -0.0175448 0.0018740 0.0023001 -0.0206408 -0.0281630 -0.0029817 0.9993858
2451.026848 -0.0326929 0.0010942 0.0023617 -0.0115369 -0.0542796 -0.0258905 0.9981234
2451.326819 -0.0375801 0.0012492 0.0022637 -0.0114126 -0.0624663 -0.0321738 0.9974631
2451.676785 -0.0433634 0.0014513 0.0023762 -0.0118969 -0.0722827 -0.0372556 0.9966171
2451.926760 -0.0467008 0.0015016 0.0021459 -0.0107545 -0.0799216 -0.0409650 0.9959010
2452.676688 -0.0577844 0.0020785 0.0000402 -0.0027027 -0.0988448 -0.0478338 0.9939489
2452.726683 -0.0597586 0.0027548 -0.0001929 -0.0035810 -0.1024535 -0.0481639 0.9935647
2452.826673 -0.0641077 0.0032154 -0.0019599 -0.0038092 -0.1113381 -0.0508487 0.9924735
2454.776485 -0.0861922 0.0065597 -0.0033723 -0.0067523 -0.1540177 -0.0885396 0.9840700
2456.326335 -0.1080668 0.0120214 -0.0083222 -0.0127396 -0.1860019 -0.1216105 0.9749113
2457.126257 -0.1222238 0.0162036 -0.0127511 -0.0165656 -0.2024139 -0.1426752 0.9687095
2457.326238 -0.1261151 0.0174009 -0.0140861 -0.0185505 -0.2101851 -0.1463733 0.9664642
2457.776194 -0.1348690 0.0205303 -0.0182646 -0.0167177 -0.2263469 -0.1609869 0.9605055
2457.826189 -0.1357712 0.0210952 -0.0188183 -0.0161828 -0.2279782 -0.1622673 0.9599133
2458.026170 -0.1389756 0.0214731 -0.0213635 -0.0159835 -0.2321780 -0.1659852 0.9582728
2458.426131 -0.1464282 0.0239131 -0.0257912 0.0004736 -0.2478810 -0.1750593 0.9528427
2458.830833 -0.1567351 0.0260675 -0.0337139 0.0225082 -0.2713270 -0.1805851 0.9451265
2458.880493 -0.1586834 0.0262259 -0.0348935 0.0263694 -0.2728994 -0.1814382 0.9444103
2459.136493 -0.1638339 0.0275016 -0.0393445 0.0460094 -0.2862860 -0.1826605 0.9394459
2459.187575 -0.1638730 0.0269095 -0.0400984 0.0502972 -0.2887744 -0.1828779 0.9384217
2459.438499 -0.1680633 0.0266771 -0.0433813 0.0683435 -0.2981839 -0.1815819 0.9345820
2459.594331 -0.1703534 0.0282162 -0.0451211 0.0790987 -0.3060287 -0.1816030 0.9311875
2460.147715 -0.1804807 0.0298885 -0.0522574 0.1160878 -0.3308287 -0.1806062 0.9189436
2460.248475 -0.1807968 0.0302805 -0.0537102 0.1197394 -0.3333863 -0.1807749 0.9175165
2460.398896 -0.1828283 0.0308296 -0.0552804 0.1269005 -0.3364279 -0.1802369 0.9155475
2462.051877 -0.2051780 0.0398515 -0.0750775 0.1854699 -0.3818873 -0.1788640 0.8875645
2465.775420 -0.2326388 0.0641817 -0.1118099 0.1824004 -0.4191493 -0.1848869 0.8699775
2465.975400 -0.2338462 0.0646127 -0.1124363 0.1726471 -0.4142984 -0.1899622 0.8731920
2468.425163 -0.2503366 0.0929783 -0.1318207 0.0600385 -0.3879985 -0.2530670 0.8842000
2468.675139 -0.2510612 0.0944641 -0.1334242 0.0543734 -0.3850192 -0.2560521 0.8850091
2468.875119 -0.2512896 0.0946534 -0.1331721 0.0495438 -0.3832489 -0.2582664 0.8854176
2469.425066 -0.2542450 0.0995464 -0.1368814 0.0379930 -0.3843751 -0.2639064 0.8838358
2469.675042 -0.2556399 0.1003079 -0.1382134 0.0323737 -0.3817282 -0.2664334 0.8844483
2470.891756 -0.2623842 0.1074851 -0.1483999 0.0216047 -0.3779569 -0.2719764 0.8847094
2471.400873 -0.2647276 0.1101235 -0.1516224 0.0246563 -0.3796845 -0.2702775 0.8844104
2471.754572 -0.2663088 0.1125765 -0.1539630 0.0196028 -0.3726308 -0.2736632 0.8864934
2472.306356 -0.2704938 0.1169399 -0.1590354 0.0082376 -0.3643315 -0.2799645 0.8881524
2472.706080 -0.2724140 0.1194264 -0.1622119 0.0072024 -0.3684162 -0.2801587 0.8864134
2473.305508 -0.2755978 0.1205915 -0.1675047 0.0227637 -0.3810405 -0.2709253 0.8836795
2473.454862 -0.2770234 0.1202564 -0.1687508 0.0362623 -0.3868240 -0.2640254 0.8828040
2474.749304 -0.2838987 0.1185797 -0.1824455 0.1151467 -0.4242171 -0.2232978 0.8700111
2474.897828 -0.2838635 0.1184457 -0.1830871 0.1206733 -0.4256910 -0.2202442 0.8693202
2475.145394 -0.2835991 0.1187677 -0.1853607 0.1329014 -0.4288012 -0.2132682 0.8677462
2476.624369 -0.2910839 0.1252010 -0.1966723 0.1387928 -0.4269360 -0.2092401 0.8687237
2477.074326 -0.2928963 0.1255955 -0.1990085 0.1459885 -0.4293684 -0.2046800 0.8674308
2477.424292 -0.2933156 0.1260687 -0.2003482 0.1505599 -0.4285836 -0.2022882 0.8675987
2477.824253 -0.2940307 0.1298699 -0.2026596 0.1332910 -0.4211481 -0.2119862 0.8717394
2478.824156 -0.3003905 0.1408124 -0.2056588 0.0686497 -0.3898037 -0.2488748 0.8839692
2479.174122 -0.3000551 0.1426010 -0.2055626 0.0408427 -0.3776526 -0.2630543 0.8868556
2479.774064 -0.2992082 0.1479259 -0.2041843 -0.0036600 -0.3615337 -0.2864817 0.8872476
2480.074035 -0.2980698 0.1495584 -0.2037728 -0.0244867 -0.3526493 -0.2974358 0.8868883
2480.224021 -0.2978199 0.1507150 -0.2029869 -0.0344223 -0.3477697 -0.3026730 0.8867133
2480.523992 -0.2965701 0.1519099 -0.2021658 -0.0502198 -0.3385540 -0.3113287 0.8865290
2480.873958 -0.2962949 0.1522723 -0.2023088 -0.0610397 -0.3338508 -0.3167286 0.8857205
