2469.725037 0.0000000 0.0000000 0.0000000 -0.0000000 -0.0000000 -0.0000000 1.0000000
2471.097089 -0.0188044 0.0007519 -0.0017465 -0.0095094 -0.0015786 -0.0002818 0.9999535
2471.197514 -0.0197885 0.0003964 -0.0017027 -0.0083321 -0.0018894 -0.0002352 0.9999635
2471.553643 -0.0233683 0.0008952 -0.0020668 -0.0120568 0.0043444 -0.0005660 0.9999177
2472.055886 -0.0310815 0.0029756 -0.0021935 -0.0241121 0.0075714 -0.0015525 0.9996794
2472.356351 -0.0356059 0.0027578 -0.0026575 -0.0302873 0.0088463 -0.0020014 0.9995001
2472.455927 -0.0368023 0.0031956 -0.0025749 -0.0298096 0.0075636 -0.0019162 0.9995251
2473.355662 -0.0473672 -0.0005025 -0.0050272 -0.0023588 -0.0039831 0.0003286 0.9999893
2473.504185 -0.0493592 -0.0018145 -0.0054402 0.0109364 -0.0058983 0.0011120 0.9999222
2473.653795 -0.0510046 -0.0024663 -0.0060704 0.0249006 -0.0080554 0.0016560 0.9996561
2474.053085 -0.0547396 -0.0056160 -0.0077516 0.0506590 -0.0097769 0.0029630 0.9986638
2474.102764 -0.0548313 -0.0064287 -0.0078550 0.0564680 -0.0110980 0.0034116 0.9983369
2476.229050 -0.0791416 -0.0123009 -0.0152999 0.1314318 -0.0195777 0.0070781 0.9911066
2476.474384 -0.0805674 -0.0119382 -0.0160887 0.1258322 -0.0159723 0.0075065 0.9918946
2476.624369 -0.0834538 -0.0126209 -0.0156601 0.1292576 -0.0158730 0.0077168 0.9914540
2476.824350 -0.0870365 -0.0136405 -0.0178051 0.1344876 -0.0169573 0.0081262 0.9907368
2476.924340 -0.0879768 -0.0142126 -0.0176919 0.1361879 -0.0164413 0.0082531 0.9905123
2477.574277 -0.0913126 -0.0149769 -0.0179118 0.1376626 -0.0132851 0.0083863 0.9903546
2477.624272 -0.0917828 -0.0150161 -0.0191391 0.1358145 -0.0132961 0.0085118 0.9906085
2478.024234 -0.0975014 -0.0141276 -0.0219094 0.1080433 -0.0099255 0.0073808 0.9940693
2478.774161 -0.1050060 -0.0055960 -0.0176258 0.0459358 0.0012540 0.0042477 0.9989346
2478.824156 -0.1060573 -0.0046764 -0.0168328 0.0420318 0.0027318 0.0043510 0.9991031
2479.524088 -0.1103814 0.0006581 -0.0168243 -0.0238274 0.0078348 -0.0007973 0.9996850
2480.374006 -0.1090665 0.0030975 -0.0166252 -0.0914295 0.0135526 -0.0074718 0.9956914
2480.873958 -0.1084611 0.0090653 -0.0164754 -0.1141207 0.0163733 -0.0103927 0.9932776
2481.673880 -0.1098875 0.0074738 -0.0156811 -0.1120420 0.0149479 -0.0092023 0.9935485
