2444.927438 0.0000000 0.0000000 0.0000000 -0.0000000 -0.0000000 -0.0000000 1.0000000
2449.776969 -0.0160269 0.0025137 0.0026183 -0.0220448 -0.0248076 -0.0017302 0.9994477
2449.826964 -0.0196280 0.0028285 0.0018389 -0.0212036 -0.0242616 -0.0028078 0.9994769
2449.976949 -0.0187635 0.0027306 0.0027220 -0.0201524 -0.0281366 -0.0030773 0.9993962
2450.226925 -0.0207330 0.0024207 0.0039314 -0.0197351 -0.0349713 -0.0056888 0.9991773
2450.276920 -0.0210350 0.0024177 0.0035898 -0.0179534 -0.0362888 -0.0071191 0.9991547
2450.676882 -0.0288909 0.0025701 0.0036240 -0.0130618 -0.0466145 -0.0187897 0.9986508
2451.126838 -0.0363143 0.0025112 0.0034835 -0.0108562 -0.0571265 -0.0290636 0.9978848
2451.276823 -0.0391053 0.0027574 0.0034165 -0.0111041 -0.0609951 -0.0310651 0.9975927
2451.426809 -0.0414481 0.0029835 0.0038056 -0.0107950 -0.0649630 -0.0330255 0.9972826
2451.976756 -0.0501285 0.0038606 0.0038181 -0.0097919 -0.0811133 -0.0409961 0.9958133
2452.726683 -0.0631758 0.0043244 0.0003767 -0.0028639 -0.1020766 -0.0483233 0.9935980
2452.826673 -0.0676945 0.0043883 -0.0020269 -0.0032912 -0.1109486 -0.0511359 0.9925042
2454.626499 -0.0881176 0.0083171 -0.0020288 -0.0073674 -0.1517309 -0.0837255 0.9848419
2455.826383 -0.1090921 0.0128845 -0.0061719 -0.0087199 -0.1796918 -0.1127120 0.9772056
2455.976368 -0.1110808 0.0134717 -0.0059843 -0.0097872 -0.1816613 -0.1143440 0.9766416
2456.126354 -0.1118501 0.0140561 -0.0062462 -0.0109237 -0.1836362 -0.1180198 0.9758226
2457.326238 -0.1327613 0.0208946 -0.0122221 -0.0173396 -0.2096654 -0.1463335 0.9666055
2457.626209 -0.1390849 0.0228024 -0.0146544 -0.0152167 -0.2198059 -0.1568018 0.9627393
2457.726199 -0.1411478 0.0231031 -0.0164440 -0.0158699 -0.2237018 -0.1596394 0.9613641
2457.826189 -0.1434298 0.0242865 -0.0172563 -0.0153081 -0.2270932 -0.1626979 0.9600645
2457.976175 -0.1457715 0.0230044 -0.0222889 -0.0160686 -0.2298092 -0.1660480 0.9588314
2458.126160 -0.1482038 0.0240305 -0.0233855 -0.0133531 -0.2321717 -0.1684602 0.9578826
2458.576117 -0.1603169 0.0267063 -0.0315664 0.0080093 -0.2556972 -0.1782590 0.9501466
2458.676502 -0.1634966 0.0281962 -0.0325304 0.0168115 -0.2626629 -0.1795408 0.9478875
2458.780107 -0.1655882 0.0280536 -0.0345473 0.0198314 -0.2673031 -0.1804773 0.9463529
2458.880493 -0.1677976 0.0291305 -0.0357439 0.0270023 -0.2714402 -0.1817070 0.9447612
2459.236977 -0.1755658 0.0303821 -0.0423152 0.0569668 -0.2901141 -0.1828151 0.9376392
2459.489521 -0.1787611 0.0303839 -0.0448574 0.0729466 -0.2993993 -0.1819962 0.9337646
2460.398896 -0.1937666 0.0342207 -0.0568573 0.1276030 -0.3346934 -0.1809756 0.9159397
2460.701533 -0.1965418 0.0351763 -0.0591575 0.1383947 -0.3421774 -0.1793889 0.9119107
2460.802571 -0.1984707 0.0352489 -0.0624741 0.1421296 -0.3458707 -0.1795401 0.9099110
2461.952242 -0.2223540 0.0441084 -0.0807382 0.1825453 -0.3766233 -0.1827817 0.8896195
2462.202435 -0.2210685 0.0456149 -0.0808739 0.1908398 -0.3819571 -0.1778047 0.8866084
2462.751513 -0.2215483 0.0452292 -0.0811768 0.1944390 -0.3931651 -0.1743857 0.8815919
2463.201508 -0.2214653 0.0456300 -0.0818570 0.1920632 -0.3996889 -0.1748903 0.8790756
2465.725424 -0.2449685 0.0700392 -0.1162489 0.1848142 -0.4182391 -0.1847579 0.8699335
2465.775420 -0.2454690 0.0692607 -0.1157969 0.1831835 -0.4175355 -0.1855891 0.8704393
2465.875410 -0.2449924 0.0703524 -0.1165443 0.1792686 -0.4154798 -0.1873212 0.8718659
2466.175381 -0.2440904 0.0712692 -0.1180722 0.1613253 -0.4156691 -0.1953867 0.8735087
2468.225183 -0.2602084 0.0950629 -0.1341844 0.0672188 -0.3881457 -0.2489662 0.8847827
2468.325173 -0.2612410 0.0968889 -0.1356373 0.0622555 -0.3864107 -0.2518857 0.8850789
2468.575149 -0.2623291 0.0987423 -0.1366547 0.0563594 -0.3849601 -0.2547974 0.8852726
2469.425066 -0.2658940 0.1062129 -0.1406916 0.0388415 -0.3831512 -0.2639192 0.8843263
2469.725037 -0.2682669 0.1051708 -0.1431973 0.0316767 -0.3798621 -0.2675898 0.8849277
2470.280080 -0.2720929 0.1111167 -0.1486970 0.0234831 -0.3763923 -0.2721005 0.8852903
2470.787973 -0.2745423 0.1130273 -0.1525200 0.0223053 -0.3742327 -0.2727514 0.8860356
2471.349495 -0.2781097 0.1159828 -0.1567989 0.0251832 -0.3787552 -0.2707637 0.8846453
2472.055886 -0.2810040 0.1211909 -0.1623498 0.0130040 -0.3664466 -0.2776811 0.8879420
2473.255651 -0.2887971 0.1268444 -0.1730077 0.0186301 -0.3778968 -0.2737250 0.8842633
2473.553627 -0.2911355 0.1258222 -0.1770281 0.0448478 -0.3904433 -0.2603458 0.8819087
2474.102764 -0.2937067 0.1243196 -0.1818236 0.0777102 -0.4040184 -0.2433855 0.8783472
2475.245739 -0.2997836 0.1251077 -0.1951215 0.1353442 -0.4307150 -0.2133556 0.8663983
2475.438708 -0.2994433 0.1245453 -0.1959551 0.1448174 -0.4336015 -0.2080767 0.8647091
2476.624369 -0.3060142 0.1311116 -0.2053283 0.1389912 -0.4253772 -0.2103677 0.8691841
2476.824350 -0.3067982 0.1322968 -0.2082695 0.1433020 -0.4276796 -0.2076336 0.8680109
2477.024331 -0.3074980 0.1329981 -0.2081524 0.1459515 -0.4279215 -0.2058496 0.8678752
2477.274306 -0.3080760 0.1331713 -0.2087211 0.1505280 -0.4283489 -0.2034834 0.8674406
2478.474190 -0.3121320 0.1414742 -0.2153680 0.0945364 -0.4049802 -0.2337072 0.8788828
2478.874151 -0.3136337 0.1425765 -0.2192459 0.0632134 -0.3853753 -0.2508332 0.8857610
2479.174122 -0.3141559 0.1489768 -0.2171759 0.0407958 -0.3752984 -0.2639963 0.8875769
2479.824059 -0.3121673 0.1559412 -0.2137063 -0.0069149 -0.3579168 -0.2882853 0.8881100
2480.024040 -0.3121970 0.1561139 -0.2148320 -0.0220911 -0.3513251 -0.2964445 0.8878082
2480.324011 -0.3113487 0.1571073 -0.2137299 -0.0400593 -0.3425788 -0.3059712 0.8873650
2480.424001 -0.3108346 0.1572049 -0.2131315 -0.0450221 -0.3396446 -0.3084543 0.8873953
2481.073938 -0.3096038 0.1581752 -0.2139587 -0.0596571 -0.3319342 -0.3158987 0.8868307
