2444.927438 0.0000000 0.0000000 0.0000000 -0.0000000 -0.0000000 -0.0000000 1.0000000
2449.776969 -0.0173230 0.0018148 0.0021983 -0.0224326 -0.0244255 -0.0017624 0.9994484
2449.876959 -0.0185459 0.0018407 0.0022583 -0.0218630 -0.0259502 -0.0022559 0.9994216
2449.976949 -0.0200095 0.0016213 0.0019527 -0.0207448 -0.0278488 -0.0030443 0.9993922
2450.126935 -0.0224473 0.0017332 0.0023902 -0.0207119 -0.0313700 -0.0039363 0.9992855
2450.276920 -0.0246867 0.0013082 0.0026494 -0.0184871 -0.0348535 -0.0077423 0.9991915
2450.926857 -0.0351510 0.0008737 0.0022656 -0.0124436 -0.0516848 -0.0242795 0.9982907
2451.226828 -0.0401003 0.0013606 0.0025904 -0.0116971 -0.0597152 -0.0305006 0.9976808
2451.426809 -0.0437883 0.0019103 0.0031451 -0.0114114 -0.0647477 -0.0330211 0.9972900
2452.376717 -0.0576909 0.0023174 0.0020099 -0.0052329 -0.0884912 -0.0455826 0.9950197
2452.826673 -0.0717264 0.0029178 -0.0030629 -0.0041876 -0.1106847 -0.0511003 0.9925322
2453.176639 -0.0777258 0.0045093 -0.0025261 -0.0095063 -0.1245549 -0.0596142 0.9903746
2454.876475 -0.0974180 0.0083647 -0.0038023 -0.0059866 -0.1569508 -0.0907914 0.9834061
2455.976368 -0.1191414 0.0128696 -0.0083160 -0.0104838 -0.1805942 -0.1150032 0.9767549
2456.326335 -0.1184486 0.0130809 -0.0090890 -0.0128926 -0.1861034 -0.1212691 0.9749324
2456.826286 -0.1284674 0.0157882 -0.0110399 -0.0163605 -0.1940411 -0.1342493 0.9716262
2457.026267 -0.1332140 0.0184956 -0.0116955 -0.0163982 -0.1997869 -0.1390422 0.9697853
2457.476223 -0.1429565 0.0209405 -0.0155074 -0.0170140 -0.2148279 -0.1503557 0.9648589
2457.676204 -0.1477151 0.0219859 -0.0187023 -0.0161353 -0.2209946 -0.1586776 0.9621447
2457.826189 -0.1513022 0.0234793 -0.0202062 -0.0162248 -0.2270572 -0.1627416 0.9600505
2458.076165 -0.1572885 0.0233631 -0.0251505 -0.0161023 -0.2307305 -0.1674968 0.9583575
2458.226151 -0.1597512 0.0249839 -0.0255621 -0.0100399 -0.2346255 -0.1719248 0.9567090
2458.476126 -0.1669170 0.0263588 -0.0317612 0.0038190 -0.2495586 -0.1772361 0.9519944
2458.676502 -0.1737271 0.0280790 -0.0358439 0.0160467 -0.2623264 -0.1800190 0.9479032
2458.728235 -0.1745585 0.0281155 -0.0366582 0.0170717 -0.2648942 -0.1798585 0.9472014
2458.780107 -0.1754392 0.0282497 -0.0373830 0.0191071 -0.2673155 -0.1806005 0.9463408
2459.187575 -0.1844927 0.0296447 -0.0449671 0.0500934 -0.2870899 -0.1834982 0.9388282
2459.287288 -0.1867823 0.0300580 -0.0463462 0.0590556 -0.2918635 -0.1828392 0.9369621
2459.594331 -0.1919062 0.0311022 -0.0504086 0.0789157 -0.3042258 -0.1825370 0.9316111
2459.746055 -0.1948895 0.0317482 -0.0521515 0.0884807 -0.3127408 -0.1834994 0.9277351
2459.897087 -0.1981228 0.0330562 -0.0547242 0.0985172 -0.3185609 -0.1840884 0.9246215
2460.398896 -0.2061689 0.0345271 -0.0617920 0.1268691 -0.3343933 -0.1814145 0.9160645
2462.002059 -0.2317813 0.0448709 -0.0822555 0.1845167 -0.3796008 -0.1803976 0.8884332
2462.851503 -0.2661117 0.0590954 -0.1085666 0.1946688 -0.3845723 -0.1795392 0.8842929
2463.651129 -0.2652205 0.0597497 -0.1090294 0.1947684 -0.3956500 -0.1794854 0.8793812
2465.825415 -0.2564047 0.0715996 -0.1206200 0.1800682 -0.4178773 -0.1860313 0.8708309
2465.875410 -0.2564138 0.0715413 -0.1208270 0.1781811 -0.4168837 -0.1869766 0.8714926
2465.975400 -0.2561774 0.0718472 -0.1209892 0.1725661 -0.4143460 -0.1897799 0.8732250
2466.025395 -0.2561848 0.0719386 -0.1212667 0.1692473 -0.4137434 -0.1912087 0.8738484
2466.975303 -0.2643247 0.0829043 -0.1366334 0.1084445 -0.3988661 -0.2254808 0.8822154
2468.575149 -0.2761162 0.1010791 -0.1476814 0.0553028 -0.3852206 -0.2554682 0.8850326
2468.875119 -0.2762867 0.1016552 -0.1479485 0.0487067 -0.3826635 -0.2589704 0.8855115
2469.075100 -0.2763180 0.1020705 -0.1490462 0.0429484 -0.3808158 -0.2616957 0.8858048
2469.375071 -0.2784278 0.1068485 -0.1511911 0.0373517 -0.3837501 -0.2641050 0.8840753
2470.483498 -0.2893513 0.1164761 -0.1592625 0.0217173 -0.3732861 -0.2727145 0.8864608
2470.787973 -0.2917057 0.1181623 -0.1629239 0.0214116 -0.3741429 -0.2729076 0.8860475
2471.654562 -0.2966185 0.1230290 -0.1696645 0.0209472 -0.3721018 -0.2732230 0.8868206
2471.904874 -0.2981106 0.1254759 -0.1718955 0.0142873 -0.3681503 -0.2767598 0.8875051
2472.706080 -0.3034626 0.1316188 -0.1792400 0.0066245 -0.3671702 -0.2807162 0.8867584
2473.005933 -0.3052905 0.1326234 -0.1818045 0.0082772 -0.3710395 -0.2792253 0.8856040
2474.650598 -0.3150536 0.1312695 -0.1999872 0.1059168 -0.4204385 -0.2284374 0.8716820
2475.095616 -0.3171527 0.1307603 -0.2038585 0.1285397 -0.4256382 -0.2164222 0.8691785
2475.438708 -0.3179775 0.1317714 -0.2081049 0.1444242 -0.4337849 -0.2079862 0.8647047
2476.674364 -0.3254581 0.1391362 -0.2174370 0.1404109 -0.4267396 -0.2090994 0.8685940
2476.774355 -0.3251551 0.1390392 -0.2178227 0.1416143 -0.4284823 -0.2080005 0.8678042
2476.974335 -0.3242590 0.1398245 -0.2216076 0.1445210 -0.4284778 -0.2061587 0.8677667
2477.524282 -0.3245078 0.1402161 -0.2232475 0.1475830 -0.4261560 -0.2044114 0.8688074
2477.824253 -0.3237576 0.1405122 -0.2243796 0.1326817 -0.4203482 -0.2128181 0.8720157
2478.574180 -0.3246275 0.1454858 -0.2275586 0.0837989 -0.4032144 -0.2376068 0.8797380
2479.074132 -0.3300841 0.1547647 -0.2274064 0.0486751 -0.3790549 -0.2597569 0.8868340
2479.524088 -0.3294266 0.1583161 -0.2273178 0.0124589 -0.3678761 -0.2777999 0.8873214
2479.974045 -0.3286799 0.1609721 -0.2272910 -0.0205013 -0.3533825 -0.2952242 0.8874363
2480.124030 -0.3277047 0.1615288 -0.2269509 -0.0286554 -0.3506345 -0.2991039 0.8870012
2481.073938 -0.3265436 0.1644894 -0.2253977 -0.0605348 -0.3327410 -0.3162711 0.8863361
2481.823866 -0.3272589 0.1643839 -0.2254907 -0.0602868 -0.3367750 -0.3158291 0.8849859
