2469.725037 0.0000000 0.0000000 0.0000000 -0.0000000 -0.0000000 -0.0000000 1.0000000
2471.553643 -0.0172664 0.0000921 -0.0021469 -0.0124349 0.0045490 -0.0006592 0.9999121
2471.654562 -0.0180926 0.0003798 -0.0018191 -0.0133928 0.0044439 -0.0006509 0.9999003
2471.804883 -0.0193948 0.0007966 -0.0020503 -0.0175925 0.0053768 -0.0009925 0.9998303
2472.256203 -0.0250618 0.0019628 -0.0018260 -0.0311158 0.0102572 -0.0019883 0.9994612
2472.955937 -0.0308528 0.0012476 -0.0032055 -0.0294784 0.0025281 -0.0015148 0.9995611
2473.105646 -0.0330043 0.0010128 -0.0032818 -0.0255975 -0.0000138 -0.0015145 0.9996712
2473.405519 -0.0356920 -0.0010638 -0.0042496 0.0012913 -0.0039561 0.0002632 0.9999913
2473.454862 -0.0357856 -0.0013123 -0.0043482 0.0065286 -0.0045912 0.0007293 0.9999679
2473.752897 -0.0377109 -0.0030837 -0.0053508 0.0283897 -0.0080114 0.0019251 0.9995630
2474.252177 -0.0416175 -0.0051369 -0.0061531 0.0661928 -0.0150911 0.0036725 0.9976860
2476.029050 -0.0563848 -0.0105052 -0.0124397 0.1387946 -0.0226117 0.0070582 0.9900379
2476.129395 -0.0567908 -0.0100957 -0.0128601 0.1341927 -0.0213827 0.0070316 0.9906996
2476.524379 -0.0609248 -0.0092668 -0.0119279 0.1253144 -0.0144911 0.0073097 0.9919843
2476.574374 -0.0609339 -0.0093325 -0.0118346 0.1281487 -0.0152957 0.0074110 0.9916093
2476.624369 -0.0618788 -0.0100568 -0.0124936 0.1288600 -0.0155297 0.0073021 0.9915143
2476.724360 -0.0619969 -0.0098937 -0.0128656 0.1319071 -0.0168898 0.0078401 0.9910872
2476.824350 -0.0629065 -0.0103189 -0.0134496 0.1342654 -0.0174304 0.0080098 0.9907597
2476.974335 -0.0641149 -0.0106465 -0.0135338 0.1362709 -0.0168917 0.0081766 0.9904938
2477.124321 -0.0644195 -0.0105716 -0.0138519 0.1394046 -0.0162685 0.0085194 0.9900652
2477.324302 -0.0669485 -0.0102950 -0.0133801 0.1416898 -0.0146541 0.0079200 0.9897709
2477.724263 -0.0674498 -0.0098674 -0.0141001 0.1295050 -0.0126822 0.0082705 0.9914632
2479.374103 -0.0824770 -0.0008874 -0.0111581 -0.0113121 0.0101517 -0.0022646 0.9998819
2479.624079 -0.0817129 0.0004244 -0.0120136 -0.0334083 0.0085061 -0.0028594 0.9994015
2479.774064 -0.0815548 0.0004660 -0.0121348 -0.0450642 0.0097491 -0.0034430 0.9989306
2480.673977 -0.0817300 0.0069179 -0.0111303 -0.1089225 0.0173887 -0.0093759 0.9938539
2481.623885 -0.0822387 0.0086928 -0.0120678 -0.1104103 0.0166435 -0.0094833 0.9937015
2481.773871 -0.0808190 0.0064972 -0.0118303 -0.1111718 0.0139960 -0.0086944 0.9936646
