2444.927438 0.0000000 0.0000000 0.0000000 -0.0000000 -0.0000000 -0.0000000 1.0000000
2449.776969 -0.0168776 0.0018960 0.0020101 -0.0223271 -0.0245674 -0.0017689 0.9994473
2449.876959 -0.0181367 0.0018873 0.0022558 -0.0218071 -0.0260807 -0.0023056 0.9994193
2450.126935 -0.0218207 0.0018516 0.0023402 -0.0206370 -0.0315437 -0.0038924 0.9992818
2450.226925 -0.0227589 0.0016253 0.0024250 -0.0200279 -0.0342009 -0.0060416 0.9991961
2450.276920 -0.0240327 0.0016942 0.0028137 -0.0182645 -0.0350199 -0.0077148 0.9991899
2450.576891 -0.0281696 0.0014341 0.0028469 -0.0157603 -0.0443930 -0.0148862 0.9987789
2451.276823 -0.0398830 0.0019966 0.0030437 -0.0115079 -0.0611127 -0.0308050 0.9975891
2451.676785 -0.0476110 0.0023263 0.0029657 -0.0115777 -0.0717741 -0.0373734 0.9966533
2451.976756 -0.0516625 0.0026242 0.0029819 -0.0104444 -0.0809343 -0.0409498 0.9958231
2452.726683 -0.0654860 0.0037559 -0.0000423 -0.0032339 -0.1018001 -0.0483492 0.9936240
2452.826673 -0.0699503 0.0038953 -0.0021811 -0.0036439 -0.1106975 -0.0511196 0.9925319
2453.176639 -0.0756517 0.0051804 -0.0016778 -0.0091309 -0.1247818 -0.0596509 0.9903474
2453.326625 -0.0760811 0.0053653 -0.0013125 -0.0083379 -0.1275264 -0.0622497 0.9898447
2454.576504 -0.0906227 0.0079849 -0.0021288 -0.0081373 -0.1505086 -0.0828143 0.9851004
2455.976368 -0.1142911 0.0133451 -0.0068582 -0.0100132 -0.1814145 -0.1143325 0.9766865
2456.326335 -0.1172116 0.0143546 -0.0077264 -0.0122614 -0.1852444 -0.1217598 0.9750429
2456.826286 -0.1254297 0.0167143 -0.0094392 -0.0157234 -0.1938551 -0.1343383 0.9716616
2457.226247 -0.1340536 0.0192486 -0.0123534 -0.0167400 -0.2062754 -0.1455510 0.9674633
2457.576214 -0.1415630 0.0214789 -0.0152933 -0.0164607 -0.2185760 -0.1547515 0.9633304
2457.676204 -0.1428857 0.0229995 -0.0160633 -0.0153542 -0.2215849 -0.1582553 0.9620913
2458.076165 -0.1518348 0.0238885 -0.0240700 -0.0157104 -0.2314178 -0.1670192 0.9582816
2458.326141 -0.1558853 0.0251440 -0.0267966 -0.0086562 -0.2393020 -0.1724411 0.9554704
2458.376136 -0.1564533 0.0269290 -0.0277216 -0.0026674 -0.2428034 -0.1748735 0.9541796
2458.676502 -0.1679056 0.0295852 -0.0343871 0.0169329 -0.2627826 -0.1797534 0.9478119
2458.728235 -0.1702200 0.0292540 -0.0360869 0.0177881 -0.2646596 -0.1801016 0.9472076
2458.780107 -0.1704058 0.0292199 -0.0361774 0.0197279 -0.2674121 -0.1806216 0.9462967
2458.929619 -0.1714532 0.0294133 -0.0370801 0.0292292 -0.2748741 -0.1815905 0.9437239
2459.136493 -0.1774657 0.0311063 -0.0424045 0.0463002 -0.2850978 -0.1829656 0.9397336
2460.048337 -0.1927977 0.0334023 -0.0538095 0.1093507 -0.3254246 -0.1820251 0.9214163
2460.147715 -0.1946404 0.0337254 -0.0557117 0.1166340 -0.3297953 -0.1812136 0.9191263
2460.198480 -0.1953700 0.0342612 -0.0560846 0.1196499 -0.3314812 -0.1809563 0.9181824
2460.499834 -0.1985236 0.0348525 -0.0599215 0.1301006 -0.3374375 -0.1809459 0.9145864
2461.752795 -0.2178294 0.0437921 -0.0780776 0.1751316 -0.3785110 -0.1835665 0.8901471
2463.201508 -0.2312644 0.0496690 -0.0892606 0.1928105 -0.3978707 -0.1763498 0.8794451
2465.085364 -0.2532440 0.0679775 -0.1162051 0.2092702 -0.4222531 -0.1714356 0.8651694
2465.825415 -0.2511713 0.0703159 -0.1192584 0.1805529 -0.4167687 -0.1867284 0.8711125
2465.925405 -0.2507303 0.0707105 -0.1195669 0.1763060 -0.4145795 -0.1887356 0.8725932
2465.975400 -0.2507749 0.0707632 -0.1197495 0.1731452 -0.4130847 -0.1904084 0.8735710
2466.025395 -0.2508332 0.0707843 -0.1197999 0.1697430 -0.4125728 -0.1915984 0.8742203
2466.375362 -0.2483068 0.0736151 -0.1229746 0.1451052 -0.4142079 -0.2032401 0.8752541
2467.225279 -0.2607946 0.0880488 -0.1306407 0.0976330 -0.3967502 -0.2323913 0.8826389
2467.325270 -0.2614290 0.0893714 -0.1312982 0.0963794 -0.3945285 -0.2333660 0.8835149
2468.375168 -0.2666374 0.0979551 -0.1384461 0.0604834 -0.3871913 -0.2526506 0.8846425
2469.075100 -0.2687750 0.1024953 -0.1411276 0.0443551 -0.3804598 -0.2613992 0.8859760
2470.432673 -0.2783973 0.1139812 -0.1516706 0.0230728 -0.3746561 -0.2722947 0.8859774
2471.298255 -0.2842970 0.1190322 -0.1592908 0.0260573 -0.3793697 -0.2699985 0.8845906
2471.654562 -0.2847539 0.1202844 -0.1612871 0.0218413 -0.3728225 -0.2727025 0.8866565
2472.206050 -0.2893231 0.1267784 -0.1665869 0.0099126 -0.3623206 -0.2799059 0.8889759
2472.555779 -0.2907757 0.1276776 -0.1691190 0.0073915 -0.3648302 -0.2806607 0.8877352
2473.504185 -0.2979179 0.1298894 -0.1798247 0.0402773 -0.3876698 -0.2629112 0.8825914
2474.252177 -0.3022228 0.1292027 -0.1867718 0.0855054 -0.4100492 -0.2388552 0.8760689
2474.798430 -0.3038527 0.1279184 -0.1923492 0.1180817 -0.4240555 -0.2219757 0.8700348
2475.438708 -0.3066725 0.1285514 -0.1991951 0.1451157 -0.4337475 -0.2078653 0.8646367
2476.574374 -0.3127285 0.1338316 -0.2093807 0.1382841 -0.4246966 -0.2109209 0.8694957
2476.674364 -0.3133949 0.1338681 -0.2103179 0.1408060 -0.4265128 -0.2094691 0.8685524
2476.924340 -0.3135108 0.1353108 -0.2124139 0.1449613 -0.4281096 -0.2065610 0.8677793
2477.024331 -0.3131253 0.1357143 -0.2128075 0.1458926 -0.4282561 -0.2059511 0.8676959
2477.524282 -0.3139366 0.1356175 -0.2129340 0.1481635 -0.4262266 -0.2043676 0.8686843
2478.074229 -0.3137712 0.1397287 -0.2150382 0.1207060 -0.4169439 -0.2188777 0.8738881
2478.674171 -0.3190110 0.1468751 -0.2186202 0.0778616 -0.3965152 -0.2426376 0.8819525
2478.824156 -0.3198110 0.1492591 -0.2177333 0.0682932 -0.3890958 -0.2486908 0.8843605
2479.974045 -0.3180799 0.1597374 -0.2156919 -0.0186858 -0.3536047 -0.2947762 0.8875368
2480.623982 -0.3177084 0.1602176 -0.2166130 -0.0561244 -0.3346422 -0.3145638 0.8865181
2481.523895 -0.3174582 0.1604383 -0.2170232 -0.0607297 -0.3323010 -0.3167322 0.8863231
2481.673880 -0.3178678 0.1600104 -0.2167458 -0.0603551 -0.3345276 -0.3161228 0.8857285
