2469.725037 0.0000000 0.0000000 0.0000000 -0.0000000 -0.0000000 -0.0000000 1.0000000
2470.995143 -0.0155239 0.0038986 -0.0006212 -0.0094281 -0.0022604 -0.0001004 0.9999530
2471.247509 -0.0178813 0.0037833 -0.0009958 -0.0065346 -0.0024327 0.0001279 0.9999757
2472.055886 -0.0276392 0.0058043 -0.0010170 -0.0230257 0.0065805 -0.0010632 0.9997126
2472.306356 -0.0310344 0.0064592 -0.0003521 -0.0284211 0.0080301 -0.0016247 0.9995625
2472.955937 -0.0378069 0.0048547 -0.0020017 -0.0282062 0.0011594 -0.0013455 0.9996005
2473.055789 -0.0382329 0.0048213 -0.0021082 -0.0264225 -0.0009451 -0.0008988 0.9996500
2473.653795 -0.0454362 0.0034029 -0.0032786 0.0271911 -0.0097143 0.0018924 0.9995813
2473.802477 -0.0452340 0.0045705 -0.0035945 0.0359988 -0.0104824 0.0027107 0.9992932
2474.053085 -0.0458646 0.0053762 -0.0043589 0.0552392 -0.0127106 0.0038344 0.9983849
2474.600602 -0.0538013 -0.0044136 -0.0076034 0.0919352 -0.0227520 0.0047794 0.9954935
2475.095616 -0.0588711 -0.0059568 -0.0096840 0.1204528 -0.0208575 0.0058866 0.9924825
2476.029050 -0.0692725 -0.0076181 -0.0117315 0.1414005 -0.0249596 0.0076151 0.9896085
2476.278176 -0.0719917 -0.0067065 -0.0119275 0.1331174 -0.0212895 0.0073080 0.9908447
2476.574374 -0.0741537 -0.0069358 -0.0117553 0.1304336 -0.0182172 0.0076241 0.9912603
2476.624369 -0.0755781 -0.0075412 -0.0122083 0.1312570 -0.0183468 0.0077649 0.9911482
2476.674364 -0.0755332 -0.0073583 -0.0113472 0.1337733 -0.0192528 0.0079855 0.9907928
2476.824350 -0.0785632 -0.0077864 -0.0124498 0.1366259 -0.0196266 0.0082832 0.9903936
2476.924340 -0.0794207 -0.0078638 -0.0122100 0.1385837 -0.0191308 0.0084147 0.9901302
2477.024331 -0.0807384 -0.0080694 -0.0116962 0.1394520 -0.0187699 0.0082030 0.9900169
2477.474287 -0.0842247 -0.0082329 -0.0123616 0.1436759 -0.0154855 0.0083937 0.9894680
2477.574277 -0.0844213 -0.0083730 -0.0122429 0.1400935 -0.0155384 0.0085341 0.9899796
2477.724263 -0.0840701 -0.0086901 -0.0121139 0.1314272 -0.0147851 0.0083531 0.9911804
2479.424098 -0.1031982 0.0058072 -0.0093753 -0.0124207 0.0068180 -0.0016633 0.9998983
2479.774064 -0.1026698 0.0061104 -0.0105558 -0.0429330 0.0072104 -0.0037308 0.9990450
2480.224021 -0.1024485 0.0065764 -0.0114123 -0.0815735 0.0105435 -0.0063285 0.9965915
2481.073938 -0.0999837 0.0146658 -0.0092187 -0.1100687 0.0145158 -0.0098728 0.9937690
2481.523895 -0.0999903 0.0147273 -0.0094206 -0.1106405 0.0139658 -0.0093936 0.9937180
