2469.725037 0.0000000 0.0000000 0.0000000 -0.0000000 -0.0000000 -0.0000000 1.0000000
2470.891756 -0.0142567 0.0025815 0.0011634 -0.0107304 -0.0004483 -0.0002013 0.9999424
2470.995143 -0.0144652 0.0026062 0.0012427 -0.0100745 -0.0024319 0.0002443 0.9999463
2471.704715 -0.0223601 0.0054815 0.0024916 -0.0129551 0.0041720 -0.0000999 0.9999074
2472.206050 -0.0290205 0.0085276 0.0038205 -0.0272432 0.0095505 -0.0007599 0.9995829
2472.356351 -0.0312553 0.0081781 0.0038805 -0.0282802 0.0080922 -0.0011161 0.9995667
2472.755937 -0.0349482 0.0091693 0.0043364 -0.0284841 0.0035194 -0.0007619 0.9995878
2473.205498 -0.0407299 0.0086602 0.0045272 -0.0172448 -0.0028062 0.0002714 0.9998474
2473.903416 -0.0472056 0.0051450 0.0035484 0.0433663 -0.0096569 0.0032894 0.9990072
2474.053085 -0.0479755 0.0050164 0.0031610 0.0546211 -0.0109571 0.0039518 0.9984393
2474.798430 -0.0578518 0.0035909 0.0037333 0.1107152 -0.0203339 0.0052539 0.9936302
2475.095616 -0.0582807 0.0035843 0.0035298 0.1238659 -0.0199337 0.0061639 0.9920796
2476.424389 -0.0722856 0.0001643 0.0020546 0.1314339 -0.0178496 0.0074309 0.9911364
2476.574374 -0.0740082 0.0003833 0.0023364 0.1327341 -0.0165697 0.0078258 0.9909823
2476.824350 -0.0778145 -0.0007882 0.0013255 0.1389394 -0.0181234 0.0083173 0.9901001
2476.924340 -0.0792554 -0.0016388 0.0017306 0.1405346 -0.0173922 0.0083280 0.9898880
2477.024331 -0.0807117 0.0033346 0.0031434 0.1435140 -0.0169945 0.0082615 0.9894679
2477.624272 -0.0807271 0.0033643 0.0029606 0.1421278 -0.0151561 0.0087009 0.9896941
2477.774258 -0.0839281 0.0000369 0.0019669 0.1295829 -0.0122905 0.0082892 0.9914578
2478.474190 -0.0921890 0.0073473 0.0057488 0.0806622 -0.0076092 0.0058904 0.9966951
2479.274113 -0.0980347 0.0129043 0.0058315 0.0034471 0.0078939 0.0006306 0.9999627
2480.124030 -0.0995278 0.0210436 0.0037430 -0.0661886 0.0100667 -0.0051160 0.9977432
2480.374006 -0.0955886 0.0227228 0.0043863 -0.0831925 0.0112637 -0.0064244 0.9964491
2480.773967 -0.0959319 0.0213598 0.0050033 -0.1063272 0.0143175 -0.0082960 0.9941935
2481.623885 -0.0980010 0.0222946 0.0059419 -0.1061799 0.0138289 -0.0082099 0.9942169
2481.873861 -0.0958866 0.0222649 0.0054566 -0.1044840 0.0109117 -0.0077214 0.9944367
