2469.725037 0.0000000 0.0000000 0.0000000 -0.0000000 -0.0000000 -0.0000000 1.0000000
2470.943687 -0.0142517 0.0016809 0.0001279 -0.0106987 -0.0010787 -0.0005686 0.9999420
2471.046304 -0.0152256 0.0020396 0.0000946 -0.0098281 -0.0016813 -0.0005517 0.9999502
2471.704715 -0.0207290 0.0024943 -0.0004553 -0.0139339 0.0043946 -0.0008076 0.9998930
2472.155896 -0.0266159 0.0046138 0.0007350 -0.0280468 0.0109302 -0.0019369 0.9995450
2472.256203 -0.0282259 0.0044375 0.0003263 -0.0301464 0.0098504 -0.0021153 0.9994947
2472.605932 -0.0320146 0.0044686 0.0001797 -0.0292421 0.0065655 -0.0022579 0.9995483
2473.205498 -0.0370336 0.0048601 -0.0004934 -0.0183617 -0.0028197 -0.0005077 0.9998273
2473.255651 -0.0374733 0.0046320 -0.0011358 -0.0128012 -0.0034906 -0.0004042 0.9999119
2474.102764 -0.0453126 -0.0020338 -0.0032468 0.0578752 -0.0116604 0.0031945 0.9982507
2474.202182 -0.0469290 -0.0025404 -0.0039470 0.0653740 -0.0137164 0.0035429 0.9977603
2475.145394 -0.0537140 -0.0077960 -0.0079563 0.1240160 -0.0207925 0.0058644 0.9920450
2476.029050 -0.0641418 -0.0089694 -0.0106000 0.1401914 -0.0233619 0.0067876 0.9898255
2476.424389 -0.0664822 -0.0072394 -0.0101266 0.1284711 -0.0177427 0.0070855 0.9915292
2476.674364 -0.0679003 -0.0083344 -0.0105366 0.1327651 -0.0180321 0.0078207 0.9909527
2476.924340 -0.0715655 -0.0080800 -0.0110586 0.1378375 -0.0179197 0.0081453 0.9902593
2477.024331 -0.0714652 -0.0080980 -0.0108374 0.1388932 -0.0180580 0.0080824 0.9901097
2477.274306 -0.0717617 -0.0080857 -0.0113756 0.1441159 -0.0174870 0.0086628 0.9893684
2477.574277 -0.0737003 -0.0078293 -0.0112366 0.1395372 -0.0151473 0.0084720 0.9900647
2477.724263 -0.0754943 -0.0066526 -0.0106323 0.1311731 -0.0139302 0.0086408 0.9912239
2477.874248 -0.0756251 -0.0052162 -0.0121462 0.1211759 -0.0128895 0.0082249 0.9925133
2479.824059 -0.0897670 0.0058076 -0.0100553 -0.0475189 0.0077758 -0.0037802 0.9988329
2480.124030 -0.0876774 0.0101302 -0.0092799 -0.0705000 0.0083036 -0.0056276 0.9974614
2480.723972 -0.0869897 0.0132833 -0.0086492 -0.1080170 0.0134148 -0.0098721 0.9940096
2480.773967 -0.0884710 0.0095087 -0.0091272 -0.1107105 0.0142759 -0.0099493 0.9937004
2480.873958 -0.0880992 0.0135071 -0.0075875 -0.1117263 0.0146684 -0.0101409 0.9935790
