2461.752795 0.0000000 0.0000000 0.0000000 -0.0000000 -0.0000000 -0.0000000 1.0000000
2463.701124 -0.0147276 -0.0010398 -0.0002786 0.0268235 -0.0226545 0.0019403 0.9993816
2463.801115 -0.0147478 -0.0009595 -0.0006393 0.0285827 -0.0244683 0.0025316 0.9992887
2464.345787 -0.0287486 -0.0023788 0.0001566 0.0310206 -0.0250390 -0.0002775 0.9992051
2464.642301 -0.0292417 -0.0018512 -0.0010754 0.0338579 -0.0313918 0.0017777 0.9989319
2465.825415 -0.0310341 -0.0003948 -0.0050198 0.0145812 -0.0436331 0.0007678 0.9989409
2465.875410 -0.0311995 -0.0003369 -0.0052069 0.0123319 -0.0428839 0.0008643 0.9990036
2466.225376 -0.0313379 0.0003641 -0.0066517 -0.0098776 -0.0478245 -0.0010453 0.9988064
2466.275371 -0.0315886 0.0006349 -0.0072963 -0.0147540 -0.0490271 -0.0010490 0.9986879
2466.325366 -0.0316112 0.0006746 -0.0075012 -0.0180572 -0.0493693 -0.0011980 0.9986166
2466.475352 -0.0317238 0.0009361 -0.0080263 -0.0347968 -0.0466457 -0.0032415 0.9983000
2469.725037 -0.0685375 0.0104312 -0.0093467 -0.1574287 -0.0450143 -0.0201652 0.9862978
2471.097089 -0.0805920 0.0104865 -0.0115733 -0.1671263 -0.0457877 -0.0211423 0.9846448
2471.298255 -0.0810905 0.0103813 -0.0115645 -0.1642193 -0.0461256 -0.0203654 0.9851344
2471.553643 -0.0831719 0.0105015 -0.0119461 -0.1696407 -0.0399220 -0.0224681 0.9844407
2472.855789 -0.0932035 0.0113889 -0.0141095 -0.1873826 -0.0405305 -0.0242067 0.9811519
2472.955937 -0.0936673 0.0111934 -0.0143111 -0.1863856 -0.0418254 -0.0237002 0.9812999
2473.355662 -0.0969632 0.0094051 -0.0148019 -0.1602892 -0.0483802 -0.0198149 0.9856846
2473.405519 -0.0976506 0.0093184 -0.0148675 -0.1563416 -0.0485261 -0.0195136 0.9863173
2473.454862 -0.0976189 0.0088993 -0.0148644 -0.1513461 -0.0492787 -0.0187005 0.9870746
2474.003090 -0.1006544 0.0063507 -0.0155463 -0.1097869 -0.0552211 -0.0137412 0.9923249
2474.053085 -0.1011263 0.0058960 -0.0159270 -0.1080923 -0.0548017 -0.0139329 0.9925315
2474.152601 -0.1020378 0.0053241 -0.0160504 -0.1006612 -0.0563795 -0.0129179 0.9932380
2476.079045 -0.1147405 0.0007209 -0.0205200 -0.0222296 -0.0673527 -0.0040534 0.9974734
2476.574374 -0.1169252 0.0010666 -0.0209950 -0.0305408 -0.0612663 -0.0046360 0.9976434
2476.674364 -0.1173840 0.0013172 -0.0210652 -0.0269592 -0.0624629 -0.0040287 0.9976750
2476.774355 -0.1186102 0.0007803 -0.0212029 -0.0252841 -0.0634644 -0.0038360 0.9976564
2476.874345 -0.1189297 0.0006037 -0.0218045 -0.0231486 -0.0628457 -0.0031871 0.9977497
2477.524282 -0.1203666 0.0006470 -0.0224200 -0.0189713 -0.0593933 -0.0026227 0.9980509
2477.824253 -0.1206793 0.0013133 -0.0233660 -0.0369316 -0.0571532 -0.0044785 0.9976720
2478.224214 -0.1247683 0.0021794 -0.0241121 -0.0626615 -0.0553270 -0.0075377 0.9964716
2478.524185 -0.1265372 0.0047735 -0.0241717 -0.0892663 -0.0516527 -0.0104951 0.9946122
2479.174122 -0.1306583 0.0072034 -0.0233300 -0.1496610 -0.0378828 -0.0202895 0.9878030
2480.074035 -0.1306067 0.0129517 -0.0250002 -0.2248841 -0.0341434 -0.0293537 0.9733446
2480.174026 -0.1298510 0.0131698 -0.0246228 -0.2332082 -0.0332913 -0.0306178 0.9713744
2481.223924 -0.1308122 0.0154364 -0.0253044 -0.2674326 -0.0270039 -0.0365217 0.9625055
2481.323914 -0.1305947 0.0154839 -0.0249472 -0.2674897 -0.0271485 -0.0362880 0.9624944
2481.723875 -0.1295974 0.0158007 -0.0256226 -0.2649056 -0.0307832 -0.0347630 0.9631557
