2469.725037 0.0000000 0.0000000 0.0000000 -0.0000000 -0.0000000 -0.0000000 1.0000000
2470.839706 -0.0106186 0.0005078 -0.0007373 -0.0118203 0.0004797 -0.0005199 0.9999299
2470.943687 -0.0119775 0.0013444 -0.0002421 -0.0107953 -0.0014155 -0.0003908 0.9999406
2472.055886 -0.0222716 0.0029782 -0.0002803 -0.0238991 0.0071670 -0.0013229 0.9996878
2472.206050 -0.0239998 0.0035706 0.0000882 -0.0288561 0.0099655 -0.0016950 0.9995325
2472.555779 -0.0272567 0.0031423 -0.0002890 -0.0306875 0.0070808 -0.0019790 0.9995020
2473.055789 -0.0317813 0.0032537 -0.0007122 -0.0267431 0.0005220 -0.0014273 0.9996412
2473.205498 -0.0333856 0.0029282 -0.0010463 -0.0191119 -0.0023634 -0.0007324 0.9998143
2473.355662 -0.0356402 0.0015768 -0.0011669 -0.0015937 -0.0037376 0.0000959 0.9999918
2473.752897 -0.0363368 0.0017078 -0.0017071 0.0308688 -0.0091931 0.0022599 0.9994786
2474.053085 -0.0395185 -0.0022025 -0.0034956 0.0515083 -0.0103595 0.0030745 0.9986141
2474.947112 -0.0459517 -0.0064835 -0.0057883 0.1147951 -0.0207707 0.0053412 0.9931577
2476.029050 -0.0561312 -0.0075805 -0.0079744 0.1402058 -0.0233215 0.0067853 0.9898245
2476.129395 -0.0567737 -0.0074407 -0.0080465 0.1354589 -0.0219507 0.0065783 0.9905180
2476.624369 -0.0607082 -0.0068719 -0.0076833 0.1303826 -0.0166238 0.0073490 0.9912972
2476.724360 -0.0607652 -0.0069798 -0.0084218 0.1332240 -0.0179516 0.0079141 0.9908918
2476.974335 -0.0627074 -0.0076168 -0.0090504 0.1377396 -0.0178922 0.0082428 0.9902726
2477.324302 -0.0651514 -0.0071931 -0.0080779 0.1432291 -0.0158546 0.0083622 0.9895272
2477.674268 -0.0659736 -0.0071302 -0.0089499 0.1341523 -0.0139962 0.0084518 0.9908258
2478.824156 -0.0768109 0.0000660 -0.0065932 0.0433670 0.0019921 0.0034958 0.9990511
2479.824059 -0.0785580 0.0055662 -0.0089746 -0.0471301 0.0080043 -0.0026710 0.9988531
2480.074035 -0.0804242 0.0094197 -0.0080692 -0.0671329 0.0104944 -0.0056081 0.9976731
2480.224021 -0.0795283 0.0093460 -0.0069477 -0.0796150 0.0114275 -0.0059423 0.9967425
2480.723972 -0.0794787 0.0097513 -0.0069028 -0.1094348 0.0153987 -0.0090591 0.9938334
2481.673880 -0.0787070 0.0098920 -0.0076298 -0.1100238 0.0135613 -0.0089303 0.9937963
