2444.927438 0.0000000 0.0000000 0.0000000 -0.0000000 -0.0000000 -0.0000000 1.0000000
2449.726974 -0.0159812 0.0017711 0.0018792 -0.0230933 -0.0234422 -0.0016054 0.9994571
2450.176930 -0.0214451 0.0017320 0.0024136 -0.0197436 -0.0329576 -0.0049516 0.9992495
2450.226925 -0.0218503 0.0015713 0.0024604 -0.0200267 -0.0340217 -0.0059667 0.9992026
2450.326915 -0.0233417 0.0011803 0.0021645 -0.0180550 -0.0364415 -0.0091568 0.9991307
2451.026848 -0.0341187 0.0012254 0.0025009 -0.0114676 -0.0540056 -0.0259060 0.9981387
2451.226828 -0.0374645 0.0013831 0.0025009 -0.0116436 -0.0597499 -0.0303472 0.9976840
2452.176736 -0.0511052 0.0016427 0.0015110 -0.0091090 -0.0857293 -0.0426803 0.9953622
2452.426712 -0.0539799 0.0016053 0.0013727 -0.0051070 -0.0896946 -0.0454885 0.9949169
2452.726683 -0.0616034 0.0028273 -0.0002424 -0.0035853 -0.1023175 -0.0483119 0.9935715
2452.826673 -0.0661168 0.0031041 -0.0022094 -0.0038783 -0.1111175 -0.0508292 0.9924990
2454.776485 -0.0889583 0.0066155 -0.0035533 -0.0068362 -0.1537746 -0.0885258 0.9841086
2455.576407 -0.1040023 0.0102475 -0.0072753 -0.0100755 -0.1760073 -0.1081146 0.9783819
2456.326335 -0.1119945 0.0123557 -0.0085968 -0.0127641 -0.1854035 -0.1216568 0.9750191
2457.026267 -0.1245814 0.0164681 -0.0117798 -0.0166825 -0.1995944 -0.1389711 0.9698303
2457.676204 -0.1374839 0.0204441 -0.0176241 -0.0161560 -0.2213111 -0.1584889 0.9621027
2457.826189 -0.1409390 0.0215375 -0.0197976 -0.0163135 -0.2272095 -0.1624880 0.9600559
2457.876184 -0.1424651 0.0209991 -0.0217160 -0.0167962 -0.2276819 -0.1643695 0.9596153
2458.176155 -0.1474854 0.0223982 -0.0242940 -0.0115601 -0.2331081 -0.1703601 0.9573424
2458.326141 -0.1499614 0.0227305 -0.0265855 -0.0089733 -0.2386683 -0.1721589 0.9556769
2458.526122 -0.1565745 0.0238563 -0.0307708 0.0043201 -0.2520825 -0.1768627 0.9513965
2458.880493 -0.1652114 0.0255099 -0.0379117 0.0254451 -0.2708744 -0.1811668 0.9450705
2458.980345 -0.1679878 0.0272464 -0.0392758 0.0331821 -0.2763036 -0.1820199 0.9430928
2459.136493 -0.1711817 0.0276699 -0.0422437 0.0455091 -0.2841809 -0.1825722 0.9401263
2459.287288 -0.1737299 0.0266130 -0.0443120 0.0584457 -0.2914526 -0.1821672 0.9372591
2459.796524 -0.1820565 0.0295116 -0.0508793 0.0913981 -0.3143369 -0.1834942 0.9269135
2459.997887 -0.1856728 0.0295536 -0.0536827 0.1048853 -0.3224095 -0.1826197 0.9228767
2460.147715 -0.1873083 0.0298174 -0.0553917 0.1156422 -0.3290205 -0.1807339 0.9196237
2460.651143 -0.1929939 0.0323393 -0.0596322 0.1350561 -0.3401673 -0.1797307 0.9130952
2461.051855 -0.1984132 0.0342751 -0.0664101 0.1519116 -0.3549903 -0.1792206 0.9048672
2462.051877 -0.2127116 0.0409223 -0.0776327 0.1852867 -0.3802503 -0.1789857 0.8882807
2465.875410 -0.2423389 0.0666557 -0.1162346 0.1782051 -0.4150271 -0.1871540 0.8723353
2465.925405 -0.2424097 0.0668669 -0.1161063 0.1758724 -0.4139025 -0.1884862 0.8730559
2465.975400 -0.2423326 0.0668234 -0.1162241 0.1726178 -0.4126657 -0.1900046 0.8739613
2466.625337 -0.2488573 0.0776802 -0.1224686 0.1247414 -0.4018089 -0.2167759 0.8809072
2466.775323 -0.2485521 0.0786678 -0.1221487 0.1165878 -0.3972878 -0.2205819 0.8831270
2467.625241 -0.2563584 0.0895187 -0.1289489 0.0863872 -0.3877468 -0.2385852 0.8861528
2467.925211 -0.2567461 0.0902061 -0.1303815 0.0777494 -0.3823585 -0.2432024 0.8880370
2469.475061 -0.2648114 0.1033938 -0.1408116 0.0357796 -0.3819495 -0.2648435 0.8846990
2469.875023 -0.2657540 0.1038664 -0.1423316 0.0291492 -0.3763528 -0.2679573 0.8864016
2470.229730 -0.2687705 0.1075396 -0.1466555 0.0238459 -0.3771449 -0.2704945 0.8854523
2471.604231 -0.2759774 0.1151868 -0.1561868 0.0206100 -0.3709359 -0.2727183 0.8874720
2471.804883 -0.2763041 0.1158718 -0.1574791 0.0178550 -0.3700987 -0.2737816 0.8875538
2472.805794 -0.2827194 0.1229225 -0.1666282 0.0056937 -0.3667879 -0.2803693 0.8870329
2472.955937 -0.2837635 0.1232431 -0.1672245 0.0068691 -0.3691974 -0.2791749 0.8864015
2473.553627 -0.2883092 0.1229188 -0.1749519 0.0443343 -0.3900144 -0.2596900 0.8823177
2474.650598 -0.2932197 0.1217721 -0.1850780 0.1059639 -0.4202337 -0.2272692 0.8720803
2475.095616 -0.2952675 0.1218440 -0.1896245 0.1288494 -0.4250412 -0.2156940 0.8696056
2475.438708 -0.2964222 0.1215517 -0.1936094 0.1442169 -0.4331465 -0.2073745 0.8652059
2476.924340 -0.3044780 0.1300150 -0.2046663 0.1446618 -0.4274281 -0.2060760 0.8682804
2477.024331 -0.3044826 0.1295205 -0.2045474 0.1454013 -0.4277729 -0.2054599 0.8681331
2477.774258 -0.3068755 0.1328010 -0.2102973 0.1358690 -0.4199077 -0.2107635 0.8722363
2478.574180 -0.3085045 0.1416551 -0.2094094 0.0850794 -0.4020972 -0.2369332 0.8803079
2478.824156 -0.3120161 0.1442758 -0.2108975 0.0679325 -0.3885169 -0.2480414 0.8848250
2479.824059 -0.3110128 0.1515168 -0.2112378 -0.0082234 -0.3579350 -0.2883299 0.8880770
2480.074035 -0.3101805 0.1542773 -0.2102907 -0.0249285 -0.3508110 -0.2971447 0.8877022
2480.573987 -0.3080273 0.1565309 -0.2089339 -0.0530301 -0.3358473 -0.3120108 0.8871548
2480.873958 -0.3080666 0.1563920 -0.2090913 -0.0616157 -0.3321427 -0.3164881 0.8864085
2481.773871 -0.3090279 0.1572872 -0.2094310 -0.0598061 -0.3354812 -0.3149485 0.8858234
