2444.927438 0.0000000 0.0000000 0.0000000 -0.0000000 -0.0000000 -0.0000000 1.0000000
2449.726974 -0.0154985 0.0020196 0.0024650 -0.0230379 -0.0236660 -0.0015949 0.9994532
2449.826964 -0.0157716 0.0020780 0.0027623 -0.0217688 -0.0258577 -0.0018550 0.9994268
2449.976949 -0.0177316 0.0017242 0.0023083 -0.0207120 -0.0282585 -0.0028568 0.9993820
2450.876862 -0.0310928 0.0010551 0.0024351 -0.0130417 -0.0506671 -0.0218921 0.9983905
2451.326819 -0.0383434 0.0012450 0.0022885 -0.0114274 -0.0624195 -0.0321655 0.9974661
2451.926760 -0.0479732 0.0018814 0.0023777 -0.0106115 -0.0797323 -0.0410379 0.9959147
2452.026751 -0.0493640 0.0019965 0.0022081 -0.0104221 -0.0821600 -0.0413645 0.9957058
2452.826673 -0.0653236 0.0031450 -0.0020646 -0.0038575 -0.1112696 -0.0509658 0.9924750
2453.026654 -0.0695940 0.0042496 -0.0025934 -0.0088469 -0.1234539 -0.0566676 0.9906915
2453.726586 -0.0763377 0.0048093 -0.0024871 -0.0080504 -0.1348152 -0.0673697 0.9885451
2455.576407 -0.1021892 0.0107520 -0.0064256 -0.0097899 -0.1764728 -0.1081138 0.9783010
2457.326238 -0.1286692 0.0185633 -0.0137124 -0.0182414 -0.2099247 -0.1464554 0.9665142
2457.576214 -0.1330047 0.0200643 -0.0156154 -0.0165734 -0.2192155 -0.1545869 0.9632097
2457.676204 -0.1350678 0.0207901 -0.0165248 -0.0158642 -0.2219069 -0.1586905 0.9619371
2457.826189 -0.1385857 0.0219207 -0.0187908 -0.0160352 -0.2276767 -0.1625716 0.9599358
2457.976175 -0.1417424 0.0219100 -0.0214390 -0.0162936 -0.2304974 -0.1662258 0.9586316
2458.026170 -0.1412971 0.0210188 -0.0225627 -0.0161864 -0.2317699 -0.1659702 0.9583708
2458.376136 -0.1479815 0.0261253 -0.0266351 -0.0020088 -0.2424201 -0.1750917 0.9542387
2458.526122 -0.1536469 0.0258444 -0.0307075 0.0058156 -0.2527698 -0.1773654 0.9511126
2458.626112 -0.1564199 0.0260308 -0.0318590 0.0104982 -0.2593086 -0.1784994 0.9490979
2458.880493 -0.1622081 0.0271789 -0.0372976 0.0267492 -0.2716984 -0.1818650 0.9446638
2459.136493 -0.1680207 0.0283417 -0.0416548 0.0463856 -0.2850635 -0.1832346 0.9396873
2459.489521 -0.1723203 0.0282788 -0.0458352 0.0727791 -0.2999873 -0.1820611 0.9335763
2459.846519 -0.1797307 0.0305003 -0.0515244 0.0955499 -0.3168482 -0.1840706 0.9255244
2460.198480 -0.1853829 0.0309597 -0.0550334 0.1194046 -0.3311917 -0.1810377 0.9183027
2460.701533 -0.1904387 0.0327104 -0.0605092 0.1381753 -0.3423240 -0.1798064 0.9118067
2461.352873 -0.2004074 0.0362864 -0.0689061 0.1611626 -0.3640230 -0.1814336 0.8992196
2462.451700 -0.2203877 0.0459344 -0.0849768 0.1971216 -0.3874781 -0.1752397 0.8833430
2463.551494 -0.2188039 0.0475729 -0.0871548 0.1935520 -0.4011612 -0.1757691 0.8779024
2463.950073 -0.2172743 0.0503939 -0.0894475 0.1950398 -0.4070958 -0.1747280 0.8750443
2465.381345 -0.2400959 0.0657964 -0.1145484 0.1975012 -0.4235863 -0.1786475 0.8658250
2465.925405 -0.2393492 0.0670460 -0.1158736 0.1764103 -0.4141637 -0.1892213 0.8726644
2466.025395 -0.2389396 0.0674224 -0.1163365 0.1700112 -0.4124522 -0.1920309 0.8741301
2466.125386 -0.2384956 0.0682366 -0.1170429 0.1646152 -0.4145664 -0.1944067 0.8736376
2466.375362 -0.2362582 0.0713015 -0.1199738 0.1454915 -0.4142211 -0.2036198 0.8750955
2467.475255 -0.2493849 0.0863836 -0.1277705 0.0911136 -0.3920724 -0.2359535 0.8844792
2468.175187 -0.2528189 0.0923357 -0.1315171 0.0688433 -0.3884619 -0.2482940 0.8847079
2468.275178 -0.2535562 0.0934693 -0.1326506 0.0652013 -0.3886544 -0.2501173 0.8843856
2469.275081 -0.2574074 0.1001328 -0.1382494 0.0408850 -0.3839451 -0.2626390 0.8842711
2470.179004 -0.2637846 0.1062437 -0.1456469 0.0252284 -0.3775622 -0.2712256 0.8850124
2470.995143 -0.2686201 0.1109006 -0.1523064 0.0223382 -0.3781514 -0.2722991 0.8845088
2471.704715 -0.2712081 0.1142353 -0.1568820 0.0206788 -0.3717170 -0.2737269 0.8868328
2472.306356 -0.2758961 0.1199467 -0.1614500 0.0088025 -0.3634223 -0.2804623 0.8883623
2472.955937 -0.2785175 0.1228114 -0.1662540 0.0077102 -0.3698100 -0.2800893 0.8858505
2473.504185 -0.2829572 0.1231461 -0.1723990 0.0402798 -0.3878990 -0.2630643 0.8824449
2473.752897 -0.2828689 0.1225307 -0.1747234 0.0549930 -0.3949053 -0.2550415 0.8808970
2474.252177 -0.2869250 0.1214250 -0.1800882 0.0851624 -0.4101792 -0.2391127 0.8759712
2476.624369 -0.2963296 0.1272253 -0.2000587 0.1390216 -0.4260895 -0.2096897 0.8689942
2476.974335 -0.2984252 0.1290842 -0.2042744 0.1453063 -0.4282740 -0.2064208 0.8676739
2477.224311 -0.2985103 0.1290524 -0.2042995 0.1495280 -0.4292129 -0.2038610 0.8670977
2477.524282 -0.2982158 0.1293541 -0.2051891 0.1480445 -0.4263530 -0.2041872 0.8686849
2478.174219 -0.3012211 0.1355136 -0.2077934 0.1145903 -0.4146409 -0.2221783 0.8749736
2478.574180 -0.3025403 0.1397000 -0.2090228 0.0852772 -0.4023951 -0.2375041 0.8799988
2479.074132 -0.3053842 0.1447081 -0.2103675 0.0492790 -0.3787750 -0.2591531 0.8870969
2479.824059 -0.3033564 0.1501263 -0.2085157 -0.0077217 -0.3593071 -0.2879398 0.8876539
2480.124030 -0.3030260 0.1520925 -0.2085572 -0.0276282 -0.3506939 -0.2990154 0.8870402
2480.424001 -0.3021552 0.1537854 -0.2070063 -0.0448297 -0.3405744 -0.3082102 0.8871335
2480.723972 -0.3015724 0.1544850 -0.2065058 -0.0583950 -0.3347865 -0.3153904 0.8860231
2481.723875 -0.3013094 0.1542218 -0.2065030 -0.0600260 -0.3363899 -0.3150785 0.8854176
