2469.975013 0.0000000 0.0000000 0.0000000 -0.0000000 -0.0000000 -0.0000000 1.0000000
2471.097089 -0.0100181 0.0004910 -0.0005568 -0.0035634 -0.0035978 -0.0000811 0.9999872
2471.197514 -0.0107199 0.0003660 -0.0007394 -0.0023240 -0.0038278 -0.0000397 0.9999900
2471.502878 -0.0124915 0.0005219 -0.0009256 -0.0033473 -0.0001232 -0.0000265 0.9999944
2471.654562 -0.0132775 0.0009854 -0.0008180 -0.0069295 0.0020341 -0.0002499 0.9999739
2472.455927 -0.0209722 0.0020199 -0.0008977 -0.0238653 0.0053995 -0.0015922 0.9996994
2472.555779 -0.0214646 0.0019424 -0.0010906 -0.0249828 0.0052667 -0.0016497 0.9996727
2473.105646 -0.0255897 0.0014588 -0.0017809 -0.0192080 -0.0026534 -0.0008976 0.9998116
2473.355662 -0.0279501 -0.0001775 -0.0025775 0.0036893 -0.0059926 0.0006754 0.9999750
2473.405519 -0.0284705 -0.0004295 -0.0025810 0.0075644 -0.0062482 0.0006792 0.9999517
2474.053085 -0.0319595 -0.0034307 -0.0041749 0.0566974 -0.0121393 0.0034980 0.9983115
2475.095616 -0.0388520 -0.0064982 -0.0070619 0.1247294 -0.0211664 0.0059737 0.9919471
2475.145394 -0.0394529 -0.0066203 -0.0069016 0.1294024 -0.0218891 0.0061438 0.9913315
2476.474384 -0.0498120 -0.0060646 -0.0082219 0.1324237 -0.0175088 0.0074917 0.9910102
2476.574374 -0.0497096 -0.0061896 -0.0081801 0.1350995 -0.0178572 0.0078308 0.9906402
2476.674364 -0.0510701 -0.0070449 -0.0081421 0.1380751 -0.0186772 0.0081253 0.9902123
2476.924340 -0.0514012 -0.0072061 -0.0089838 0.1431543 -0.0197301 0.0092591 0.9894604
2477.974239 -0.0585071 -0.0068410 -0.0113835 0.1185434 -0.0123585 0.0081188 0.9928388
2478.474190 -0.0608036 -0.0031751 -0.0087577 0.0821563 -0.0094631 0.0066192 0.9965526
2478.774161 -0.0637964 -0.0020107 -0.0082331 0.0525590 -0.0010312 0.0040077 0.9986092
2479.374103 -0.0652971 -0.0003960 -0.0087817 -0.0052250 0.0064647 -0.0013259 0.9999646
2480.523992 -0.0664545 -0.0004646 -0.0098502 -0.0990958 0.0137933 -0.0089054 0.9949425
2481.173929 -0.0664719 -0.0001293 -0.0097503 -0.1107341 0.0152192 -0.0106692 0.9936762
2481.923856 -0.0672312 -0.0001499 -0.0116683 -0.1074390 0.0109615 -0.0095160 0.9941057
