2469.725037 0.0000000 0.0000000 0.0000000 -0.0000000 -0.0000000 -0.0000000 1.0000000
2471.147519 -0.0210358 -0.0014585 -0.0024527 -0.0099185 -0.0001124 -0.0012797 0.9999500
2471.553643 -0.0221479 -0.0013030 -0.0035952 -0.0129165 0.0050350 -0.0008257 0.9999036
2471.704715 -0.0223415 -0.0017772 -0.0039116 -0.0157802 0.0047391 -0.0005964 0.9998641
2472.206050 -0.0246020 -0.0025072 -0.0063633 -0.0315668 0.0082384 -0.0003591 0.9994676
2472.955937 -0.0378953 -0.0014168 -0.0062784 -0.0305924 0.0026814 -0.0016439 0.9995270
2473.055789 -0.0389463 -0.0014616 -0.0063942 -0.0287973 0.0009568 -0.0014412 0.9995838
2473.205498 -0.0405038 -0.0019497 -0.0067901 -0.0211376 -0.0019721 -0.0007280 0.9997744
2473.355662 -0.0427664 -0.0042938 -0.0075897 -0.0039492 -0.0036634 0.0003839 0.9999855
2473.405519 -0.0436766 -0.0043037 -0.0077778 0.0001463 -0.0037571 0.0003527 0.9999929
2474.003090 -0.0473540 -0.0080665 -0.0098794 0.0475873 -0.0104178 0.0030289 0.9988081
2476.129395 -0.0690955 -0.0150902 -0.0195956 0.1331341 -0.0213289 0.0073658 0.9908412
2476.229050 -0.0705874 -0.0152483 -0.0190566 0.1297119 -0.0194882 0.0072713 0.9913335
2476.574374 -0.0732168 -0.0147364 -0.0191803 0.1268263 -0.0155314 0.0078273 0.9917725
2476.624369 -0.0731720 -0.0145170 -0.0194180 0.1280002 -0.0161261 0.0080731 0.9916102
2476.674364 -0.0733096 -0.0146328 -0.0192593 0.1304309 -0.0170422 0.0081802 0.9912772
2476.824350 -0.0753590 -0.0147346 -0.0208611 0.1334712 -0.0177479 0.0083626 0.9908585
2476.924340 -0.0759216 -0.0146088 -0.0212473 0.1355581 -0.0173383 0.0088094 0.9905785
2477.124321 -0.0768739 -0.0145817 -0.0209901 0.1387332 -0.0167407 0.0088780 0.9901485
2477.424292 -0.0788023 -0.0145919 -0.0206619 0.1419792 -0.0145442 0.0090416 0.9897215
2477.574277 -0.0793164 -0.0148711 -0.0204527 0.1370392 -0.0139598 0.0088533 0.9904277
2479.224118 -0.0964640 -0.0083009 -0.0227465 0.0010678 0.0082923 -0.0007440 0.9999648
2479.774064 -0.0984925 -0.0015104 -0.0185508 -0.0456296 0.0096740 -0.0035197 0.9989054
2480.224021 -0.1005150 0.0010161 -0.0199350 -0.0831734 0.0139348 -0.0069315 0.9964135
2481.123934 -0.0948104 0.0049109 -0.0192143 -0.1130585 0.0166816 -0.0091903 0.9934058
2481.323914 -0.0976454 0.0044198 -0.0195245 -0.1151842 0.0178110 -0.0091906 0.9931419
