2469.725037 0.0000000 0.0000000 0.0000000 -0.0000000 -0.0000000 -0.0000000 1.0000000
2471.147519 -0.0226106 -0.0013608 -0.0019655 -0.0099462 0.0000551 -0.0015254 0.9999494
2471.553643 -0.0235299 -0.0010739 -0.0028205 -0.0129512 0.0050865 -0.0011039 0.9999026
2471.704715 -0.0240778 -0.0017234 -0.0036150 -0.0157906 0.0049113 -0.0010144 0.9998627
2472.106039 -0.0254837 -0.0020940 -0.0050422 -0.0286729 0.0079038 -0.0007897 0.9995573
2472.206050 -0.0263363 -0.0025004 -0.0060893 -0.0315636 0.0083402 -0.0007392 0.9994667
2473.055789 -0.0405592 -0.0012479 -0.0062730 -0.0287182 0.0007215 -0.0015711 0.9995860
2473.205498 -0.0435312 -0.0025303 -0.0065956 -0.0215241 -0.0016479 -0.0013036 0.9997661
2473.355662 -0.0439045 -0.0029308 -0.0073931 -0.0032861 -0.0042311 0.0002529 0.9999856
2473.504185 -0.0441559 -0.0037339 -0.0081116 0.0102868 -0.0067269 0.0012595 0.9999237
2474.102764 -0.0501107 -0.0092271 -0.0106320 0.0552263 -0.0116416 0.0034953 0.9983999
2475.438708 -0.0654566 -0.0163721 -0.0179110 0.1359650 -0.0231950 0.0065846 0.9904202
2476.029050 -0.0704092 -0.0155923 -0.0193706 0.1381178 -0.0234887 0.0077088 0.9901072
2476.424389 -0.0752546 -0.0152596 -0.0196196 0.1256923 -0.0172518 0.0074331 0.9918914
2476.574374 -0.0773503 -0.0150967 -0.0191549 0.1269999 -0.0158272 0.0078522 0.9917454
2476.624369 -0.0791696 -0.0148844 -0.0192547 0.1281369 -0.0158499 0.0076653 0.9916002
2476.724360 -0.0797028 -0.0147908 -0.0199447 0.1311308 -0.0171086 0.0081896 0.9911836
2476.874345 -0.0812960 -0.0152919 -0.0203076 0.1344663 -0.0173215 0.0083092 0.9907320
2476.974335 -0.0815701 -0.0150074 -0.0205553 0.1358117 -0.0173257 0.0084419 0.9905472
2477.074326 -0.0814460 -0.0151109 -0.0203561 0.1371970 -0.0167716 0.0088665 0.9903621
2477.324302 -0.0815631 -0.0149358 -0.0205855 0.1412083 -0.0161152 0.0089828 0.9898080
2477.674268 -0.0813106 -0.0152981 -0.0203820 0.1321996 -0.0143159 0.0085368 0.9910830
2478.274210 -0.0854727 -0.0186900 -0.0265858 0.0885642 -0.0109217 0.0063315 0.9959905
2478.424195 -0.0875525 -0.0192817 -0.0289388 0.0769637 -0.0098949 0.0064515 0.9969639
2479.674074 -0.1013742 -0.0041641 -0.0209900 -0.0373711 0.0075695 -0.0027213 0.9992691
2479.774064 -0.1015140 -0.0034058 -0.0214804 -0.0463920 0.0087882 -0.0033666 0.9988790
2479.924050 -0.1037709 -0.0027942 -0.0220251 -0.0625010 0.0112363 -0.0053458 0.9979674
2481.123934 -0.0999279 -0.0006992 -0.0216125 -0.1150318 0.0166658 -0.0087856 0.9931831
2481.573890 -0.1006137 -0.0004993 -0.0207175 -0.1159753 0.0154706 -0.0092364 0.9930887
2481.873861 -0.1016816 0.0030850 -0.0186483 -0.1120417 0.0131333 -0.0086018 0.9935795
