2469.725037 0.0000000 0.0000000 0.0000000 -0.0000000 -0.0000000 -0.0000000 1.0000000
2470.943687 -0.0149213 0.0010295 -0.0012921 -0.0109921 -0.0008129 -0.0004242 0.9999392
2471.046304 -0.0155642 0.0009773 -0.0011739 -0.0103071 -0.0015751 -0.0004281 0.9999456
2472.055886 -0.0263049 0.0024457 -0.0016198 -0.0242516 0.0074711 -0.0013271 0.9996771
2472.555779 -0.0317394 0.0023862 -0.0020927 -0.0311120 0.0073703 -0.0019021 0.9994870
2472.605932 -0.0324488 0.0023408 -0.0023820 -0.0302005 0.0067485 -0.0019404 0.9995192
2473.255651 -0.0392171 0.0012146 -0.0034374 -0.0144963 -0.0027875 -0.0003632 0.9998910
2473.405519 -0.0411198 -0.0004459 -0.0041215 0.0016182 -0.0041909 0.0005369 0.9999897
2473.802477 -0.0436506 -0.0031425 -0.0055232 0.0324391 -0.0085645 0.0023812 0.9994342
2474.053085 -0.0459555 -0.0041097 -0.0058859 0.0508271 -0.0100281 0.0030838 0.9986524
2474.550607 -0.0520975 -0.0071127 -0.0077813 0.0868027 -0.0208518 0.0042928 0.9959980
2474.997107 -0.0539809 -0.0093466 -0.0101175 0.1148339 -0.0199000 0.0052665 0.9931714
2476.474384 -0.0693875 -0.0094822 -0.0122931 0.1260379 -0.0158486 0.0071266 0.9918733
2476.574374 -0.0703108 -0.0093616 -0.0130072 0.1287646 -0.0157759 0.0074657 0.9915216
2476.724360 -0.0725388 -0.0098443 -0.0124696 0.1325606 -0.0168626 0.0079302 0.9909998
2476.824350 -0.0734980 -0.0108530 -0.0137057 0.1347072 -0.0174319 0.0079884 0.9906999
2476.924340 -0.0745516 -0.0107695 -0.0137066 0.1367939 -0.0168249 0.0082430 0.9904224
2477.024331 -0.0746371 -0.0109577 -0.0141463 0.1376829 -0.0168196 0.0082611 0.9902991
2477.474287 -0.0772991 -0.0107415 -0.0145338 0.1419156 -0.0135490 0.0088315 0.9897466
2478.574180 -0.0868537 -0.0046802 -0.0105895 0.0651301 -0.0053422 0.0061021 0.9978439
2479.674074 -0.0928908 0.0012875 -0.0111047 -0.0357457 0.0078707 -0.0025661 0.9993266
2480.224021 -0.0930382 0.0066765 -0.0101405 -0.0812047 0.0126131 -0.0064786 0.9965966
2481.373909 -0.0933493 0.0113288 -0.0093518 -0.1116525 0.0177245 -0.0090444 0.9935481
2481.623885 -0.0935828 0.0087938 -0.0094990 -0.1113963 0.0157905 -0.0086487 0.9936130
