2461.752795 0.0000000 0.0000000 0.0000000 -0.0000000 -0.0000000 -0.0000000 1.0000000
2463.701124 -0.0159476 -0.0012077 -0.0005726 0.0267666 -0.0218813 0.0015986 0.9994009
2463.751119 -0.0159839 -0.0013319 -0.0001334 0.0274340 -0.0227012 0.0016904 0.9993644
2463.801115 -0.0157940 -0.0012757 -0.0003585 0.0283423 -0.0237243 0.0020494 0.9993146
2465.477859 -0.0364306 -0.0006516 -0.0049733 0.0304738 -0.0446606 0.0002140 0.9985373
2465.525819 -0.0364509 -0.0006163 -0.0049807 0.0281698 -0.0439108 0.0000165 0.9986383
2465.825415 -0.0367645 -0.0003848 -0.0055025 0.0146651 -0.0407117 -0.0011157 0.9990627
2466.075391 -0.0371220 0.0001217 -0.0065944 0.0000020 -0.0395449 -0.0020660 0.9992157
2466.175381 -0.0368016 -0.0002917 -0.0061314 -0.0070004 -0.0440103 -0.0016846 0.9990051
2469.775032 -0.0699373 0.0081731 -0.0111107 -0.1591651 -0.0422184 -0.0212206 0.9861206
2469.875023 -0.0704681 0.0084105 -0.0114101 -0.1611885 -0.0407111 -0.0216122 0.9858468
2470.635558 -0.0781106 0.0079076 -0.0122262 -0.1707851 -0.0382984 -0.0239777 0.9842717
2470.943687 -0.0783528 0.0077244 -0.0133178 -0.1696018 -0.0447012 -0.0213767 0.9842663
2471.400873 -0.0823354 0.0080541 -0.0135114 -0.1662840 -0.0437748 -0.0214907 0.9848714
2472.706080 -0.0928870 0.0094204 -0.0154672 -0.1877989 -0.0379340 -0.0251106 0.9811534
2472.955937 -0.0942677 0.0091197 -0.0158569 -0.1870513 -0.0400075 -0.0244229 0.9812313
2473.255651 -0.0966029 0.0083902 -0.0162256 -0.1728261 -0.0452422 -0.0220697 0.9836652
2473.802477 -0.0995760 0.0054201 -0.0169390 -0.1266248 -0.0516251 -0.0162707 0.9904727
2474.053085 -0.1016191 0.0041278 -0.0173734 -0.1087291 -0.0528524 -0.0145847 0.9925583
2475.095616 -0.1076616 0.0003583 -0.0194361 -0.0412432 -0.0626606 -0.0072322 0.9971561
2475.438708 -0.1098054 -0.0002129 -0.0207891 -0.0216542 -0.0671545 -0.0050387 0.9974949
2476.524379 -0.1180294 -0.0004745 -0.0221407 -0.0340947 -0.0581282 -0.0060830 0.9977082
2476.624369 -0.1189725 -0.0006561 -0.0225192 -0.0301639 -0.0591947 -0.0058429 0.9977735
2476.824350 -0.1189959 -0.0006794 -0.0227287 -0.0246583 -0.0611908 -0.0041586 0.9978128
2477.024331 -0.1191838 -0.0005251 -0.0230609 -0.0215047 -0.0607971 -0.0037005 0.9979116
2477.624272 -0.1207128 -0.0004601 -0.0235709 -0.0226521 -0.0577336 -0.0039466 0.9980672
2477.724263 -0.1206251 -0.0003521 -0.0238206 -0.0293688 -0.0565934 -0.0047267 0.9979541
2477.974239 -0.1223380 0.0008544 -0.0227607 -0.0461393 -0.0547309 -0.0065679 0.9974129
2479.024137 -0.1310929 0.0038480 -0.0254626 -0.1371889 -0.0355546 -0.0200585 0.9897034
2479.674074 -0.1311780 0.0087764 -0.0253101 -0.1924927 -0.0349069 -0.0257330 0.9803397
2479.774064 -0.1320339 0.0093661 -0.0254636 -0.2012095 -0.0331108 -0.0277585 0.9785948
2480.424001 -0.1310288 0.0109169 -0.0260853 -0.2503695 -0.0271661 -0.0349530 0.9671378
2481.123934 -0.1316858 0.0109157 -0.0268230 -0.2672985 -0.0242719 -0.0376250 0.9625730
2481.873861 -0.1322645 0.0117380 -0.0256252 -0.2658296 -0.0280394 -0.0366560 0.9629148
