2469.725037 0.0000000 0.0000000 0.0000000 -0.0000000 -0.0000000 -0.0000000 1.0000000
2471.400873 -0.0208509 0.0002598 -0.0021614 -0.0079742 -0.0010683 -0.0002579 0.9999676
2471.502878 -0.0215791 0.0005465 -0.0021280 -0.0094530 0.0016091 -0.0003432 0.9999540
2471.553643 -0.0226810 0.0006825 -0.0021668 -0.0121815 0.0042112 -0.0007929 0.9999166
2471.804883 -0.0249081 0.0011839 -0.0024320 -0.0174837 0.0049596 -0.0009141 0.9998345
2472.106039 -0.0293678 0.0018857 -0.0022116 -0.0270860 0.0089132 -0.0016384 0.9995920
2472.955937 -0.0400266 0.0022268 -0.0036282 -0.0292408 0.0018278 -0.0017186 0.9995693
2473.355662 -0.0458120 -0.0011875 -0.0055183 -0.0026866 -0.0043117 0.0002539 0.9999871
2473.653795 -0.0485162 -0.0031684 -0.0062679 0.0244956 -0.0087292 0.0016415 0.9996605
2473.903416 -0.0499030 -0.0047207 -0.0076018 0.0397292 -0.0096725 0.0026337 0.9991602
2474.053085 -0.0521584 -0.0062443 -0.0084903 0.0503294 -0.0104578 0.0030384 0.9986733
2475.046588 -0.0617168 -0.0113343 -0.0128265 0.1151821 -0.0190444 0.0057149 0.9931454
2475.245739 -0.0655908 -0.0129115 -0.0147226 0.1261514 -0.0237525 0.0055715 0.9917110
2476.129395 -0.0755973 -0.0129290 -0.0170534 0.1345012 -0.0218313 0.0069363 0.9906486
2476.624369 -0.0797707 -0.0121805 -0.0164769 0.1294405 -0.0169172 0.0076989 0.9914130
2476.924340 -0.0825423 -0.0128776 -0.0184626 0.1365681 -0.0180603 0.0083001 0.9904313
2477.074326 -0.0826278 -0.0125157 -0.0176236 0.1383953 -0.0177406 0.0084070 0.9901825
2477.474287 -0.0843528 -0.0124291 -0.0179040 0.1421457 -0.0152836 0.0087784 0.9896888
2477.624272 -0.0890350 -0.0144057 -0.0192455 0.1359725 -0.0145113 0.0079979 0.9905741
2479.374103 -0.1071275 -0.0002880 -0.0141620 -0.0110186 0.0080349 -0.0015878 0.9999058
2479.774064 -0.1068900 0.0025424 -0.0170120 -0.0443731 0.0080259 -0.0041849 0.9989740
2479.924050 -0.1075201 0.0049363 -0.0160602 -0.0593975 0.0099135 -0.0055982 0.9981695
2480.124030 -0.1055136 0.0093871 -0.0152104 -0.0708384 0.0092998 -0.0067957 0.9974213
2480.773967 -0.1050046 0.0083178 -0.0147742 -0.1112963 0.0147370 -0.0105974 0.9936215
2481.223924 -0.1054854 0.0078142 -0.0146181 -0.1138570 0.0159765 -0.0111140 0.9933065
2481.623885 -0.1045730 0.0080049 -0.0142264 -0.1117772 0.0134634 -0.0102307 0.9935895
