2469.725037 0.0000000 0.0000000 0.0000000 -0.0000000 -0.0000000 -0.0000000 1.0000000
2471.247509 -0.0206069 -0.0000855 -0.0024633 -0.0081385 -0.0019422 -0.0001811 0.9999650
2471.349495 -0.0208336 0.0004045 -0.0022955 -0.0075611 -0.0020460 -0.0000387 0.9999694
2471.904874 -0.0278408 0.0008737 -0.0028592 -0.0219409 0.0055194 -0.0011766 0.9997433
2472.155896 -0.0323225 0.0027013 -0.0024893 -0.0290793 0.0106221 -0.0018874 0.9995189
2472.206050 -0.0331930 0.0025548 -0.0027161 -0.0296944 0.0098470 -0.0019188 0.9995087
2473.005933 -0.0436070 0.0017272 -0.0041250 -0.0271441 0.0004586 -0.0016129 0.9996302
2473.355662 -0.0480686 -0.0014199 -0.0058219 -0.0027782 -0.0045743 0.0003417 0.9999856
2473.454862 -0.0491810 -0.0018464 -0.0058108 0.0065139 -0.0054403 0.0007771 0.9999637
2473.504185 -0.0497626 -0.0024257 -0.0063973 0.0106742 -0.0066062 0.0009487 0.9999208
2473.653795 -0.0511723 -0.0031773 -0.0069203 0.0245842 -0.0089745 0.0016505 0.9996561
2473.852650 -0.0525827 -0.0044049 -0.0074390 0.0371209 -0.0096451 0.0024078 0.9992613
2475.145394 -0.0665574 -0.0133202 -0.0144295 0.1226914 -0.0206935 0.0062343 0.9922096
2475.881415 -0.0769683 -0.0142692 -0.0175729 0.1454414 -0.0220763 0.0073277 0.9890934
2476.524379 -0.0818568 -0.0120548 -0.0180693 0.1256627 -0.0164401 0.0077334 0.9919066
2476.624369 -0.0852126 -0.0126172 -0.0171947 0.1294737 -0.0168969 0.0076527 0.9914094
2476.974335 -0.0861250 -0.0121784 -0.0180926 0.1372126 -0.0186903 0.0084076 0.9903296
2477.074326 -0.0885743 -0.0127154 -0.0162389 0.1384718 -0.0174899 0.0085287 0.9901752
2477.224311 -0.0882835 -0.0130776 -0.0167773 0.1420527 -0.0179839 0.0084175 0.9896600
2477.624272 -0.0915678 -0.0122406 -0.0158956 0.1367431 -0.0151774 0.0086259 0.9904527
2479.174122 -0.1092905 -0.0041330 -0.0183823 0.0080835 0.0058582 0.0014909 0.9999490
2479.674074 -0.1109740 0.0029923 -0.0175937 -0.0353645 0.0064328 -0.0038474 0.9993464
2480.124030 -0.1120752 0.0121081 -0.0152988 -0.0701198 0.0098502 -0.0068777 0.9974663
2480.623982 -0.1121818 0.0129818 -0.0138725 -0.1058327 0.0152891 -0.0101342 0.9942148
2480.773967 -0.1096913 0.0102063 -0.0128866 -0.1110316 0.0145242 -0.0102431 0.9936579
2481.673880 -0.1084667 0.0106408 -0.0144524 -0.1108797 0.0125947 -0.0106702 0.9936967
