2469.725037 0.0000000 0.0000000 0.0000000 -0.0000000 -0.0000000 -0.0000000 1.0000000
2470.995143 -0.0173257 0.0005457 -0.0017373 -0.0107850 -0.0010306 -0.0005635 0.9999412
2471.097089 -0.0180243 0.0004904 -0.0020111 -0.0096407 -0.0013014 -0.0004793 0.9999526
2471.604231 -0.0223857 0.0009716 -0.0024108 -0.0143284 0.0051774 -0.0007111 0.9998837
2472.055886 -0.0292173 0.0022692 -0.0026647 -0.0243765 0.0079356 -0.0014299 0.9996703
2472.206050 -0.0309611 0.0024869 -0.0023648 -0.0295921 0.0105591 -0.0017723 0.9995047
2472.356351 -0.0336549 0.0024804 -0.0029270 -0.0303385 0.0092751 -0.0021633 0.9994943
2472.706080 -0.0369291 0.0026304 -0.0028491 -0.0300731 0.0047478 -0.0018934 0.9995347
2473.255651 -0.0429502 0.0009415 -0.0044508 -0.0145094 -0.0025790 -0.0005540 0.9998913
2473.405519 -0.0453615 -0.0008847 -0.0050173 0.0015031 -0.0038361 0.0003787 0.9999915
2473.802477 -0.0479193 -0.0038641 -0.0065809 0.0323828 -0.0083286 0.0022674 0.9994383
2474.152601 -0.0519426 -0.0061292 -0.0073993 0.0581298 -0.0112646 0.0032351 0.9982402
2475.342530 -0.0638734 -0.0109242 -0.0118719 0.1299604 -0.0233057 0.0056144 0.9912294
2475.687479 -0.0666316 -0.0125864 -0.0135991 0.1468733 -0.0219276 0.0067576 0.9888892
2476.029050 -0.0724434 -0.0121943 -0.0139867 0.1393184 -0.0221716 0.0067079 0.9899767
2476.474384 -0.0763720 -0.0101171 -0.0130445 0.1261278 -0.0153536 0.0068400 0.9918717
2476.574374 -0.0765216 -0.0107972 -0.0134146 0.1285824 -0.0155350 0.0073125 0.9915502
2476.724360 -0.0784776 -0.0111261 -0.0129845 0.1325087 -0.0168199 0.0077894 0.9910086
2476.824350 -0.0796238 -0.0112681 -0.0135254 0.1349607 -0.0173741 0.0079051 0.9906671
2476.924340 -0.0798517 -0.0111753 -0.0136557 0.1370190 -0.0170865 0.0080734 0.9903882
2477.024331 -0.0802235 -0.0112703 -0.0136169 0.1380085 -0.0170619 0.0084332 0.9902482
2477.374297 -0.0807675 -0.0110086 -0.0139580 0.1436526 -0.0156257 0.0089288 0.9894646
2478.124224 -0.0901657 -0.0100870 -0.0146064 0.1019300 -0.0097700 0.0061818 0.9947244
2479.574084 -0.1015030 0.0010411 -0.0118938 -0.0301167 0.0077981 -0.0025389 0.9995128
2479.874055 -0.1028012 0.0029118 -0.0146379 -0.0546543 0.0108453 -0.0053422 0.9984322
2480.673977 -0.1009851 0.0101012 -0.0115723 -0.1084215 0.0160508 -0.0092992 0.9939319
2480.923953 -0.1010925 0.0108989 -0.0110266 -0.1122818 0.0164818 -0.0087264 0.9935014
2481.673880 -0.1002914 0.0076404 -0.0131362 -0.1121378 0.0144371 -0.0084471 0.9935519
