2469.725037 0.0000000 0.0000000 0.0000000 -0.0000000 -0.0000000 -0.0000000 1.0000000
2471.400873 -0.0213839 0.0007960 -0.0019275 -0.0077811 -0.0009790 -0.0002171 0.9999692
2471.502878 -0.0218486 0.0005523 -0.0022095 -0.0094638 0.0015907 -0.0001399 0.9999540
2471.704715 -0.0248402 0.0013282 -0.0021537 -0.0145403 0.0045804 -0.0007065 0.9998836
2471.804883 -0.0254598 0.0017822 -0.0022526 -0.0172352 0.0049877 -0.0008446 0.9998387
2472.455927 -0.0362774 0.0030242 -0.0025657 -0.0299122 0.0074300 -0.0020533 0.9995228
2472.755937 -0.0393250 0.0029141 -0.0029617 -0.0309212 0.0043482 -0.0018984 0.9995106
2473.205498 -0.0449447 0.0017185 -0.0043977 -0.0197734 -0.0022111 -0.0007794 0.9998018
2473.405519 -0.0473468 -0.0006147 -0.0052545 0.0016527 -0.0044836 0.0003285 0.9999886
2473.653795 -0.0493539 -0.0026279 -0.0062352 0.0247876 -0.0085665 0.0018756 0.9996543
2473.703475 -0.0497023 -0.0029101 -0.0063727 0.0262012 -0.0086513 0.0021601 0.9996169
2474.997107 -0.0622019 -0.0114485 -0.0129459 0.1147406 -0.0201636 0.0056521 0.9931747
2475.145394 -0.0636198 -0.0129220 -0.0130658 0.1226453 -0.0204763 0.0064012 0.9922187
2475.930244 -0.0748150 -0.0131619 -0.0153879 0.1447300 -0.0229225 0.0076207 0.9891763
2476.129395 -0.0774071 -0.0125007 -0.0158847 0.1346882 -0.0213330 0.0071319 0.9906327
2476.624369 -0.0813876 -0.0125344 -0.0163744 0.1293206 -0.0164401 0.0079293 0.9914349
2476.724360 -0.0822526 -0.0124596 -0.0162103 0.1322331 -0.0175460 0.0081423 0.9910299
2476.924340 -0.0854935 -0.0134894 -0.0172968 0.1364482 -0.0171861 0.0085429 0.9904613
2477.074326 -0.0862192 -0.0132989 -0.0171303 0.1382233 -0.0166071 0.0087189 0.9902235
2477.624272 -0.0901909 -0.0135648 -0.0167023 0.1361417 -0.0140377 0.0086197 0.9905524
2477.674268 -0.0900380 -0.0132967 -0.0168136 0.1329463 -0.0136163 0.0087442 0.9909911
2479.524088 -0.1099830 -0.0018434 -0.0165490 -0.0247730 0.0076224 -0.0012536 0.9996632
2479.924050 -0.1085257 0.0013146 -0.0106131 -0.0610704 0.0105919 -0.0039357 0.9980695
2480.074035 -0.1079836 0.0061403 -0.0139630 -0.0690539 0.0103456 -0.0054100 0.9975446
2480.473997 -0.1095835 0.0098670 -0.0134886 -0.0962585 0.0153147 -0.0086436 0.9952011
2480.623982 -0.1088274 0.0083733 -0.0150211 -0.1073929 0.0159179 -0.0097845 0.9940411
2480.773967 -0.1081309 0.0093489 -0.0137718 -0.1110996 0.0158172 -0.0100398 0.9936327
