2444.927438 0.0000000 0.0000000 0.0000000 -0.0000000 -0.0000000 -0.0000000 1.0000000
2449.776969 -0.0159159 0.0020684 0.0024409 -0.0222337 -0.0247086 -0.0017424 0.9994459
2449.826964 -0.0160455 0.0022829 0.0026880 -0.0215870 -0.0258885 -0.0017712 0.9994302
2449.976949 -0.0181344 0.0025776 0.0028125 -0.0202096 -0.0282742 -0.0029172 0.9993917
2450.226925 -0.0215343 0.0027005 0.0031012 -0.0194644 -0.0343442 -0.0060038 0.9992025
2450.276920 -0.0216775 0.0025360 0.0035702 -0.0178140 -0.0357621 -0.0073773 0.9991744
2450.676882 -0.0282459 0.0022872 0.0034105 -0.0131898 -0.0466033 -0.0186803 0.9986517
2451.276823 -0.0382012 0.0026007 0.0035052 -0.0111661 -0.0610749 -0.0308761 0.9975930
2451.426809 -0.0404973 0.0026028 0.0036608 -0.0109958 -0.0650815 -0.0328956 0.9972770
2451.676785 -0.0452431 0.0028053 0.0032915 -0.0112537 -0.0719970 -0.0373279 0.9966426
2452.426712 -0.0538850 0.0037204 0.0027066 -0.0040774 -0.0899054 -0.0454955 0.9949023
2452.576698 -0.0575933 0.0034234 0.0015785 -0.0027894 -0.0954346 -0.0468923 0.9943267
2452.976659 -0.0702979 0.0050747 -0.0020229 -0.0067690 -0.1202506 -0.0559105 0.9911448
2454.676494 -0.0879214 0.0084388 -0.0020187 -0.0077515 -0.1521797 -0.0847768 0.9846797
2455.126451 -0.0945291 0.0096292 -0.0032469 -0.0083918 -0.1667353 -0.0963735 0.9812447
2455.676397 -0.1053931 0.0122643 -0.0056685 -0.0100007 -0.1776707 -0.1099784 0.9778742
2455.976368 -0.1094333 0.0127596 -0.0065431 -0.0100322 -0.1815650 -0.1144653 0.9766428
2456.676301 -0.1167798 0.0152772 -0.0082948 -0.0136698 -0.1896613 -0.1317057 0.9728799
2456.826286 -0.1199597 0.0165154 -0.0091128 -0.0154392 -0.1940423 -0.1344312 0.9716159
2457.476223 -0.1340630 0.0213718 -0.0133154 -0.0161086 -0.2145802 -0.1507089 0.9648744
2457.676204 -0.1378734 0.0223641 -0.0156824 -0.0152500 -0.2211616 -0.1588521 0.9620920
2457.826189 -0.1411803 0.0237892 -0.0171788 -0.0152728 -0.2271940 -0.1628788 0.9600105
2457.976175 -0.1442696 0.0243438 -0.0194794 -0.0153940 -0.2299038 -0.1668332 0.9586834
2458.226151 -0.1483009 0.0257640 -0.0211951 -0.0089512 -0.2352377 -0.1722737 0.9565066
2458.376136 -0.1517512 0.0282091 -0.0242900 -0.0015325 -0.2418089 -0.1755030 0.9543191
2458.476126 -0.1556522 0.0281193 -0.0261820 0.0052047 -0.2495854 -0.1776517 0.9519033
2458.780107 -0.1632315 0.0299080 -0.0320500 0.0206054 -0.2675204 -0.1809397 0.9461866
2458.929619 -0.1663408 0.0314850 -0.0337874 0.0308247 -0.2739170 -0.1826869 0.9437398
2458.980345 -0.1677769 0.0305972 -0.0353010 0.0347056 -0.2769887 -0.1829671 0.9426536
2459.187575 -0.1713347 0.0316351 -0.0378664 0.0517382 -0.2874688 -0.1835177 0.9386193
2459.337284 -0.1735373 0.0321975 -0.0399283 0.0634691 -0.2941617 -0.1822215 0.9360747
2459.997887 -0.1844178 0.0345182 -0.0483428 0.1069116 -0.3234794 -0.1831491 0.9221646
2460.348683 -0.1897172 0.0351451 -0.0529275 0.1258241 -0.3339341 -0.1817931 0.9163010
2460.701533 -0.1926720 0.0354269 -0.0562042 0.1386710 -0.3425827 -0.1798165 0.9116324
2463.451307 -0.2252681 0.0529612 -0.0837468 0.1939730 -0.3985996 -0.1769354 0.8787416
2463.651129 -0.2245898 0.0533819 -0.0839743 0.1952501 -0.4029064 -0.1759018 0.8766997
2465.875410 -0.2448022 0.0746312 -0.1107220 0.1807418 -0.4150385 -0.1879470 0.8716372
2465.925405 -0.2447547 0.0746649 -0.1107640 0.1784145 -0.4138103 -0.1894788 0.8723687
2465.975400 -0.2447911 0.0745753 -0.1108005 0.1750962 -0.4124181 -0.1910920 0.8733479
2466.225376 -0.2427233 0.0756889 -0.1156921 0.1597151 -0.4158263 -0.1978311 0.8731796
2466.325366 -0.2426233 0.0758610 -0.1157298 0.1522126 -0.4156817 -0.2015897 0.8737286
2466.425357 -0.2427879 0.0760806 -0.1159602 0.1436133 -0.4117672 -0.2062006 0.8759590
2468.125192 -0.2551926 0.0945671 -0.1295455 0.0713497 -0.3869808 -0.2484022 0.8851280
2468.875119 -0.2590058 0.0965278 -0.1359850 0.0495840 -0.3814384 -0.2598819 0.8857243
2469.225086 -0.2608286 0.1030116 -0.1352483 0.0429195 -0.3830404 -0.2627013 0.8845485
2469.425066 -0.2616218 0.1036408 -0.1377736 0.0386967 -0.3828578 -0.2648576 0.8841793
2470.127132 -0.2664424 0.1105412 -0.1404472 0.0262839 -0.3770579 -0.2712272 0.8851963
2471.147519 -0.2724555 0.1166995 -0.1489054 0.0250697 -0.3787459 -0.2716081 0.8843936
2471.604231 -0.2735308 0.1179683 -0.1510753 0.0219675 -0.3716684 -0.2736003 0.8868613
2471.904874 -0.2755305 0.1199500 -0.1538920 0.0159767 -0.3685100 -0.2769887 0.8872555
2473.055789 -0.2823200 0.1276384 -0.1633370 0.0097949 -0.3714748 -0.2794145 0.8853463
2473.305508 -0.2842398 0.1271833 -0.1662456 0.0240184 -0.3798723 -0.2716481 0.8839273
2473.553627 -0.2861516 0.1262861 -0.1694699 0.0458604 -0.3906561 -0.2606147 0.8816828
2473.653795 -0.2868052 0.1265161 -0.1696050 0.0521451 -0.3934726 -0.2571837 0.8810884
2474.252177 -0.2895998 0.1256751 -0.1756783 0.0861142 -0.4101970 -0.2392410 0.8758348
2475.195171 -0.2943047 0.1258385 -0.1875706 0.1367252 -0.4297815 -0.2135065 0.8666078
2475.438708 -0.2946469 0.1259996 -0.1882928 0.1458755 -0.4336086 -0.2080804 0.8645267
2476.774355 -0.3030447 0.1335127 -0.1995009 0.1433526 -0.4276566 -0.2086992 0.8677583
2476.874345 -0.3029944 0.1335819 -0.1999412 0.1451741 -0.4275927 -0.2074603 0.8677841
2476.974335 -0.3028547 0.1339791 -0.1994958 0.1462365 -0.4280709 -0.2065768 0.8675807
2477.124321 -0.3031105 0.1339077 -0.2001285 0.1489618 -0.4280666 -0.2053916 0.8674006
2477.524282 -0.3031104 0.1347018 -0.2015382 0.1495102 -0.4256844 -0.2051229 0.8685413
2477.824253 -0.3028515 0.1354329 -0.2019513 0.1345469 -0.4199019 -0.2129092 0.8719227
2478.824156 -0.3074074 0.1461009 -0.2054311 0.0694792 -0.3890076 -0.2488448 0.8842635
2478.974142 -0.3079472 0.1478819 -0.2052432 0.0585301 -0.3822299 -0.2551856 0.8862025
2479.374103 -0.3082676 0.1517150 -0.2053562 0.0261201 -0.3694319 -0.2727440 0.8879463
2479.974045 -0.3072321 0.1556246 -0.2044558 -0.0181465 -0.3528519 -0.2951205 0.8877332
2480.274016 -0.3056183 0.1565618 -0.2038421 -0.0351477 -0.3454543 -0.3037983 0.8872049
2480.424001 -0.3060600 0.1580935 -0.2027117 -0.0435331 -0.3397628 -0.3085299 0.8873981
2480.723972 -0.3044835 0.1578467 -0.2020060 -0.0573806 -0.3342727 -0.3152392 0.8863371
