2469.725037 0.0000000 0.0000000 0.0000000 -0.0000000 -0.0000000 -0.0000000 1.0000000
2471.247509 -0.0227502 0.0006756 -0.0014211 -0.0078110 -0.0008738 -0.0007576 0.9999688
2471.349495 -0.0220110 0.0007932 -0.0006968 -0.0074846 -0.0013604 -0.0004157 0.9999710
2471.804883 -0.0252554 0.0012842 -0.0010984 -0.0175943 0.0046794 -0.0007756 0.9998340
2471.904874 -0.0236153 0.0005286 -0.0002930 -0.0223477 0.0040753 -0.0001684 0.9997420
2472.505783 -0.0369132 0.0038299 -0.0004880 -0.0304815 0.0072121 -0.0017373 0.9995078
2472.955937 -0.0418595 0.0037774 -0.0007084 -0.0288724 0.0019654 -0.0015102 0.9995800
2473.355662 -0.0497994 0.0009739 -0.0011168 -0.0021182 -0.0033719 -0.0002795 0.9999920
2473.454862 -0.0497801 0.0007199 -0.0013694 0.0073218 -0.0046160 0.0004627 0.9999624
2473.504185 -0.0511328 -0.0005803 -0.0035067 0.0113145 -0.0055883 0.0004979 0.9999202
2473.653795 -0.0489709 0.0006915 -0.0006804 0.0256818 -0.0092072 0.0018880 0.9996260
2474.402202 -0.0520626 0.0011459 -0.0063215 0.0789687 -0.0225528 0.0049645 0.9966096
2475.145394 -0.0640247 -0.0095581 -0.0088392 0.1237590 -0.0209292 0.0060154 0.9920734
2476.278176 -0.0782338 -0.0098152 -0.0106574 0.1317848 -0.0198852 0.0067922 0.9910556
2476.474384 -0.0781104 -0.0092519 -0.0115911 0.1266906 -0.0174356 0.0071389 0.9917634
2476.774355 -0.0830976 -0.0086683 -0.0107804 0.1350057 -0.0190096 0.0077537 0.9906321
2476.974335 -0.0846038 -0.0092053 -0.0121250 0.1380480 -0.0182183 0.0080519 0.9902253
2477.274306 -0.0860024 -0.0094011 -0.0129741 0.1440807 -0.0172531 0.0085898 0.9893783
2477.574277 -0.0900342 -0.0102465 -0.0124102 0.1390849 -0.0144206 0.0080164 0.9901430
2477.624272 -0.0904934 -0.0106902 -0.0133812 0.1371324 -0.0145430 0.0079923 0.9904137
2479.374103 -0.1086815 0.0010271 -0.0125044 -0.0108049 0.0079224 -0.0012108 0.9999095
2479.774064 -0.1087097 0.0023292 -0.0131888 -0.0448232 0.0079240 -0.0037937 0.9989563
2479.824059 -0.1093196 0.0019052 -0.0127728 -0.0494187 0.0088270 -0.0038959 0.9987316
2480.324011 -0.1075463 0.0131871 -0.0135473 -0.0862959 0.0122138 -0.0079262 0.9961631
2481.323914 -0.1070140 0.0127002 -0.0103840 -0.1126696 0.0156487 -0.0102090 0.9934568
2481.773871 -0.1064410 0.0137443 -0.0108991 -0.1098689 0.0119010 -0.0089019 0.9938350
