2444.927438 0.0000000 0.0000000 0.0000000 -0.0000000 -0.0000000 -0.0000000 1.0000000
2449.776969 -0.0165970 0.0018112 0.0022639 -0.0223999 -0.0247068 -0.0017282 0.9994423
2449.876959 -0.0180186 0.0019619 0.0024215 -0.0218241 -0.0260652 -0.0023031 0.9994193
2450.126935 -0.0215981 0.0018778 0.0025488 -0.0206402 -0.0316420 -0.0038625 0.9992787
2450.226925 -0.0221731 0.0016857 0.0026145 -0.0200281 -0.0344617 -0.0058671 0.9991881
2450.276920 -0.0236991 0.0014535 0.0028364 -0.0183951 -0.0351913 -0.0077463 0.9991813
2450.526896 -0.0274847 0.0016705 0.0028640 -0.0161690 -0.0427650 -0.0136273 0.9988614
2451.226828 -0.0385419 0.0014772 0.0027440 -0.0116138 -0.0601080 -0.0304065 0.9976611
2452.176736 -0.0532188 0.0025881 0.0021732 -0.0086736 -0.0859282 -0.0425844 0.9953530
2452.426712 -0.0564035 0.0019997 0.0015283 -0.0049707 -0.0898515 -0.0455596 0.9949002
2452.726683 -0.0645774 0.0028606 -0.0009705 -0.0035907 -0.1022103 -0.0483187 0.9935821
2452.826673 -0.0691265 0.0030589 -0.0031260 -0.0040428 -0.1111418 -0.0511297 0.9924802
2453.326625 -0.0754796 0.0043323 -0.0023117 -0.0087814 -0.1278347 -0.0621589 0.9898068
2455.126451 -0.0982382 0.0089262 -0.0043945 -0.0089569 -0.1670629 -0.0963989 0.9811814
2455.576407 -0.1077860 0.0111764 -0.0068422 -0.0098137 -0.1765826 -0.1080838 0.9782843
2456.326335 -0.1165408 0.0134972 -0.0088034 -0.0125702 -0.1857336 -0.1218639 0.9749330
2456.976272 -0.1277892 0.0173319 -0.0113183 -0.0151336 -0.1993404 -0.1391896 0.9698766
2457.226247 -0.1338535 0.0192619 -0.0132758 -0.0167577 -0.2065390 -0.1458364 0.9673637
2457.526218 -0.1394925 0.0213706 -0.0149705 -0.0176044 -0.2171323 -0.1518876 0.9640923
2457.576214 -0.1400771 0.0214186 -0.0156726 -0.0164058 -0.2195476 -0.1546818 0.9631217
2457.726199 -0.1436906 0.0227141 -0.0176496 -0.0162563 -0.2245057 -0.1596599 0.9611669
2458.076165 -0.1513983 0.0244735 -0.0225269 -0.0154619 -0.2319054 -0.1674720 0.9580888
2458.226151 -0.1533972 0.0255505 -0.0217379 -0.0096961 -0.2363403 -0.1716629 0.9563373
2458.476126 -0.1602104 0.0272327 -0.0277042 0.0042519 -0.2511961 -0.1768187 0.9516394
2458.626112 -0.1639515 0.0286208 -0.0297206 0.0104938 -0.2605889 -0.1780505 0.9488316
2458.728235 -0.1677248 0.0287974 -0.0328272 0.0175070 -0.2664386 -0.1794173 0.9468439
2458.880493 -0.1867184 0.0353637 -0.0570243 0.0300414 -0.2613272 -0.1867649 0.9465328
2459.236977 -0.1779411 0.0307855 -0.0408128 0.0564983 -0.2919598 -0.1822233 0.9372098
2459.287288 -0.1785818 0.0311110 -0.0415192 0.0596992 -0.2936897 -0.1821003 0.9364945
2459.438499 -0.1808079 0.0308042 -0.0432006 0.0688692 -0.2981721 -0.1815183 0.9345595
2459.594331 -0.1830617 0.0318197 -0.0444388 0.0794751 -0.3063404 -0.1816896 0.9310361
2459.746055 -0.1860690 0.0314511 -0.0474980 0.0886614 -0.3145781 -0.1828453 0.9272256
2460.398896 -0.1943209 0.0342165 -0.0466214 0.1267997 -0.3388380 -0.1788532 0.9149438
2461.102502 -0.2046887 0.0382075 -0.0637911 0.1540480 -0.3586112 -0.1786800 0.9031837
2463.251326 -0.2300959 0.0516648 -0.0866076 0.1936955 -0.3996186 -0.1755926 0.8786093
2463.601312 -0.2296348 0.0519516 -0.0868353 0.1936235 -0.4032488 -0.1749551 0.8770924
2463.801115 -0.2295024 0.0520771 -0.0868658 0.1949844 -0.4077758 -0.1740815 0.8748690
2465.825415 -0.2485014 0.0713382 -0.1151337 0.1808822 -0.4185603 -0.1858800 0.8703663
2465.925405 -0.2486862 0.0710368 -0.1148492 0.1765156 -0.4165352 -0.1881952 0.8717358
2465.975400 -0.2483693 0.0715337 -0.1153325 0.1733827 -0.4150948 -0.1895516 0.8727571
2466.025395 -0.2483443 0.0715083 -0.1153727 0.1701547 -0.4145567 -0.1911459 0.8733004
2467.125289 -0.2585353 0.0878798 -0.1272503 0.1021163 -0.3999655 -0.2299303 0.8813239
2467.425260 -0.2603382 0.0909863 -0.1288604 0.0942305 -0.3947959 -0.2347058 0.8832723
2469.225086 -0.2685814 0.1049398 -0.1399367 0.0422782 -0.3853231 -0.2622531 0.8837205
2469.425066 -0.2697131 0.1062518 -0.1424473 0.0382808 -0.3850009 -0.2644269 0.8833953
2469.825028 -0.2718454 0.1084833 -0.1423112 0.0311545 -0.3802727 -0.2673629 0.8848385
2470.075398 -0.2732211 0.1101623 -0.1449859 0.0263775 -0.3794240 -0.2698524 0.8846024
2471.349495 -0.2806643 0.1174909 -0.1553112 0.0249970 -0.3815533 -0.2698616 0.8837234
2472.005891 -0.2835813 0.1225682 -0.1600500 0.0139651 -0.3704776 -0.2763681 0.8866634
2472.955937 -0.2891243 0.1278608 -0.1681544 0.0074063 -0.3723711 -0.2794670 0.8849764
2473.653795 -0.2940752 0.1271526 -0.1761633 0.0508521 -0.3961283 -0.2563095 0.8802283
2473.953411 -0.2949690 0.1265404 -0.1783788 0.0671149 -0.4022712 -0.2480791 0.8787094
2475.046588 -0.3008448 0.1262715 -0.1898044 0.1266717 -0.4269136 -0.2168822 0.8687124
2475.145394 -0.2997097 0.1262605 -0.1911986 0.1330986 -0.4304026 -0.2133657 0.8668988
2476.524379 -0.3069509 0.1324712 -0.2025400 0.1358085 -0.4266782 -0.2109207 0.8689156
2476.724360 -0.3105263 0.1339448 -0.2060401 0.1411949 -0.4292490 -0.2084276 0.8673910
2477.024331 -0.3105135 0.1349707 -0.2078464 0.1459318 -0.4306150 -0.2055543 0.8666154
2477.324302 -0.3107718 0.1344956 -0.2076099 0.1497669 -0.4305732 -0.2030094 0.8665817
2477.574277 -0.3108152 0.1350029 -0.2085221 0.1468564 -0.4284487 -0.2044669 0.8677893
2477.824253 -0.3092450 0.1370879 -0.2097920 0.1333638 -0.4229702 -0.2118011 0.8708907
2479.574084 -0.3172484 0.1557927 -0.2123402 0.0083332 -0.3680074 -0.2804577 0.8864788
2479.824059 -0.3162242 0.1582323 -0.2104881 -0.0065761 -0.3611167 -0.2886634 0.8866932
2479.974045 -0.3163131 0.1582532 -0.2114997 -0.0190155 -0.3556396 -0.2949326 0.8866643
2480.124030 -0.3153878 0.1584931 -0.2109652 -0.0272723 -0.3529835 -0.2989359 0.8861694
2480.424001 -0.3145002 0.1603134 -0.2110719 -0.0444924 -0.3424378 -0.3087182 0.8862561
2481.273919 -0.3138396 0.1625861 -0.2099432 -0.0600022 -0.3345523 -0.3167369 0.8855237
2481.523895 -0.3134634 0.1624791 -0.2096997 -0.0593436 -0.3354765 -0.3162441 0.8853946
