2444.927438 0.0000000 0.0000000 0.0000000 -0.0000000 -0.0000000 -0.0000000 1.0000000
2449.776969 -0.0170512 0.0015059 0.0017934 -0.0225289 -0.0244592 -0.0017099 0.9994455
2449.876959 -0.0182184 0.0012182 0.0018512 -0.0220824 -0.0260064 -0.0021576 0.9994155
2450.126935 -0.0221183 0.0015200 0.0020782 -0.0207652 -0.0313951 -0.0037445 0.9992843
2450.226925 -0.0230640 0.0011050 0.0022156 -0.0202748 -0.0339824 -0.0059466 0.9991991
2450.476901 -0.0271719 0.0014791 0.0028612 -0.0165695 -0.0415910 -0.0130951 0.9989115
2451.276823 -0.0403630 0.0016715 0.0025653 -0.0116640 -0.0608121 -0.0307767 0.9976065
2451.976756 -0.0531144 0.0025361 0.0027371 -0.0104819 -0.0801691 -0.0411421 0.9958767
2452.176736 -0.0532455 0.0025605 0.0017143 -0.0086215 -0.0858290 -0.0422474 0.9953764
2452.676688 -0.0635953 0.0027285 0.0000107 -0.0025341 -0.0981238 -0.0478571 0.9940196
2452.726683 -0.0660716 0.0026052 -0.0011991 -0.0037455 -0.1013641 -0.0482521 0.9936715
2452.826673 -0.0702358 0.0027533 -0.0032828 -0.0041724 -0.1104854 -0.0509347 0.9925629
2453.976562 -0.0852213 0.0059111 -0.0029609 -0.0080394 -0.1368113 -0.0725040 0.9879075
2455.326431 -0.1050970 0.0093841 -0.0069579 -0.0075297 -0.1704157 -0.1027821 0.9799682
2455.976368 -0.1156796 0.0123097 -0.0085646 -0.0105388 -0.1805779 -0.1141122 0.9768618
2456.326335 -0.1183526 0.0134231 -0.0095673 -0.0127352 -0.1845362 -0.1214932 0.9752044
2456.676301 -0.1235993 0.0152627 -0.0102078 -0.0140618 -0.1885978 -0.1315120 0.9731073
2457.226247 -0.1362564 0.0189403 -0.0145745 -0.0169635 -0.2050370 -0.1454456 0.9677384
2457.576214 -0.1426948 0.0213119 -0.0168109 -0.0166188 -0.2179739 -0.1541539 0.9635600
2457.826189 -0.1491493 0.0235024 -0.0205160 -0.0160098 -0.2259896 -0.1626158 0.9603273
2457.926180 -0.1512005 0.0235609 -0.0231022 -0.0158487 -0.2286063 -0.1655765 0.9592041
2458.326141 -0.1573620 0.0247617 -0.0275000 -0.0089168 -0.2381861 -0.1719711 0.9558315
2458.376136 -0.1584966 0.0266225 -0.0269581 -0.0033044 -0.2416344 -0.1742425 0.9545897
2458.676502 -0.1689728 0.0279236 -0.0348408 0.0161095 -0.2620537 -0.1790415 0.9481627
2458.728235 -0.1697802 0.0285075 -0.0356766 0.0172429 -0.2645592 -0.1788369 0.9474853
2458.980345 -0.1756114 0.0294976 -0.0400254 0.0336526 -0.2763035 -0.1823225 0.9430177
2459.084542 -0.1775730 0.0303143 -0.0417499 0.0419254 -0.2818967 -0.1819039 0.9411097
2459.187575 -0.1789982 0.0297191 -0.0437227 0.0504587 -0.2868052 -0.1828448 0.9390231
2459.337284 -0.1816743 0.0299245 -0.0460398 0.0619892 -0.2932250 -0.1816676 0.9365753
2460.499834 -0.2006926 0.0343211 -0.0605247 0.1298998 -0.3362780 -0.1807946 0.9150719
2461.152497 -0.2111303 0.0381171 -0.0700602 0.1548021 -0.3556830 -0.1798299 0.9039841
2461.302502 -0.2113382 0.0386828 -0.0706554 0.1581621 -0.3615414 -0.1804107 0.9009576
2463.251326 -0.2363925 0.0515082 -0.0924094 0.1933798 -0.3961138 -0.1764354 0.8800958
2463.551494 -0.2365571 0.0512440 -0.0928409 0.1932876 -0.3988056 -0.1757455 0.8790379
2463.801115 -0.2358684 0.0520023 -0.0933023 0.1945923 -0.4041013 -0.1747901 0.8765184
2464.938993 -0.2477790 0.0610872 -0.1107020 0.2029365 -0.4173540 -0.1720172 0.8689318
2465.825415 -0.2539980 0.0704297 -0.1206450 0.1804107 -0.4152915 -0.1864526 0.8719062
2465.875410 -0.2538981 0.0701877 -0.1208471 0.1784205 -0.4143249 -0.1874024 0.8725716
2465.925405 -0.2540134 0.0702039 -0.1205790 0.1760125 -0.4131612 -0.1887734 0.8733167
2466.225376 -0.2587675 0.0782809 -0.1290959 0.1589737 -0.4131706 -0.1982670 0.8744756
2466.375362 -0.2586129 0.0785117 -0.1302997 0.1461542 -0.4103745 -0.2049832 0.8764780
2466.725328 -0.2583278 0.0816528 -0.1301202 0.1181692 -0.3964249 -0.2204289 0.8833427
2466.975303 -0.2571668 0.0826336 -0.1331815 0.1091717 -0.3976404 -0.2244979 0.8829294
2468.675139 -0.2714561 0.1003839 -0.1452304 0.0538665 -0.3823835 -0.2560510 0.8861824
2468.775129 -0.2714661 0.1003404 -0.1458454 0.0526215 -0.3816212 -0.2565120 0.8864524
2469.075100 -0.2718035 0.1005049 -0.1459295 0.0431287 -0.3788263 -0.2610838 0.8868291
2469.375071 -0.2745096 0.1062871 -0.1483297 0.0381580 -0.3814107 -0.2637485 0.8851591
2470.025008 -0.2793989 0.1095684 -0.1527682 0.0260989 -0.3745967 -0.2697613 0.8866933
2470.584930 -0.2826270 0.1134379 -0.1567262 0.0217248 -0.3708653 -0.2725166 0.8875369
2471.247509 -0.2871443 0.1175802 -0.1630355 0.0241173 -0.3771667 -0.2701743 0.8855335
2472.555779 -0.2950248 0.1271937 -0.1728738 0.0067346 -0.3626260 -0.2802825 0.8887625
2472.656085 -0.2955128 0.1274239 -0.1742564 0.0065775 -0.3644628 -0.2799275 0.8881240
2472.955937 -0.2968333 0.1285163 -0.1766859 0.0068017 -0.3675945 -0.2793686 0.8870069
2474.451427 -0.3066195 0.1284430 -0.1929261 0.0954416 -0.4171239 -0.2329834 0.8732796
2475.438708 -0.3110628 0.1284010 -0.2033811 0.1447466 -0.4314815 -0.2077760 0.8658529
2476.674364 -0.3173590 0.1345976 -0.2131282 0.1406225 -0.4246176 -0.2089428 0.8696368
2476.774355 -0.3184589 0.1355127 -0.2130981 0.1421121 -0.4260509 -0.2080017 0.8689189
2476.874345 -0.3181884 0.1365775 -0.2143572 0.1442220 -0.4258425 -0.2068855 0.8689399
2477.124321 -0.3179026 0.1366178 -0.2150963 0.1478219 -0.4263906 -0.2044881 0.8686336
2477.724263 -0.3179005 0.1373676 -0.2183157 0.1396946 -0.4211375 -0.2088217 0.8715057
2478.274210 -0.3223242 0.1433108 -0.2216444 0.1080452 -0.4087204 -0.2263808 0.8775110
2478.924147 -0.3251215 0.1499965 -0.2235231 0.0604058 -0.3820052 -0.2527351 0.8868755
2479.074132 -0.3250220 0.1504292 -0.2244130 0.0485163 -0.3761843 -0.2595421 0.8881270
2479.674074 -0.3244731 0.1569098 -0.2218382 0.0030059 -0.3617773 -0.2824311 0.8884486
2480.124030 -0.3227932 0.1597486 -0.2207018 -0.0281135 -0.3481868 -0.2982233 0.8882784
2480.723972 -0.3219676 0.1622877 -0.2190371 -0.0589563 -0.3318404 -0.3148158 0.8872977
2481.123934 -0.3206647 0.1625541 -0.2188507 -0.0593455 -0.3307664 -0.3152316 0.8875251
