2469.725037 0.0000000 0.0000000 0.0000000 -0.0000000 -0.0000000 -0.0000000 1.0000000
2471.147519 -0.0224180 -0.0015788 -0.0027021 -0.0098899 0.0002784 -0.0014698 0.9999500
2471.553643 -0.0234336 -0.0013493 -0.0037167 -0.0128919 0.0053439 -0.0011344 0.9999020
2472.106039 -0.0254277 -0.0023641 -0.0059361 -0.0286308 0.0082430 -0.0007089 0.9995558
2472.206050 -0.0260363 -0.0026703 -0.0066711 -0.0315190 0.0086136 -0.0006767 0.9994658
2473.055789 -0.0400456 -0.0020644 -0.0073295 -0.0289597 0.0010437 -0.0015357 0.9995789
2473.355662 -0.0439472 -0.0049753 -0.0084457 -0.0041631 -0.0035298 0.0002706 0.9999851
2473.405519 -0.0445579 -0.0051101 -0.0086263 -0.0001119 -0.0038358 0.0003552 0.9999926
2473.852650 -0.0475797 -0.0078447 -0.0103487 0.0356166 -0.0086896 0.0025631 0.9993244
2474.003090 -0.0490264 -0.0087361 -0.0106606 0.0474244 -0.0101908 0.0030330 0.9988183
2474.102764 -0.0495225 -0.0096942 -0.0113469 0.0549363 -0.0111383 0.0036174 0.9984212
2475.145394 -0.0607808 -0.0146901 -0.0163044 0.1215491 -0.0194493 0.0056852 0.9923786
2476.029050 -0.0714047 -0.0161692 -0.0204245 0.1376773 -0.0221290 0.0072246 0.9902036
2476.474384 -0.0743411 -0.0148289 -0.0196016 0.1242159 -0.0155156 0.0074870 0.9921057
2476.574374 -0.0755762 -0.0153818 -0.0194559 0.1267306 -0.0153244 0.0077353 0.9917886
2476.724360 -0.0773801 -0.0158065 -0.0203817 0.1306210 -0.0167713 0.0082082 0.9912565
2476.824350 -0.0781557 -0.0161390 -0.0208012 0.1329993 -0.0173103 0.0083437 0.9909298
2476.924340 -0.0790382 -0.0166089 -0.0206621 0.1349263 -0.0168666 0.0086318 0.9906745
2477.224311 -0.0808749 -0.0167886 -0.0206409 0.1400951 -0.0162897 0.0090165 0.9899630
2477.474287 -0.0839942 -0.0177582 -0.0211078 0.1396958 -0.0129348 0.0088633 0.9900703
2477.574277 -0.0840396 -0.0164669 -0.0209070 0.1364986 -0.0131367 0.0086370 0.9905155
2477.724263 -0.0861885 -0.0161457 -0.0215328 0.1277907 -0.0117143 0.0084873 0.9916957
2479.474093 -0.1008428 -0.0039080 -0.0186586 -0.0224554 0.0087271 -0.0019748 0.9997078
2479.774064 -0.1016479 -0.0037565 -0.0193572 -0.0468125 0.0101578 -0.0033779 0.9988464
2479.924050 -0.1032092 -0.0031787 -0.0206980 -0.0627489 0.0122793 -0.0050474 0.9979411
2480.224021 -0.1035599 -0.0032141 -0.0214133 -0.0851083 0.0140788 -0.0070325 0.9962475
2481.123934 -0.1018916 0.0033323 -0.0196156 -0.1135984 0.0185229 -0.0102935 0.9933007
2481.623885 -0.1004825 0.0032783 -0.0185055 -0.1134808 0.0156407 -0.0098859 0.9933679
