2444.927438 0.0000000 0.0000000 0.0000000 -0.0000000 -0.0000000 -0.0000000 1.0000000
2449.726974 -0.0154361 0.0019984 0.0022072 -0.0230030 -0.0236623 -0.0015838 0.9994541
2449.826964 -0.0158608 0.0022282 0.0027072 -0.0216743 -0.0257504 -0.0019385 0.9994316
2449.976949 -0.0177932 0.0018856 0.0021991 -0.0206106 -0.0281697 -0.0029268 0.9993864
2451.226828 -0.0364752 0.0010694 0.0020538 -0.0117878 -0.0599431 -0.0302493 0.9976737
2451.676785 -0.0441614 0.0014937 0.0020825 -0.0118577 -0.0720339 -0.0373586 0.9966318
2451.926760 -0.0477048 0.0015737 0.0018356 -0.0107270 -0.0796928 -0.0410307 0.9959169
2452.426712 -0.0528870 0.0015545 0.0011941 -0.0051158 -0.0897887 -0.0454350 0.9949108
2452.826673 -0.0648631 0.0032417 -0.0020821 -0.0038293 -0.1112807 -0.0508327 0.9924807
2452.926664 -0.0679302 0.0029633 -0.0032504 -0.0055270 -0.1175212 -0.0550226 0.9915295
2453.926567 -0.0779150 0.0053350 -0.0024115 -0.0081238 -0.1371387 -0.0717057 0.9879197
2455.026460 -0.0906633 0.0077294 -0.0045943 -0.0095624 -0.1631833 -0.0935604 0.9821030
2455.776388 -0.1046011 0.0106637 -0.0080975 -0.0114755 -0.1789750 -0.1112269 0.9774789
2456.776291 -0.1167598 0.0147357 -0.0100063 -0.0158870 -0.1925726 -0.1324043 0.9721793
2457.026267 -0.1218880 0.0163885 -0.0116824 -0.0165645 -0.1999431 -0.1391041 0.9697414
2457.576214 -0.1324912 0.0195428 -0.0161055 -0.0167288 -0.2189970 -0.1546293 0.9632499
2457.826189 -0.1378320 0.0213893 -0.0193074 -0.0161718 -0.2275486 -0.1626561 0.9599496
2458.026170 -0.1421225 0.0220437 -0.0221260 -0.0157133 -0.2310177 -0.1663743 0.9584903
2458.126160 -0.1420272 0.0215037 -0.0219477 -0.0143207 -0.2333909 -0.1677655 0.9576943
2458.176155 -0.1425323 0.0212946 -0.0230806 -0.0117589 -0.2346163 -0.1702500 0.9569911
2458.426131 -0.1493206 0.0242758 -0.0271647 0.0006019 -0.2466779 -0.1750385 0.9531586
2458.576117 -0.1537452 0.0253015 -0.0296983 0.0078192 -0.2568817 -0.1777975 0.9499151
2458.626112 -0.1548676 0.0256829 -0.0306442 0.0102695 -0.2597572 -0.1779697 0.9490772
2458.676502 -0.1568409 0.0258961 -0.0315954 0.0163301 -0.2636037 -0.1794430 0.9476532
2458.980345 -0.1629228 0.0275432 -0.0367248 0.0338425 -0.2779231 -0.1822006 0.9425585
2459.187575 -0.1663676 0.0274280 -0.0410483 0.0504447 -0.2881112 -0.1828467 0.9386237
2459.438499 -0.1703702 0.0278237 -0.0438057 0.0688578 -0.2975155 -0.1817209 0.9347304
2459.541946 -0.1722820 0.0275164 -0.0451142 0.0771999 -0.3034148 -0.1815991 0.9322025
2459.796524 -0.1775850 0.0299419 -0.0484589 0.0919649 -0.3154578 -0.1836617 0.9264433
2461.051855 -0.1937725 0.0344141 -0.0644192 0.1523294 -0.3560035 -0.1791755 0.9044078
2463.551494 -0.2189293 0.0482994 -0.0871077 0.1937765 -0.4006956 -0.1757976 0.8780597
2464.345787 -0.2242034 0.0533385 -0.0960418 0.1972890 -0.4094332 -0.1744386 0.8735060
2464.592938 -0.2274507 0.0552255 -0.0990523 0.1983367 -0.4136433 -0.1733745 0.8714947
2465.925405 -0.2390121 0.0668143 -0.1141748 0.1765419 -0.4140258 -0.1893158 0.8726827
2465.975400 -0.2389871 0.0668737 -0.1144835 0.1733061 -0.4127754 -0.1907695 0.8736066
2466.425357 -0.2361791 0.0714642 -0.1188452 0.1420738 -0.4127643 -0.2049679 0.8760302
2466.675333 -0.2403174 0.0761520 -0.1191594 0.1210295 -0.4013781 -0.2183731 0.8812268
2468.125192 -0.2510866 0.0909990 -0.1299298 0.0703494 -0.3875077 -0.2476917 0.8851766
2468.525153 -0.2543984 0.0952784 -0.1325320 0.0584857 -0.3860794 -0.2540582 0.8848596
2469.375071 -0.2573478 0.1004957 -0.1375647 0.0382674 -0.3832278 -0.2639745 0.8843017
2469.625047 -0.2583179 0.1023416 -0.1386513 0.0339380 -0.3815692 -0.2663131 0.8844945
2470.280080 -0.2624331 0.1058068 -0.1440739 0.0229328 -0.3772206 -0.2717754 0.8850520
2470.995143 -0.2664642 0.1094285 -0.1501279 0.0220935 -0.3785690 -0.2720130 0.8844243
2472.656085 -0.2757910 0.1207629 -0.1625822 0.0073908 -0.3664910 -0.2804241 0.8871257
2472.955937 -0.2768974 0.1213452 -0.1646568 0.0074286 -0.3698411 -0.2798042 0.8859300
2473.305508 -0.2795860 0.1215884 -0.1686224 0.0228590 -0.3800539 -0.2713225 0.8839800
2473.454862 -0.2803520 0.1212171 -0.1694753 0.0363629 -0.3861874 -0.2642551 0.8830098
2473.703475 -0.2812955 0.1204559 -0.1724624 0.0519854 -0.3943882 -0.2558861 0.8810663
2475.438708 -0.2891398 0.1201489 -0.1895984 0.1447172 -0.4340767 -0.2078202 0.8645491
2475.930244 -0.2913347 0.1222464 -0.1935443 0.1506779 -0.4353473 -0.2038131 0.8638456
2476.674364 -0.2938991 0.1257353 -0.1984860 0.1407131 -0.4275096 -0.2085758 0.8682923
2477.374297 -0.2970448 0.1279701 -0.2015018 0.1510423 -0.4284157 -0.2031406 0.8673986
2477.524282 -0.2972534 0.1287462 -0.2022567 0.1484166 -0.4264523 -0.2046281 0.8684689
2477.624272 -0.2970827 0.1290731 -0.2025635 0.1454249 -0.4261002 -0.2057760 0.8688766
2477.824253 -0.2968513 0.1303942 -0.2058437 0.1332452 -0.4202404 -0.2124934 0.8720610
2478.324205 -0.3011245 0.1354609 -0.2057990 0.1049126 -0.4104972 -0.2277876 0.8766973
2478.824156 -0.3035725 0.1408823 -0.2068689 0.0680655 -0.3894265 -0.2483743 0.8843214
2479.174122 -0.3042490 0.1426777 -0.2072977 0.0402063 -0.3768447 -0.2634489 0.8871112
2480.074035 -0.3012698 0.1497572 -0.2064678 -0.0250181 -0.3517999 -0.2977148 0.8871172
2480.274016 -0.3004231 0.1521181 -0.2039942 -0.0359526 -0.3465671 -0.3033630 0.8868876
2480.424001 -0.3007589 0.1527614 -0.2048804 -0.0447335 -0.3403931 -0.3084999 0.8871073
2480.873958 -0.3000041 0.1530689 -0.2043687 -0.0613449 -0.3328871 -0.3171093 0.8859259
2481.873861 -0.3002736 0.1524020 -0.2050153 -0.0595051 -0.3375250 -0.3150334 0.8850367
