2469.725037 0.0000000 0.0000000 0.0000000 -0.0000000 -0.0000000 -0.0000000 1.0000000
2471.247509 -0.0183248 0.0013978 -0.0011964 -0.0075197 -0.0021081 -0.0001090 0.9999695
2471.349495 -0.0187890 0.0020689 -0.0009625 -0.0068477 -0.0021041 -0.0000847 0.9999744
2471.502878 -0.0206753 0.0020206 -0.0013188 -0.0088507 0.0014285 -0.0002734 0.9999598
2472.106039 -0.0279213 0.0037690 -0.0010615 -0.0262798 0.0086539 -0.0014810 0.9996161
2472.356351 -0.0323925 0.0040057 -0.0013024 -0.0298081 0.0082166 -0.0021596 0.9995195
2472.755937 -0.0358045 0.0045847 -0.0015005 -0.0302009 0.0035233 -0.0017662 0.9995361
2472.905942 -0.0373896 0.0036229 -0.0023979 -0.0301777 0.0023614 -0.0016963 0.9995403
2473.355662 -0.0435736 0.0019901 -0.0028688 -0.0014683 -0.0046195 0.0000581 0.9999883
2473.454862 -0.0436951 0.0016434 -0.0034117 0.0079655 -0.0058334 0.0008186 0.9999509
2473.504185 -0.0438302 0.0006689 -0.0039694 0.0119363 -0.0072101 0.0011117 0.9999022
2475.095616 -0.0590389 -0.0075931 -0.0099746 0.1196740 -0.0202958 0.0057662 0.9925891
2476.029050 -0.0701356 -0.0094701 -0.0118262 0.1404575 -0.0241188 0.0068808 0.9897690
2476.129395 -0.0707505 -0.0090645 -0.0122149 0.1358225 -0.0228151 0.0069993 0.9904457
2476.424389 -0.0749449 -0.0084771 -0.0108723 0.1283693 -0.0178641 0.0067570 0.9915425
2476.824350 -0.0759792 -0.0074188 -0.0129896 0.1366465 -0.0198258 0.0083641 0.9903861
2476.924340 -0.0763264 -0.0074913 -0.0135606 0.1385179 -0.0195288 0.0086747 0.9901294
2477.224311 -0.0782961 -0.0091593 -0.0125689 0.1431560 -0.0189623 0.0083352 0.9894834
2477.574277 -0.0829612 -0.0088821 -0.0135591 0.1395407 -0.0153202 0.0080495 0.9900651
2477.624272 -0.0833591 -0.0084566 -0.0137710 0.1378146 -0.0154487 0.0081727 0.9903039
2477.774258 -0.0837381 -0.0081280 -0.0144714 0.1264436 -0.0132761 0.0081176 0.9918517
2479.174122 -0.0986140 0.0005910 -0.0085152 0.0091237 0.0054635 0.0000891 0.9999434
2479.774064 -0.1002969 0.0061837 -0.0120603 -0.0434136 0.0072904 -0.0043236 0.9990212
2480.374006 -0.1003332 0.0114634 -0.0109472 -0.0881536 0.0120725 -0.0076207 0.9960046
2481.323914 -0.0991382 0.0122434 -0.0101590 -0.1125446 0.0152220 -0.0104495 0.9934751
2481.623885 -0.0978273 0.0121112 -0.0107277 -0.1105243 0.0125247 -0.0095927 0.9937482
2481.873861 -0.0973968 0.0124067 -0.0109434 -0.1088084 0.0100548 -0.0087195 0.9939737
