2444.927438 0.0000000 0.0000000 0.0000000 -0.0000000 -0.0000000 -0.0000000 1.0000000
2449.726974 -0.0150534 0.0017602 0.0021051 -0.0231070 -0.0238359 -0.0015679 0.9994476
2449.776969 -0.0152025 0.0017561 0.0023131 -0.0224178 -0.0248456 -0.0016119 0.9994386
2450.526896 -0.0257834 0.0014999 0.0026624 -0.0161998 -0.0427478 -0.0136131 0.9988618
2451.226828 -0.0365060 0.0020017 0.0026077 -0.0113424 -0.0600145 -0.0303544 0.9976714
2451.626790 -0.0430215 0.0015869 0.0025807 -0.0115982 -0.0712699 -0.0368301 0.9967094
2451.826770 -0.0468462 0.0019256 0.0022832 -0.0104407 -0.0760683 -0.0403658 0.9962305
2452.026751 -0.0489893 0.0014723 0.0015468 -0.0106701 -0.0821840 -0.0414903 0.9956960
2452.726683 -0.0606932 0.0027195 -0.0005522 -0.0036201 -0.1023341 -0.0484421 0.9935633
2452.826673 -0.0649145 0.0031990 -0.0021052 -0.0038330 -0.1113383 -0.0510530 0.9924629
2452.926664 -0.0678029 0.0028975 -0.0033812 -0.0055257 -0.1176409 -0.0551159 0.9915102
2454.776485 -0.0872479 0.0067037 -0.0035924 -0.0067338 -0.1541259 -0.0887587 0.9840335
2455.976368 -0.1069810 0.0112190 -0.0079777 -0.0105785 -0.1820869 -0.1144047 0.9765470
2456.326335 -0.1099375 0.0121240 -0.0085338 -0.0128111 -0.1858585 -0.1218102 0.9749127
2457.026267 -0.1222022 0.0161517 -0.0121963 -0.0167507 -0.2000354 -0.1392758 0.9696946
2457.626209 -0.1343836 0.0202060 -0.0171341 -0.0161337 -0.2201677 -0.1571691 0.9625818
2457.726199 -0.1364897 0.0206374 -0.0184487 -0.0166762 -0.2240830 -0.1599111 0.9612165
2458.126160 -0.1435340 0.0218407 -0.0228936 -0.0142121 -0.2328910 -0.1683423 0.9577163
2458.226151 -0.1454522 0.0218464 -0.0249082 -0.0102808 -0.2351757 -0.1719350 0.9565695
2458.576117 -0.1554597 0.0260168 -0.0306958 0.0080824 -0.2561670 -0.1781839 0.9500335
2458.676502 -0.1584024 0.0263573 -0.0327557 0.0163289 -0.2630348 -0.1795183 0.9477971
2458.830833 -0.1609869 0.0268153 -0.0353345 0.0226072 -0.2699259 -0.1809845 0.9454489
2458.880493 -0.1617393 0.0261029 -0.0364492 0.0259200 -0.2719859 -0.1813824 0.9446970
2459.387891 -0.1709018 0.0274983 -0.0438673 0.0638702 -0.2949863 -0.1822581 0.9357808
2459.489521 -0.1720091 0.0279163 -0.0452896 0.0724303 -0.3001175 -0.1818150 0.9336095
2459.746055 -0.1772241 0.0291778 -0.0492975 0.0888099 -0.3132405 -0.1832445 0.9275854
2460.398896 -0.1872622 0.0316137 -0.0583632 0.1271258 -0.3350037 -0.1810947 0.9158691
2461.051855 -0.1950722 0.0346430 -0.0651744 0.1523096 -0.3558593 -0.1793408 0.9044352
2462.002059 -0.2090580 0.0409272 -0.0776292 0.1847144 -0.3803937 -0.1798881 0.8881562
2462.202435 -0.2130641 0.0422471 -0.0785307 0.1900501 -0.3831353 -0.1770732 0.8864161
2462.401704 -0.2125421 0.0423061 -0.0784552 0.1951446 -0.3894468 -0.1740047 0.8831604
2465.925405 -0.2399000 0.0670724 -0.1155632 0.1761895 -0.4143966 -0.1890192 0.8726422
2465.975400 -0.2398488 0.0671504 -0.1157473 0.1728897 -0.4131441 -0.1906730 0.8735359
2466.075391 -0.2395598 0.0673195 -0.1160015 0.1675841 -0.4133511 -0.1929252 0.8739774
2467.075294 -0.2461505 0.0816001 -0.1264613 0.1038233 -0.3985389 -0.2285506 0.8821294
2468.225183 -0.2536944 0.0929132 -0.1326529 0.0670766 -0.3888367 -0.2490846 0.8844567
2468.675139 -0.2557079 0.0959290 -0.1364489 0.0540027 -0.3846023 -0.2560337 0.8852183
2469.475061 -0.2592748 0.1009625 -0.1407456 0.0354529 -0.3829711 -0.2653589 0.8841159
2470.075398 -0.2628121 0.1049500 -0.1442819 0.0259863 -0.3774186 -0.2703152 0.8853303
2470.995143 -0.2690911 0.1113042 -0.1525144 0.0221371 -0.3782939 -0.2722489 0.8844683
2471.298255 -0.2696532 0.1114706 -0.1538232 0.0253002 -0.3800496 -0.2700238 0.8843129
2471.604231 -0.2709219 0.1140955 -0.1553322 0.0207436 -0.3720374 -0.2733384 0.8868167
2472.706080 -0.2779548 0.1216832 -0.1649005 0.0069769 -0.3679196 -0.2804621 0.8865255
2473.255651 -0.2809459 0.1233751 -0.1699972 0.0184368 -0.3785906 -0.2736069 0.8840071
2473.454862 -0.2822195 0.1227373 -0.1719573 0.0363320 -0.3863835 -0.2643073 0.8829097
2475.294510 -0.2904845 0.1207194 -0.1914211 0.1359093 -0.4324655 -0.2125033 0.8656470
2475.438708 -0.2912011 0.1213765 -0.1924832 0.1445968 -0.4342476 -0.2079414 0.8644543
2477.074326 -0.2990618 0.1281674 -0.2045149 0.1460525 -0.4284857 -0.2056865 0.8676184
2477.424292 -0.2994547 0.1287315 -0.2052678 0.1506049 -0.4280116 -0.2032182 0.8676558
2477.574277 -0.2992285 0.1291941 -0.2062206 0.1465922 -0.4264917 -0.2049717 0.8686785
2477.824253 -0.2979116 0.1306769 -0.2085987 0.1327885 -0.4208726 -0.2124110 0.8718458
2478.474190 -0.3043176 0.1371918 -0.2089146 0.0935431 -0.4066461 -0.2332148 0.8783504
2478.574180 -0.3035655 0.1391177 -0.2079918 0.0847756 -0.4029894 -0.2376349 0.8797399
2479.724069 -0.3052837 0.1504205 -0.2090525 0.0010944 -0.3631009 -0.2846335 0.8872094
2479.924050 -0.3047404 0.1510900 -0.2088272 -0.0168661 -0.3547769 -0.2935864 0.8874999
2480.124030 -0.3027258 0.1514621 -0.2081658 -0.0280847 -0.3515317 -0.2985822 0.8868402
2480.873958 -0.3021746 0.1551638 -0.2069300 -0.0611930 -0.3332630 -0.3170142 0.8858291
2481.723875 -0.3013064 0.1547268 -0.2071039 -0.0597887 -0.3365722 -0.3155148 0.8852090
2481.923856 -0.3016547 0.1549448 -0.2075255 -0.0584451 -0.3383934 -0.3145254 0.8849564
