2444.927438 0.0000000 0.0000000 0.0000000 -0.0000000 -0.0000000 -0.0000000 1.0000000
2449.476998 -0.0135566 0.0016990 0.0018011 -0.0248345 -0.0184721 -0.0007058 0.9995207
2449.576988 -0.0145535 0.0019932 0.0024219 -0.0226265 -0.0208911 -0.0016248 0.9995244
2449.626983 -0.0149946 0.0017788 0.0021091 -0.0233456 -0.0220672 -0.0013974 0.9994829
2450.226925 -0.0218898 0.0018752 0.0027082 -0.0198678 -0.0341565 -0.0062404 0.9991995
2451.226828 -0.0376640 0.0010779 0.0018686 -0.0117193 -0.0597630 -0.0304779 0.9976784
2451.476804 -0.0423168 0.0011871 0.0019161 -0.0111592 -0.0654161 -0.0341642 0.9972106
2452.076746 -0.0514092 0.0017576 0.0016543 -0.0090245 -0.0831183 -0.0418312 0.9956204
2452.726683 -0.0627670 0.0024201 -0.0010614 -0.0037624 -0.1017576 -0.0482753 0.9936301
2452.826673 -0.0679210 0.0029131 -0.0034699 -0.0039494 -0.1103140 -0.0511043 0.9925742
2453.826577 -0.0799648 0.0044809 -0.0037864 -0.0081939 -0.1344801 -0.0695390 0.9884394
2454.476514 -0.0868593 0.0063579 -0.0036857 -0.0100694 -0.1483489 -0.0811990 0.9855445
2456.376330 -0.1136501 0.0125647 -0.0095802 -0.0121284 -0.1852476 -0.1232526 0.9748564
2456.676301 -0.1186451 0.0137970 -0.0106521 -0.0144351 -0.1890163 -0.1317176 0.9729928
2457.526218 -0.1359538 0.0191419 -0.0173737 -0.0183824 -0.2160074 -0.1518629 0.9643343
2457.576214 -0.1375202 0.0197177 -0.0174372 -0.0169976 -0.2179595 -0.1547457 0.9634618
2457.726199 -0.1402687 0.0210887 -0.0191044 -0.0166723 -0.2233342 -0.1596848 0.9614284
2458.376136 -0.1523738 0.0253079 -0.0270192 -0.0031439 -0.2419399 -0.1749114 0.9543905
2458.426131 -0.1551519 0.0241434 -0.0294555 0.0001319 -0.2457019 -0.1751879 0.9533833
2458.626112 -0.1612341 0.0250990 -0.0336823 0.0095297 -0.2584685 -0.1785885 0.9493205
2458.880493 -0.1672213 0.0265932 -0.0387051 0.0257703 -0.2709712 -0.1815573 0.9449590
2459.031960 -0.1700330 0.0270488 -0.0404864 0.0376125 -0.2793598 -0.1825262 0.9419276
2459.187575 -0.1725431 0.0268446 -0.0436691 0.0496376 -0.2871895 -0.1830853 0.9389026
2459.337284 -0.1752352 0.0272482 -0.0455583 0.0613746 -0.2938437 -0.1818451 0.9363874
2459.594331 -0.1800562 0.0284406 -0.0491634 0.0787260 -0.3041583 -0.1825076 0.9316550
2460.098135 -0.1887087 0.0305118 -0.0551669 0.1118456 -0.3266158 -0.1821869 0.9206631
2460.298471 -0.1921918 0.0320038 -0.0580322 0.1242786 -0.3328995 -0.1805736 0.9171292
2460.499834 -0.1938210 0.0318338 -0.0604980 0.1293466 -0.3367712 -0.1810718 0.9149140
2460.952220 -0.1997761 0.0337207 -0.0670877 0.1484344 -0.3523535 -0.1798361 0.9063516
2461.852429 -0.2138707 0.0399358 -0.0786446 0.1781401 -0.3778861 -0.1838966 0.8897473
2462.451700 -0.2200669 0.0422926 -0.0830567 0.1955816 -0.3892093 -0.1742199 0.8831260
2465.085364 -0.2486912 0.0632699 -0.1154786 0.2084638 -0.4213244 -0.1723508 0.8656349
2465.875410 -0.2465113 0.0669440 -0.1191270 0.1781503 -0.4146770 -0.1881462 0.8722996
2465.925405 -0.2463283 0.0671284 -0.1195001 0.1756982 -0.4134826 -0.1893176 0.8731101
2466.325366 -0.2438223 0.0707878 -0.1240876 0.1498967 -0.4154476 -0.2010649 0.8743610
2466.425357 -0.2433763 0.0709237 -0.1236942 0.1412308 -0.4119147 -0.2054956 0.8764426
2466.525347 -0.2435525 0.0710807 -0.1241298 0.1328091 -0.4086577 -0.2098789 0.8782434
2467.925211 -0.2550102 0.0886353 -0.1339726 0.0770812 -0.3825991 -0.2430303 0.8880387
2468.275178 -0.2578110 0.0924363 -0.1359211 0.0641175 -0.3884828 -0.2499880 0.8845767
2469.775032 -0.2683865 0.1035726 -0.1442825 0.0302210 -0.3783703 -0.2676924 0.8855866
2470.280080 -0.2715378 0.1073848 -0.1497057 0.0220734 -0.3763934 -0.2718291 0.8854094
2470.943687 -0.2752981 0.1109906 -0.1552884 0.0209683 -0.3773278 -0.2721250 0.8849475
2471.904874 -0.2800360 0.1172832 -0.1613374 0.0141958 -0.3682094 -0.2762830 0.8876306
2472.805794 -0.2853853 0.1234102 -0.1693506 0.0054573 -0.3669163 -0.2809268 0.8868049
2473.305508 -0.2888139 0.1242591 -0.1746829 0.0223116 -0.3793603 -0.2712625 0.8843102
2473.405519 -0.2897173 0.1238922 -0.1751852 0.0312798 -0.3836191 -0.2666752 0.8835962
2474.749304 -0.2962857 0.1215376 -0.1896372 0.1144687 -0.4231201 -0.2235415 0.8705720
2475.537454 -0.3003225 0.1216811 -0.1981635 0.1492809 -0.4336484 -0.2052343 0.8646058
2476.924340 -0.3062687 0.1296635 -0.2072712 0.1442135 -0.4279424 -0.2063940 0.8680261
2477.174316 -0.3063516 0.1297499 -0.2081971 0.1477160 -0.4283654 -0.2046406 0.8676435
2477.524282 -0.3063172 0.1304443 -0.2096503 0.1473805 -0.4258511 -0.2041942 0.8690424
2477.924243 -0.3064610 0.1334494 -0.2119778 0.1285469 -0.4182805 -0.2143656 0.8732495
2478.574180 -0.3096479 0.1409957 -0.2135107 0.0848956 -0.4018940 -0.2375553 0.8802508
2478.774161 -0.3106785 0.1427416 -0.2163799 0.0709129 -0.3912140 -0.2460833 0.8839492
2479.024137 -0.3111864 0.1452802 -0.2159587 0.0516880 -0.3796913 -0.2575714 0.8870287
2479.824059 -0.3100691 0.1521784 -0.2129342 -0.0077684 -0.3587493 -0.2882832 0.8877677
2480.274016 -0.3092492 0.1534039 -0.2130882 -0.0373026 -0.3455851 -0.3030743 0.8873136
2480.723972 -0.3083547 0.1551608 -0.2129404 -0.0594659 -0.3337824 -0.3151117 0.8864298
2481.723875 -0.3086074 0.1553100 -0.2126725 -0.0608735 -0.3351463 -0.3149905 0.8858625
