2444.927438 0.0000000 0.0000000 0.0000000 -0.0000000 -0.0000000 -0.0000000 1.0000000
2449.476998 -0.0140284 0.0021179 0.0018137 -0.0246618 -0.0184348 -0.0006645 0.9995257
2449.526993 -0.0137434 0.0015068 0.0017329 -0.0235510 -0.0200179 -0.0010471 0.9995217
2451.226828 -0.0385524 0.0011035 0.0017001 -0.0116856 -0.0598848 -0.0303927 0.9976741
2451.326819 -0.0401138 0.0011906 0.0021826 -0.0114498 -0.0625039 -0.0321400 0.9974614
2451.526799 -0.0442933 0.0008015 0.0021705 -0.0105441 -0.0670845 -0.0350599 0.9970754
2452.276727 -0.0537127 0.0014407 0.0011787 -0.0075341 -0.0880970 -0.0443832 0.9950941
2452.676688 -0.0626474 0.0012004 -0.0009231 -0.0030789 -0.0983030 -0.0482469 0.9939815
2452.726683 -0.0641112 0.0022408 -0.0010872 -0.0038799 -0.1021208 -0.0481988 0.9935961
2455.176446 -0.0990775 0.0088108 -0.0052801 -0.0079855 -0.1678689 -0.0981932 0.9808743
2455.426422 -0.1042766 0.0094549 -0.0069383 -0.0087785 -0.1731639 -0.1042819 0.9793174
2456.176349 -0.1149899 0.0123426 -0.0094288 -0.0118819 -0.1841353 -0.1188705 0.9756141
2456.626306 -0.1203689 0.0143021 -0.0098684 -0.0139892 -0.1883686 -0.1304578 0.9732946
2456.826286 -0.1240282 0.0152279 -0.0114277 -0.0162461 -0.1942444 -0.1340776 0.9716113
2457.176252 -0.1320873 0.0179866 -0.0137059 -0.0168523 -0.2040249 -0.1450305 0.9680166
2457.426228 -0.1373006 0.0196027 -0.0157221 -0.0176395 -0.2131437 -0.1493953 0.9653702
2457.826189 -0.1460307 0.0225735 -0.0206617 -0.0161775 -0.2271914 -0.1624639 0.9600666
2458.026170 -0.1492828 0.0232438 -0.0234370 -0.0156201 -0.2311313 -0.1660159 0.9585265
2458.126160 -0.1498151 0.0224414 -0.0241499 -0.0142121 -0.2329895 -0.1678398 0.9577806
2458.576117 -0.1630539 0.0261696 -0.0327360 0.0076932 -0.2561576 -0.1781260 0.9500501
2458.676502 -0.1651834 0.0259655 -0.0346375 0.0155922 -0.2634294 -0.1789538 0.9478066
2458.830833 -0.1686532 0.0264080 -0.0383314 0.0220148 -0.2697758 -0.1806644 0.9455670
2459.187575 -0.1756694 0.0271051 -0.0443593 0.0497210 -0.2877916 -0.1828358 0.9387624
2459.438499 -0.1800858 0.0282259 -0.0471581 0.0684373 -0.2970798 -0.1816722 0.9349092
2459.997887 -0.1908515 0.0299563 -0.0554879 0.1049512 -0.3233792 -0.1826559 0.9225227
2460.751923 -0.1997756 0.0326839 -0.0651114 0.1407438 -0.3450451 -0.1785089 0.9106424
2461.051855 -0.2044940 0.0345949 -0.0702635 0.1519051 -0.3555430 -0.1794889 0.9045981
2462.152440 -0.2217263 0.0420083 -0.0837565 0.1883170 -0.3823156 -0.1776410 0.8870260
2462.401704 -0.2228570 0.0426530 -0.0841845 0.1946770 -0.3891199 -0.1738956 0.8834291
2463.551494 -0.2321922 0.0489528 -0.0950159 0.1930091 -0.4001847 -0.1759070 0.8784397
2465.625434 -0.2520641 0.0679792 -0.1228167 0.1872401 -0.4193169 -0.1831609 0.8692333
2465.925405 -0.2516178 0.0688926 -0.1239272 0.1758891 -0.4138352 -0.1891638 0.8729379
2466.025395 -0.2513568 0.0691758 -0.1243707 0.1694255 -0.4120866 -0.1922350 0.8743714
2466.325366 -0.2491187 0.0725247 -0.1280433 0.1498474 -0.4164108 -0.2006291 0.8740113
2466.525347 -0.2482184 0.0745116 -0.1296820 0.1332511 -0.4094211 -0.2093458 0.8779480
2469.475061 -0.2702231 0.1041788 -0.1496937 0.0350805 -0.3830010 -0.2647911 0.8842881
2469.625047 -0.2728516 0.1056823 -0.1502026 0.0329158 -0.3813696 -0.2664364 0.8845821
2470.280080 -0.2778790 0.1104025 -0.1565859 0.0222360 -0.3765271 -0.2719713 0.8853047
2470.995143 -0.2821501 0.1150624 -0.1622920 0.0215688 -0.3780386 -0.2720630 0.8846487
2471.904874 -0.2868038 0.1206119 -0.1690932 0.0144716 -0.3681834 -0.2766449 0.8875242
2472.406208 -0.2908524 0.1249781 -0.1738284 0.0075815 -0.3635065 -0.2807123 0.8882602
2472.755937 -0.2922250 0.1272570 -0.1761019 0.0061550 -0.3669766 -0.2806401 0.8868661
2473.305508 -0.2960342 0.1283643 -0.1821431 0.0226792 -0.3794674 -0.2715116 0.8841785
2473.504185 -0.2967077 0.1284369 -0.1838150 0.0397234 -0.3879531 -0.2624022 0.8826435
2474.202182 -0.3014244 0.1260333 -0.1918751 0.0829852 -0.4076416 -0.2400042 0.8771202
2476.624369 -0.3129582 0.1318769 -0.2148104 0.1382608 -0.4253151 -0.2102245 0.8693657
2476.824350 -0.3134280 0.1329799 -0.2167383 0.1424996 -0.4280085 -0.2074196 0.8680321
2477.024331 -0.3126312 0.1331459 -0.2172055 0.1449039 -0.4285950 -0.2055119 0.8677984
2477.524282 -0.3129326 0.1344801 -0.2184940 0.1475496 -0.4263139 -0.2039501 0.8688440
2477.624272 -0.3125079 0.1341871 -0.2185383 0.1444232 -0.4260907 -0.2054333 0.8691294
2478.474190 -0.3161905 0.1408062 -0.2244327 0.0929686 -0.4062296 -0.2331982 0.8786086
2478.574180 -0.3165586 0.1421735 -0.2243805 0.0840855 -0.4021671 -0.2380776 0.8800626
2478.924147 -0.3186327 0.1475832 -0.2263044 0.0600453 -0.3843271 -0.2530027 0.8858199
2479.174122 -0.3176915 0.1487878 -0.2235646 0.0394175 -0.3770469 -0.2627411 0.8872706
2479.824059 -0.3171538 0.1555814 -0.2239682 -0.0082626 -0.3588136 -0.2885391 0.8876541
2480.074035 -0.3172777 0.1554548 -0.2235737 -0.0261438 -0.3516110 -0.2974977 0.8872324
2480.274016 -0.3172514 0.1555719 -0.2239275 -0.0380940 -0.3456867 -0.3037643 0.8870044
2480.523992 -0.3149953 0.1572334 -0.2214904 -0.0520276 -0.3378968 -0.3114857 0.8866203
2481.473900 -0.3156237 0.1595072 -0.2218094 -0.0609367 -0.3325760 -0.3166879 0.8862216
