2444.927438 0.0000000 0.0000000 0.0000000 -0.0000000 -0.0000000 -0.0000000 1.0000000
2449.476998 -0.0132899 0.0019140 0.0019491 -0.0247584 -0.0183939 -0.0007907 0.9995239
2449.626983 -0.0147278 0.0016571 0.0019960 -0.0234097 -0.0219814 -0.0014410 0.9994833
2449.676978 -0.0147841 0.0015265 0.0021918 -0.0228454 -0.0231618 -0.0016124 0.9994694
2451.126838 -0.0351366 0.0009782 0.0023247 -0.0115742 -0.0568737 -0.0291454 0.9978887
2451.226828 -0.0367470 0.0011931 0.0019996 -0.0116749 -0.0597222 -0.0307038 0.9976744
2451.626790 -0.0438124 0.0014625 0.0022875 -0.0115851 -0.0706680 -0.0371717 0.9967397
2452.076746 -0.0496694 0.0016090 0.0018004 -0.0090867 -0.0833634 -0.0420386 0.9955907
2452.476707 -0.0538958 0.0015670 0.0005853 -0.0047059 -0.0917793 -0.0456693 0.9947204
2452.826673 -0.0653023 0.0027259 -0.0028962 -0.0039944 -0.1107695 -0.0513839 0.9925089
2452.926664 -0.0679367 0.0033743 -0.0030605 -0.0052795 -0.1172821 -0.0553373 0.9915417
2455.276436 -0.0959915 0.0090116 -0.0054829 -0.0077517 -0.1700803 -0.1019259 0.9801141
2456.176349 -0.1088606 0.0118463 -0.0086359 -0.0118742 -0.1839527 -0.1191888 0.9756098
2456.626306 -0.1141548 0.0136104 -0.0094419 -0.0140457 -0.1879874 -0.1308550 0.9733141
2457.076262 -0.1230813 0.0165734 -0.0117940 -0.0173127 -0.2010059 -0.1414088 0.9691752
2457.276243 -0.1273342 0.0182300 -0.0131181 -0.0178697 -0.2074413 -0.1464172 0.9670630
2457.576214 -0.1333054 0.0196043 -0.0162139 -0.0168622 -0.2183226 -0.1548022 0.9633728
2457.876184 -0.1392593 0.0221639 -0.0199025 -0.0161144 -0.2279393 -0.1646946 0.9595101
2458.026170 -0.1414795 0.0216792 -0.0222671 -0.0159600 -0.2308301 -0.1663107 0.9585423
2458.076165 -0.1421767 0.0223541 -0.0220647 -0.0157265 -0.2313651 -0.1667395 0.9583428
2458.626112 -0.1557579 0.0272128 -0.0297966 0.0108185 -0.2591178 -0.1782128 0.9492002
2458.880493 -0.1614173 0.0276594 -0.0348731 0.0265804 -0.2717512 -0.1812658 0.9447685
2458.980345 -0.1637223 0.0284397 -0.0363734 0.0340499 -0.2772049 -0.1822086 0.9427609
2459.136493 -0.1664613 0.0283261 -0.0392468 0.0460585 -0.2851384 -0.1826592 0.9397928
2459.594331 -0.1738092 0.0291197 -0.0453949 0.0793334 -0.3046271 -0.1821755 0.9315153
2459.947655 -0.1803050 0.0310518 -0.0502645 0.1037019 -0.3215140 -0.1828133 0.9232844
2460.701533 -0.1882315 0.0328605 -0.0582999 0.1380460 -0.3424560 -0.1793738 0.9118620
2461.852429 -0.2083918 0.0422947 -0.0759349 0.1794772 -0.3774392 -0.1840923 0.8896278
2462.401704 -0.2103982 0.0417724 -0.0761978 0.1950858 -0.3894877 -0.1738859 0.8831787
2462.451700 -0.2107781 0.0414545 -0.0759357 0.1958800 -0.3906637 -0.1734762 0.8825638
2464.938993 -0.2368310 0.0610325 -0.1058122 0.2039277 -0.4169280 -0.1731272 0.8686838
2465.975400 -0.2333583 0.0649767 -0.1103506 0.1727305 -0.4145500 -0.1898031 0.8730906
2466.075391 -0.2324179 0.0666087 -0.1120224 0.1677399 -0.4145094 -0.1918788 0.8736291
2466.425357 -0.2412393 0.0739665 -0.1186614 0.1426718 -0.4111763 -0.2063617 0.8763525
2468.525153 -0.2524295 0.0941282 -0.1314525 0.0579929 -0.3866158 -0.2538581 0.8847153
2469.125095 -0.2543066 0.0974213 -0.1340383 0.0429767 -0.3813944 -0.2616818 0.8855585
2469.325076 -0.2551298 0.0990515 -0.1354473 0.0391597 -0.3842602 -0.2631248 0.8840679
2469.675042 -0.2581531 0.1015541 -0.1374009 0.0325802 -0.3809687 -0.2667902 0.8846605
2470.280080 -0.2618919 0.1054022 -0.1437055 0.0226976 -0.3769514 -0.2718171 0.8851599
2470.943687 -0.2657421 0.1091815 -0.1489043 0.0217785 -0.3778311 -0.2722277 0.8846816
2471.754572 -0.2696909 0.1137399 -0.1540813 0.0196102 -0.3715408 -0.2738882 0.8868812
2472.356351 -0.2737477 0.1187583 -0.1596666 0.0081362 -0.3636268 -0.2805841 0.8882466
2472.805794 -0.2754992 0.1204531 -0.1627727 0.0058627 -0.3674125 -0.2810571 0.8865555
2473.355662 -0.2795009 0.1212997 -0.1685125 0.0286279 -0.3825794 -0.2686329 0.8835439
2474.252177 -0.2845046 0.1203398 -0.1772780 0.0850659 -0.4101019 -0.2393173 0.8759609
2475.145394 -0.2873518 0.1195081 -0.1860978 0.1329026 -0.4276802 -0.2142050 0.8680684
2475.638036 -0.2895305 0.1200771 -0.1904940 0.1533985 -0.4352151 -0.2032243 0.8635721
2476.424389 -0.2925346 0.1248358 -0.1954507 0.1366730 -0.4264260 -0.2111883 0.8688388
2476.924340 -0.2953028 0.1265738 -0.2001959 0.1446985 -0.4285497 -0.2067955 0.8675501
2477.074326 -0.2951220 0.1265575 -0.2004068 0.1460904 -0.4284673 -0.2056294 0.8676347
2477.574277 -0.2958530 0.1275578 -0.2018039 0.1466271 -0.4263906 -0.2047689 0.8687700
2477.724263 -0.2947021 0.1287163 -0.2024953 0.1394915 -0.4239768 -0.2083792 0.8702666
2478.824156 -0.3005270 0.1399224 -0.2054457 0.0677105 -0.3902078 -0.2478143 0.8841614
2479.174122 -0.3033919 0.1441156 -0.2047824 0.0405225 -0.3766284 -0.2638859 0.8870587
2479.524088 -0.3013465 0.1466524 -0.2045666 0.0130610 -0.3684842 -0.2774644 0.8871653
2480.024040 -0.3003827 0.1499431 -0.2036129 -0.0224930 -0.3529514 -0.2960481 0.8872851
2480.374006 -0.2989665 0.1505201 -0.2026103 -0.0419219 -0.3438322 -0.3062816 0.8866869
2480.623982 -0.2990423 0.1523459 -0.2034588 -0.0557769 -0.3356665 -0.3139825 0.8863589
2481.073938 -0.2978615 0.1518703 -0.2030910 -0.0600066 -0.3336401 -0.3161396 0.8860809
2481.823866 -0.2987157 0.1513100 -0.2033223 -0.0602102 -0.3375650 -0.3148231 0.8850486
