2469.725037 0.0000000 0.0000000 0.0000000 -0.0000000 -0.0000000 -0.0000000 1.0000000
2470.787973 -0.0070962 0.0004777 -0.0006452 -0.0120356 0.0023368 -0.0006527 0.9999247
2470.891756 -0.0083780 0.0004756 -0.0006494 -0.0112753 0.0002065 -0.0008398 0.9999360
2471.502878 -0.0113206 0.0005000 -0.0010111 -0.0092945 0.0019807 -0.0003485 0.9999548
2471.704715 -0.0127376 0.0008230 -0.0009242 -0.0144109 0.0049225 -0.0008527 0.9998837
2472.256203 -0.0171930 0.0017814 -0.0006791 -0.0307712 0.0104683 -0.0021060 0.9994694
2472.455927 -0.0187524 0.0017260 -0.0010464 -0.0297259 0.0080503 -0.0022126 0.9995232
2472.805794 -0.0206315 0.0018179 -0.0013726 -0.0309389 0.0048772 -0.0021609 0.9995071
2473.055789 -0.0218948 0.0013113 -0.0016360 -0.0272522 0.0011899 -0.0016553 0.9996265
2473.255651 -0.0234391 0.0006305 -0.0016606 -0.0145049 -0.0021984 -0.0006328 0.9998922
2474.053085 -0.0269385 -0.0021758 -0.0035160 0.0510907 -0.0097109 0.0028207 0.9986429
2474.152601 -0.0277621 -0.0028182 -0.0037007 0.0584805 -0.0111819 0.0032942 0.9982205
2474.352365 -0.0296167 -0.0035879 -0.0042655 0.0737765 -0.0184223 0.0035988 0.9970981
2476.374393 -0.0399967 -0.0058538 -0.0073409 0.1286783 -0.0172151 0.0069668 0.9915125
2476.624369 -0.0417112 -0.0058647 -0.0076315 0.1295739 -0.0154817 0.0072789 0.9914222
2476.874345 -0.0437867 -0.0061799 -0.0082294 0.1357790 -0.0162909 0.0078061 0.9905745
2476.924340 -0.0438410 -0.0062988 -0.0080522 0.1366318 -0.0162783 0.0079617 0.9904562
2477.174316 -0.0446843 -0.0063739 -0.0080151 0.1405712 -0.0156425 0.0080391 0.9899144
2477.574277 -0.0452668 -0.0061413 -0.0079679 0.1385134 -0.0133236 0.0083270 0.9902359
2477.624272 -0.0452830 -0.0062993 -0.0077410 0.1363798 -0.0133972 0.0084549 0.9905300
2477.724263 -0.0456902 -0.0061830 -0.0078835 0.1294702 -0.0121709 0.0080232 0.9914762
2478.374200 -0.0505121 -0.0039495 -0.0075893 0.0842445 -0.0075675 0.0055970 0.9964007
2479.824059 -0.0546966 0.0012815 -0.0063518 -0.0494607 0.0098381 -0.0045752 0.9987171
2480.224021 -0.0548241 0.0044486 -0.0063457 -0.0807885 0.0129728 -0.0065903 0.9966251
2480.424001 -0.0544903 0.0047311 -0.0062363 -0.0938652 0.0154019 -0.0082341 0.9954317
2480.723972 -0.0556250 0.0051617 -0.0059397 -0.1103679 0.0175563 -0.0100677 0.9936848
2480.823963 -0.0539528 0.0056023 -0.0065875 -0.1125923 0.0167573 -0.0089430 0.9934597
