2469.675042 0.0000000 0.0000000 0.0000000 -0.0000000 -0.0000000 -0.0000000 1.0000000
2471.197514 -0.0142000 -0.0017253 -0.0026576 -0.0105547 -0.0013600 -0.0002546 0.9999434
2471.298255 -0.0149395 -0.0012150 -0.0025528 -0.0084848 -0.0010139 -0.0000502 0.9999635
2471.804883 -0.0185355 -0.0005652 -0.0027898 -0.0194567 0.0056966 -0.0009718 0.9997940
2471.854879 -0.0191900 -0.0001869 -0.0026934 -0.0220435 0.0066015 -0.0009592 0.9997348
2472.555779 -0.0260723 0.0003495 -0.0032104 -0.0330619 0.0076571 -0.0019906 0.9994220
2472.805794 -0.0285899 -0.0001901 -0.0041769 -0.0335265 0.0047390 -0.0019890 0.9994246
2473.055789 -0.0308768 -0.0006292 -0.0045409 -0.0296785 0.0013672 -0.0015286 0.9995574
2473.305508 -0.0330817 -0.0022959 -0.0051489 -0.0118290 -0.0026224 -0.0001114 0.9999266
2473.405519 -0.0336132 -0.0027414 -0.0052478 -0.0007821 -0.0040480 0.0005984 0.9999914
2473.454862 -0.0343614 -0.0028353 -0.0053668 0.0045799 -0.0042917 0.0008668 0.9999799
2474.202182 -0.0401296 -0.0070849 -0.0078993 0.0616239 -0.0126143 0.0037155 0.9980128
2474.352365 -0.0418028 -0.0077078 -0.0086671 0.0713456 -0.0182754 0.0038488 0.9972768
2476.029050 -0.0555498 -0.0109064 -0.0128003 0.1373023 -0.0217444 0.0070563 0.9902654
2476.724360 -0.0619162 -0.0102331 -0.0133117 0.1304122 -0.0154835 0.0079438 0.9913071
2476.824350 -0.0619547 -0.0102202 -0.0137242 0.1330157 -0.0162843 0.0081370 0.9909468
2476.924340 -0.0622188 -0.0101819 -0.0136596 0.1349389 -0.0160077 0.0084867 0.9906883
2477.024331 -0.0622747 -0.0101852 -0.0141624 0.1359234 -0.0161761 0.0084607 0.9905512
2477.174316 -0.0623945 -0.0100127 -0.0148150 0.1389748 -0.0158065 0.0089385 0.9901294
2477.574277 -0.0665283 -0.0097569 -0.0141602 0.1368393 -0.0120959 0.0087749 0.9904805
2478.824156 -0.0750422 -0.0111294 -0.0207773 0.0370597 0.0035956 0.0041508 0.9992980
2479.274113 -0.0777017 -0.0114079 -0.0225956 -0.0078248 0.0101248 0.0005508 0.9999180
2479.574084 -0.0798659 -0.0111330 -0.0256984 -0.0369420 0.0094963 -0.0022823 0.9992697
2480.523992 -0.0783600 0.0003705 -0.0191237 -0.1049171 0.0171878 -0.0082771 0.9942980
2480.773967 -0.0774220 0.0004766 -0.0197589 -0.1152164 0.0171792 -0.0088331 0.9931526
2480.923953 -0.0781357 0.0010276 -0.0182494 -0.1166148 0.0180857 -0.0095192 0.9929669
