2469.725037 0.0000000 0.0000000 0.0000000 -0.0000000 -0.0000000 -0.0000000 1.0000000
2471.904874 -0.0279927 0.0024038 -0.0018638 -0.0213207 0.0059310 -0.0012073 0.9997544
2472.005891 -0.0295542 0.0026870 -0.0019819 -0.0227661 0.0062809 -0.0013833 0.9997202
2472.206050 -0.0326490 0.0037559 -0.0008232 -0.0292518 0.0100010 -0.0016996 0.9995206
2472.356351 -0.0352542 0.0034576 -0.0018553 -0.0300843 0.0084973 -0.0020016 0.9995093
2472.805794 -0.0402111 0.0036333 -0.0025150 -0.0310619 0.0039611 -0.0019418 0.9995077
2473.105646 -0.0438195 0.0032229 -0.0025034 -0.0249982 -0.0008051 -0.0013468 0.9996862
2473.553627 -0.0494412 -0.0012789 -0.0047174 0.0175220 -0.0077823 0.0011148 0.9998156
2473.752897 -0.0509275 -0.0022518 -0.0053260 0.0291667 -0.0086860 0.0018689 0.9995351
2474.102764 -0.0539418 -0.0049987 -0.0063052 0.0568438 -0.0116894 0.0033650 0.9983090
2474.202182 -0.0563590 -0.0056517 -0.0069311 0.0643583 -0.0136189 0.0036433 0.9978273
2474.550607 -0.0612403 -0.0078990 -0.0087684 0.0871188 -0.0211485 0.0040846 0.9959651
2476.229050 -0.0788068 -0.0112597 -0.0137531 0.1318730 -0.0202023 0.0067244 0.9910380
2476.674364 -0.0826900 -0.0120212 -0.0157844 0.1320557 -0.0175750 0.0075631 0.9910576
2476.824350 -0.0858105 -0.0114928 -0.0150480 0.1353229 -0.0180179 0.0078217 0.9906068
2476.974335 -0.0864718 -0.0115322 -0.0148124 0.1374826 -0.0176787 0.0078852 0.9903150
2477.424292 -0.0892925 -0.0110133 -0.0142879 0.1439219 -0.0149365 0.0082993 0.9894416
2477.574277 -0.0895046 -0.0106170 -0.0140896 0.1392127 -0.0144931 0.0082285 0.9901223
2477.624272 -0.0893342 -0.0106233 -0.0139031 0.1372606 -0.0147394 0.0083928 0.9903898
2478.774161 -0.1049554 -0.0015862 -0.0141112 0.0474133 0.0003282 0.0036499 0.9988686
2479.524088 -0.1105440 -0.0002349 -0.0173655 -0.0243798 0.0073917 -0.0017727 0.9996738
2479.774064 -0.1101440 -0.0001032 -0.0169505 -0.0454157 0.0084174 -0.0036764 0.9989260
2481.373909 -0.1097872 0.0101272 -0.0134889 -0.1126214 0.0168263 -0.0101373 0.9934438
2481.623885 -0.1105681 0.0097963 -0.0156651 -0.1116196 0.0152833 -0.0100741 0.9935824
