2469.725037 0.0000000 0.0000000 0.0000000 -0.0000000 -0.0000000 -0.0000000 1.0000000
2470.787973 -0.0062756 0.0003842 -0.0007447 -0.0120644 0.0022016 -0.0005933 0.9999247
2471.097089 -0.0084861 0.0002262 -0.0010260 -0.0096404 -0.0015444 -0.0003365 0.9999523
2471.197514 -0.0089440 0.0002903 -0.0009119 -0.0082744 -0.0017717 -0.0002923 0.9999642
2471.804883 -0.0118538 0.0007242 -0.0011942 -0.0173668 0.0053965 -0.0009096 0.9998342
2472.106039 -0.0140834 0.0012236 -0.0010479 -0.0268239 0.0095115 -0.0016297 0.9995936
2472.256203 -0.0152958 0.0014476 -0.0009882 -0.0308681 0.0102011 -0.0020860 0.9994692
2472.706080 -0.0180997 0.0012959 -0.0015516 -0.0299800 0.0048260 -0.0020941 0.9995366
2473.355662 -0.0215439 -0.0001448 -0.0022183 -0.0023971 -0.0037440 -0.0000091 0.9999902
2474.152601 -0.0246966 -0.0027613 -0.0039139 0.0583368 -0.0117022 0.0033734 0.9982226
2474.252177 -0.0255496 -0.0029768 -0.0038225 0.0662708 -0.0151116 0.0036099 0.9976807
2475.145394 -0.0286439 -0.0052589 -0.0063100 0.1230432 -0.0204450 0.0059397 0.9921729
2476.229050 -0.0352125 -0.0054720 -0.0072790 0.1314932 -0.0198805 0.0070012 0.9910930
2476.674364 -0.0370989 -0.0057048 -0.0076831 0.1317408 -0.0171926 0.0076980 0.9911052
2476.824350 -0.0376199 -0.0057852 -0.0076989 0.1347239 -0.0182323 0.0082544 0.9906811
2476.924340 -0.0383577 -0.0059164 -0.0082418 0.1365946 -0.0175556 0.0083457 0.9904363
2477.424292 -0.0395994 -0.0057242 -0.0083352 0.1432526 -0.0149025 0.0084518 0.9895379
2477.474287 -0.0398081 -0.0058874 -0.0080959 0.1419159 -0.0142432 0.0086982 0.9897380
2477.574277 -0.0405178 -0.0055891 -0.0080958 0.1384977 -0.0139226 0.0084151 0.9902291
2478.974142 -0.0487053 -0.0010722 -0.0063957 0.0280771 0.0064604 0.0022740 0.9995823
2479.174122 -0.0473537 -0.0009137 -0.0082621 0.0082045 0.0060447 0.0023268 0.9999454
2480.723972 -0.0502462 0.0005507 -0.0081546 -0.1136651 0.0170659 -0.0106074 0.9933159
2481.623885 -0.0496292 0.0043698 -0.0074546 -0.1114695 0.0154740 -0.0105420 0.9935915
