2444.927438 0.0000000 0.0000000 0.0000000 -0.0000000 -0.0000000 -0.0000000 1.0000000
2449.476998 -0.0134805 0.0016714 0.0018754 -0.0248875 -0.0184933 -0.0007372 0.9995189
2449.526993 -0.0132294 0.0015186 0.0019015 -0.0235775 -0.0200869 -0.0011189 0.9995196
2450.576891 -0.0271377 0.0013249 0.0023608 -0.0157024 -0.0442502 -0.0152582 0.9987805
2451.126838 -0.0355136 0.0005231 0.0020351 -0.0117872 -0.0570215 -0.0288877 0.9978853
2451.276823 -0.0376945 0.0008153 0.0022441 -0.0120212 -0.0612043 -0.0308147 0.9975771
2452.076746 -0.0505171 0.0018299 0.0017445 -0.0090111 -0.0834438 -0.0419817 0.9955871
2452.476707 -0.0546262 0.0016491 0.0009867 -0.0046763 -0.0919643 -0.0454754 0.9947124
2453.976562 -0.0804092 0.0054605 -0.0024325 -0.0081058 -0.1374056 -0.0727558 0.9878060
2454.076552 -0.0814230 0.0054746 -0.0025651 -0.0088274 -0.1392312 -0.0758509 0.9873112
2456.176349 -0.1108552 0.0122182 -0.0084478 -0.0118039 -0.1840045 -0.1190882 0.9756131
2456.976272 -0.1227312 0.0155383 -0.0119993 -0.0156582 -0.1988843 -0.1388600 0.9700091
2457.176252 -0.1273826 0.0173262 -0.0130079 -0.0169192 -0.2038605 -0.1454865 0.9679816
2457.526218 -0.1341796 0.0195681 -0.0156208 -0.0181382 -0.2164989 -0.1520492 0.9641993
2457.776194 -0.1395798 0.0220180 -0.0177584 -0.0164032 -0.2257782 -0.1615988 0.9605420
2457.826189 -0.1404558 0.0219093 -0.0193711 -0.0161394 -0.2273001 -0.1627665 0.9599902
2458.076165 -0.1439835 0.0230376 -0.0209834 -0.0155908 -0.2321006 -0.1667071 0.9581727
2458.426131 -0.1538208 0.0260431 -0.0259891 0.0009804 -0.2458923 -0.1753114 0.9533111
2458.526122 -0.1526467 0.0254196 -0.0273664 0.0050937 -0.2542354 -0.1760301 0.9509742
2458.728235 -0.1605740 0.0275615 -0.0314697 0.0176663 -0.2660152 -0.1790877 0.9470224
2458.780107 -0.1614827 0.0274382 -0.0329880 0.0195471 -0.2681609 -0.1798367 0.9462380
2458.880493 -0.1637799 0.0276088 -0.0347461 0.0264417 -0.2719976 -0.1812407 0.9447063
2459.187575 -0.1694012 0.0290350 -0.0400377 0.0507611 -0.2879646 -0.1826402 0.9386919
2459.337284 -0.1711200 0.0284684 -0.0408803 0.0620684 -0.2952082 -0.1813321 0.9360119
2459.594331 -0.1757156 0.0295455 -0.0441869 0.0792459 -0.3054951 -0.1814493 0.9313802
2459.746055 -0.1789334 0.0308185 -0.0466854 0.0891431 -0.3136280 -0.1827091 0.9275281
2460.147715 -0.1853061 0.0313572 -0.0516211 0.1163973 -0.3304121 -0.1804636 0.9190823
2460.298471 -0.1876076 0.0323737 -0.0533283 0.1248077 -0.3342441 -0.1800427 0.9166725
2461.852429 -0.2092518 0.0419116 -0.0729449 0.1791413 -0.3791850 -0.1829131 0.8891962
2465.775420 -0.2397448 0.0669566 -0.1114945 0.1828109 -0.4189171 -0.1848306 0.8700151
2466.175381 -0.2421163 0.0712869 -0.1161267 0.1615792 -0.4160624 -0.1959183 0.8731554
2466.375362 -0.2447442 0.0753287 -0.1215479 0.1460557 -0.4127584 -0.2046140 0.8754607
2466.475352 -0.2462315 0.0771816 -0.1200615 0.1381480 -0.4090861 -0.2091631 0.8773907
2468.275178 -0.2563122 0.0933552 -0.1327877 0.0646132 -0.3889001 -0.2504281 0.8842328
2469.075100 -0.2588541 0.0985469 -0.1362716 0.0441266 -0.3808698 -0.2616139 0.8857479
2469.325076 -0.2605534 0.1008536 -0.1388438 0.0392149 -0.3840809 -0.2634362 0.8840506
2469.525057 -0.2615789 0.1023563 -0.1399845 0.0341717 -0.3825697 -0.2660296 0.8841385
2469.625047 -0.2617795 0.1024284 -0.1404372 0.0331882 -0.3821383 -0.2663420 0.8842686
2469.725037 -0.2621659 0.1028701 -0.1405455 0.0314926 -0.3807293 -0.2672289 0.8846707
2470.075398 -0.2637439 0.1053925 -0.1437201 0.0259694 -0.3779832 -0.2698599 0.8852288
2470.839706 -0.2681094 0.1096145 -0.1502574 0.0215761 -0.3768505 -0.2721545 0.8851272
2471.298255 -0.2712962 0.1118691 -0.1538832 0.0252999 -0.3802271 -0.2699477 0.8842599
2472.106039 -0.2754153 0.1182752 -0.1596954 0.0110566 -0.3647592 -0.2784478 0.8884229
2472.656085 -0.2786173 0.1220527 -0.1644499 0.0070181 -0.3672956 -0.2802198 0.8868605
2472.805794 -0.2786183 0.1218182 -0.1652710 0.0057270 -0.3685305 -0.2805711 0.8862462
2473.355662 -0.2832113 0.1227071 -0.1715877 0.0283844 -0.3833718 -0.2683271 0.8833012
2473.653795 -0.2845993 0.1220905 -0.1747621 0.0506298 -0.3942983 -0.2566408 0.8809659
2475.145394 -0.2900424 0.1249568 -0.1861408 0.1342359 -0.4289991 -0.2131333 0.8674760
2475.537454 -0.2931615 0.1215907 -0.1930835 0.1500204 -0.4353165 -0.2045650 0.8637978
2476.724360 -0.2988819 0.1285518 -0.2024226 0.1408678 -0.4281438 -0.2080471 0.8680816
2476.824350 -0.2990755 0.1288021 -0.2031677 0.1430070 -0.4292941 -0.2070754 0.8673957
2477.424292 -0.2992859 0.1303116 -0.2046313 0.1509447 -0.4287820 -0.2025927 0.8673627
2478.074229 -0.3067253 0.1435125 -0.2060053 0.1230909 -0.4165217 -0.2190155 0.8737223
2479.174122 -0.3061653 0.1449311 -0.2139255 0.0397274 -0.3772476 -0.2631515 0.8870498
2479.724069 -0.3057436 0.1453814 -0.2155329 -0.0014070 -0.3632602 -0.2846115 0.8871508
2479.924050 -0.3058560 0.1453464 -0.2159818 -0.0196017 -0.3545758 -0.2947441 0.8871402
2480.224021 -0.3056974 0.1455379 -0.2165012 -0.0385174 -0.3464291 -0.3039611 0.8866290
2480.374006 -0.3052376 0.1516156 -0.2124434 -0.0427954 -0.3429785 -0.3071658 0.8866699
2480.573987 -0.3042856 0.1524248 -0.2119469 -0.0542736 -0.3366098 -0.3134520 0.8862821
2480.923953 -0.3036090 0.1528917 -0.2118936 -0.0616416 -0.3334594 -0.3168732 0.8857745
2481.923856 -0.3046433 0.1526575 -0.2126788 -0.0599642 -0.3375986 -0.3154794 0.8848188
