2444.927438 0.0000000 0.0000000 0.0000000 -0.0000000 -0.0000000 -0.0000000 1.0000000
2449.476998 -0.0125654 0.0017497 0.0018027 -0.0248103 -0.0186799 -0.0006495 0.9995174
2449.626983 -0.0138648 0.0015344 0.0019540 -0.0234620 -0.0223382 -0.0013036 0.9994743
2450.226925 -0.0202528 0.0013459 0.0022307 -0.0201412 -0.0344879 -0.0060277 0.9991840
2450.476901 -0.0242448 0.0014674 0.0021876 -0.0164446 -0.0419157 -0.0132852 0.9988975
2450.876862 -0.0301544 0.0009123 0.0019811 -0.0130385 -0.0507229 -0.0222285 0.9983802
2451.276823 -0.0361373 0.0010899 0.0020981 -0.0118503 -0.0613084 -0.0309681 0.9975680
2451.626790 -0.0422793 0.0013886 0.0020242 -0.0115974 -0.0710720 -0.0368390 0.9967232
2452.076746 -0.0480486 0.0016678 0.0017096 -0.0090188 -0.0838550 -0.0418512 0.9955579
2452.476707 -0.0521702 0.0013932 0.0005953 -0.0047342 -0.0922567 -0.0455209 0.9946830
2452.826673 -0.0633944 0.0026649 -0.0031590 -0.0040363 -0.1111725 -0.0510326 0.9924818
2454.076552 -0.0776265 0.0050138 -0.0026882 -0.0089429 -0.1397585 -0.0756962 0.9872475
2455.026460 -0.0888186 0.0069385 -0.0049151 -0.0098636 -0.1632735 -0.0935916 0.9820820
2456.426325 -0.1082903 0.0121661 -0.0085830 -0.0118754 -0.1860948 -0.1253844 0.9744262
2456.826286 -0.1142925 0.0139790 -0.0109400 -0.0162664 -0.1946421 -0.1341072 0.9715272
2457.526218 -0.1289376 0.0183457 -0.0161073 -0.0183259 -0.2167947 -0.1520014 0.9641368
2457.826189 -0.1351603 0.0203876 -0.0197677 -0.0163929 -0.2274469 -0.1628196 0.9599422
2458.176155 -0.1406610 0.0205644 -0.0241928 -0.0120619 -0.2338407 -0.1704822 0.9571357
2458.326141 -0.1444317 0.0214223 -0.0270629 -0.0090924 -0.2386955 -0.1726881 0.9555734
2458.376136 -0.1443835 0.0239633 -0.0271598 -0.0032325 -0.2421838 -0.1743595 0.9544293
2458.476126 -0.1491900 0.0234505 -0.0307250 0.0037531 -0.2492699 -0.1770082 0.9521127
2458.626112 -0.1533254 0.0240426 -0.0325870 0.0096564 -0.2586730 -0.1785637 0.9492682
2458.676502 -0.1543932 0.0246324 -0.0335586 0.0158233 -0.2628053 -0.1793607 0.9478991
2458.880493 -0.1582535 0.0251634 -0.0370604 0.0259878 -0.2715371 -0.1816286 0.9447768
2459.084542 -0.1627631 0.0264566 -0.0398535 0.0415314 -0.2826405 -0.1820986 0.9408665
2459.136493 -0.1640505 0.0264778 -0.0416358 0.0456565 -0.2847458 -0.1829804 0.9398689
2459.187575 -0.1638778 0.0258579 -0.0422203 0.0499346 -0.2874307 -0.1831792 0.9387947
2459.594331 -0.1709072 0.0275451 -0.0468855 0.0788724 -0.3045119 -0.1820373 0.9316191
2460.198480 -0.1807932 0.0291889 -0.0552153 0.1188602 -0.3309005 -0.1809229 0.9185010
2460.499834 -0.1838369 0.0312108 -0.0571454 0.1299115 -0.3372671 -0.1806961 0.9147256
2460.952220 -0.1898013 0.0314451 -0.0656987 0.1482483 -0.3524588 -0.1799786 0.9063129
2462.502070 -0.2101591 0.0433341 -0.0797632 0.1968090 -0.3895651 -0.1734918 0.8828397
2462.901498 -0.2098609 0.0427733 -0.0802193 0.1928680 -0.3960606 -0.1745614 0.8806056
2465.825415 -0.2363513 0.0665611 -0.1151821 0.1808584 -0.4155580 -0.1872272 0.8715204
2465.925405 -0.2360488 0.0676181 -0.1157535 0.1769255 -0.4131230 -0.1896111 0.8729687
2466.325366 -0.2344808 0.0700552 -0.1188667 0.1505370 -0.4156835 -0.2010297 0.8741469
2466.425357 -0.2341064 0.0700263 -0.1188971 0.1417944 -0.4122012 -0.2053852 0.8762428
2466.775323 -0.2346784 0.0704478 -0.1226555 0.1149832 -0.3984555 -0.2207963 0.8827577
2468.275178 -0.2466472 0.0900191 -0.1307643 0.0646116 -0.3888935 -0.2499172 0.8843803
2469.175091 -0.2503403 0.0955119 -0.1357187 0.0425076 -0.3831470 -0.2611357 0.8849857
2469.275081 -0.2515472 0.0964552 -0.1375363 0.0401351 -0.3836482 -0.2624582 0.8844879
2469.625047 -0.2534177 0.0985239 -0.1385204 0.0328601 -0.3817180 -0.2661450 0.8845215
2470.280080 -0.2582850 0.1027556 -0.1441424 0.0222181 -0.3768312 -0.2717483 0.8852444
2470.891756 -0.2617002 0.1065249 -0.1484072 0.0213698 -0.3769544 -0.2722244 0.8850664
2471.955580 -0.2667112 0.1130028 -0.1559248 0.0134136 -0.3682073 -0.2767920 0.8874851
2472.206050 -0.2690477 0.1154586 -0.1582451 0.0087888 -0.3622827 -0.2798980 0.8890057
2472.955937 -0.2722008 0.1187018 -0.1636306 0.0067904 -0.3697880 -0.2794890 0.8860568
2473.953411 -0.2786494 0.1174946 -0.1738113 0.0665086 -0.3994435 -0.2487259 0.8798618
2474.600602 -0.2822763 0.1180646 -0.1802325 0.1041380 -0.4207358 -0.2289341 0.8716225
2475.145394 -0.2830306 0.1179515 -0.1850786 0.1327934 -0.4278140 -0.2136105 0.8681657
2475.438708 -0.2851931 0.1182084 -0.1882363 0.1443298 -0.4338374 -0.2075970 0.8647876
2476.974335 -0.2930490 0.1261654 -0.1994176 0.1449474 -0.4283708 -0.2060339 0.8677781
2477.424292 -0.2931646 0.1256720 -0.2006039 0.1504937 -0.4277431 -0.2029468 0.8678710
2477.724263 -0.2931299 0.1276421 -0.2029866 0.1396271 -0.4229992 -0.2089596 0.8705813
2477.874248 -0.2925743 0.1283001 -0.2043307 0.1308932 -0.4193754 -0.2132479 0.8726492
2478.024234 -0.2927493 0.1285734 -0.2048529 0.1219734 -0.4173518 -0.2177371 0.8738024
2479.374103 -0.2979836 0.1435960 -0.2067507 0.0242601 -0.3699336 -0.2717295 0.8881012
2479.524088 -0.2975253 0.1439414 -0.2070236 0.0127538 -0.3676579 -0.2775064 0.8874995
2479.824059 -0.2958242 0.1469100 -0.2052434 -0.0075470 -0.3593175 -0.2878970 0.8876651
2480.424001 -0.2947389 0.1502339 -0.2041330 -0.0448800 -0.3405243 -0.3081269 0.8871791
2480.723972 -0.2951382 0.1502238 -0.2040894 -0.0589207 -0.3342294 -0.3150454 0.8863213
2481.073938 -0.2943390 0.1509145 -0.2035632 -0.0597237 -0.3330372 -0.3157387 0.8864696
2481.923856 -0.2949122 0.1504283 -0.2040407 -0.0587937 -0.3376531 -0.3142864 0.8853009
