2469.725037 0.0000000 0.0000000 0.0000000 -0.0000000 -0.0000000 -0.0000000 1.0000000
2471.197514 -0.0192032 0.0007436 -0.0011934 -0.0082469 -0.0015910 -0.0003245 0.9999647
2471.298255 -0.0197574 0.0011272 -0.0010709 -0.0062778 -0.0014132 -0.0001119 0.9999793
2471.400873 -0.0208683 0.0009377 -0.0012346 -0.0077269 -0.0006575 -0.0002793 0.9999699
2471.804883 -0.0249793 0.0023278 -0.0012577 -0.0170960 0.0054927 -0.0009894 0.9998383
2472.005891 -0.0277363 0.0026407 -0.0012552 -0.0227159 0.0065014 -0.0012730 0.9997200
2472.256203 -0.0324016 0.0039273 -0.0007924 -0.0305552 0.0103802 -0.0021283 0.9994769
2472.805794 -0.0382207 0.0035556 -0.0018760 -0.0309616 0.0044586 -0.0019493 0.9995087
2473.055789 -0.0413073 0.0034049 -0.0021734 -0.0269274 0.0011263 -0.0015606 0.9996356
2473.255651 -0.0445362 0.0021222 -0.0024444 -0.0141365 -0.0020723 -0.0006094 0.9998978
2473.405519 -0.0454411 0.0006234 -0.0027384 0.0019882 -0.0040579 0.0002679 0.9999897
2474.102764 -0.0529362 -0.0040421 -0.0045351 0.0570595 -0.0104691 0.0028890 0.9983117
2474.202182 -0.0533486 -0.0040822 -0.0054406 0.0647962 -0.0129883 0.0035513 0.9978077
2474.252177 -0.0535928 -0.0040960 -0.0059105 0.0671308 -0.0150337 0.0035683 0.9976245
2476.624369 -0.0774926 -0.0103278 -0.0123271 0.1298556 -0.0160168 0.0073696 0.9913762
2476.724360 -0.0787880 -0.0101611 -0.0118302 0.1328097 -0.0169430 0.0078219 0.9909659
2476.824350 -0.0809711 -0.0102302 -0.0119796 0.1353873 -0.0171430 0.0076455 0.9906150
2477.024331 -0.0810686 -0.0087123 -0.0114561 0.1387778 -0.0171022 0.0079651 0.9901438
2477.274306 -0.0820668 -0.0089503 -0.0111443 0.1439751 -0.0162513 0.0083556 0.9894126
2477.624272 -0.0870204 -0.0113464 -0.0126232 0.1365175 -0.0131780 0.0081557 0.9905164
2477.924243 -0.0882068 -0.0108185 -0.0157259 0.1168313 -0.0103763 0.0078289 0.9930667
2479.074132 -0.1027477 -0.0026630 -0.0119861 0.0180524 0.0083116 0.0004704 0.9998024
2479.174122 -0.1030578 -0.0031848 -0.0125182 0.0073954 0.0083253 0.0010929 0.9999374
2479.674074 -0.1043042 -0.0004331 -0.0172633 -0.0364373 0.0085386 -0.0028212 0.9992955
2479.924050 -0.1026999 -0.0000137 -0.0149368 -0.0612485 0.0107997 -0.0039253 0.9980564
2480.024040 -0.1039381 -0.0000499 -0.0164483 -0.0681932 0.0113413 -0.0057246 0.9975913
2480.723972 -0.1053665 0.0040361 -0.0128691 -0.1126251 0.0175080 -0.0093553 0.9934393
