2469.725037 0.0000000 0.0000000 0.0000000 -0.0000000 -0.0000000 -0.0000000 1.0000000
2471.904874 -0.0274648 0.0025849 -0.0018244 -0.0212214 0.0063129 -0.0011629 0.9997542
2472.005891 -0.0290206 0.0025640 -0.0018511 -0.0227675 0.0067583 -0.0012511 0.9997172
2472.106039 -0.0304251 0.0032219 -0.0010698 -0.0266005 0.0096381 -0.0015669 0.9995984
2472.256203 -0.0332178 0.0040943 -0.0007882 -0.0305777 0.0103050 -0.0020140 0.9994773
2472.356351 -0.0348608 0.0036821 -0.0016623 -0.0299475 0.0090844 -0.0020628 0.9995081
2473.105646 -0.0429167 0.0028164 -0.0026596 -0.0250800 -0.0002610 -0.0013176 0.9996846
2473.454862 -0.0472836 0.0002903 -0.0034087 0.0072044 -0.0045911 0.0008022 0.9999632
2473.752897 -0.0497614 -0.0022486 -0.0046281 0.0290539 -0.0080530 0.0019146 0.9995436
2473.802477 -0.0497078 -0.0022096 -0.0046584 0.0328928 -0.0084012 0.0021991 0.9994212
2474.252177 -0.0556289 -0.0055105 -0.0066235 0.0666636 -0.0149157 0.0032905 0.9976586
2474.501066 -0.0582690 -0.0069703 -0.0083059 0.0827266 -0.0214167 0.0038037 0.9963349
2476.129395 -0.0758333 -0.0107462 -0.0126071 0.1350589 -0.0212326 0.0066196 0.9905879
2476.574374 -0.0784834 -0.0112899 -0.0138779 0.1285208 -0.0159755 0.0073023 0.9915512
2476.724360 -0.0807250 -0.0113943 -0.0132280 0.1324555 -0.0172542 0.0079515 0.9910069
2476.824350 -0.0834741 -0.0112891 -0.0125424 0.1350410 -0.0172392 0.0076843 0.9906603
2476.974335 -0.0837169 -0.0112882 -0.0130936 0.1372797 -0.0170023 0.0079604 0.9903544
2477.424292 -0.0855991 -0.0111305 -0.0155319 0.1436436 -0.0145743 0.0083808 0.9894867
2477.574277 -0.0856423 -0.0110732 -0.0151668 0.1387804 -0.0141898 0.0084502 0.9901855
2477.624272 -0.0857050 -0.0111284 -0.0152780 0.1368663 -0.0142969 0.0082578 0.9904519
2479.174122 -0.1012439 -0.0002641 -0.0157138 0.0084866 0.0063523 0.0021505 0.9999415
2479.624079 -0.1049199 0.0018894 -0.0138031 -0.0330485 0.0075277 -0.0027052 0.9994217
2480.024040 -0.1055819 0.0084475 -0.0107179 -0.0652033 0.0111558 -0.0056374 0.9977937
2480.124030 -0.1064411 0.0088344 -0.0115035 -0.0711549 0.0113173 -0.0058611 0.9973838
2480.324011 -0.1040994 0.0090860 -0.0114565 -0.0873404 0.0131590 -0.0066257 0.9960696
2480.773967 -0.1025468 0.0121600 -0.0105756 -0.1100377 0.0152667 -0.0093039 0.9937666
2481.323914 -0.1031720 0.0128157 -0.0105705 -0.1122062 0.0165868 -0.0092879 0.9935031
