2469.725037 0.0000000 0.0000000 0.0000000 -0.0000000 -0.0000000 -0.0000000 1.0000000
2470.943687 -0.0150738 0.0014050 -0.0012824 -0.0108036 -0.0009484 -0.0003875 0.9999411
2471.097089 -0.0165883 0.0009592 -0.0013226 -0.0094391 -0.0015636 -0.0002616 0.9999542
2471.451994 -0.0194700 0.0009556 -0.0013639 -0.0084112 0.0008346 -0.0001540 0.9999643
2471.553643 -0.0213475 0.0013868 -0.0017102 -0.0119084 0.0046633 -0.0006675 0.9999180
2471.804883 -0.0234901 0.0023179 -0.0014391 -0.0170615 0.0054037 -0.0008730 0.9998395
2471.854879 -0.0242035 0.0022343 -0.0014809 -0.0199086 0.0062691 -0.0009460 0.9997817
2472.555779 -0.0335312 0.0036401 -0.0015231 -0.0306420 0.0075538 -0.0021414 0.9994996
2472.805794 -0.0367795 0.0032928 -0.0025349 -0.0309762 0.0046939 -0.0020562 0.9995070
2473.255651 -0.0420434 0.0016781 -0.0031828 -0.0142734 -0.0021951 -0.0006180 0.9998956
2473.454862 -0.0434482 0.0000803 -0.0037046 0.0071948 -0.0046193 0.0008206 0.9999631
2474.202182 -0.0510193 -0.0054211 -0.0065378 0.0641144 -0.0128503 0.0035808 0.9978534
2474.252177 -0.0518230 -0.0056019 -0.0062337 0.0663668 -0.0146202 0.0034489 0.9976822
2476.029050 -0.0686139 -0.0101094 -0.0119445 0.1398385 -0.0225770 0.0069229 0.9898927
2476.325840 -0.0718296 -0.0098661 -0.0127206 0.1298110 -0.0178324 0.0067823 0.9913552
2476.424389 -0.0718576 -0.0100652 -0.0128768 0.1274304 -0.0167660 0.0069206 0.9916816
2477.024331 -0.0797052 -0.0099039 -0.0110690 0.1382724 -0.0161211 0.0077492 0.9902327
2477.174316 -0.0799014 -0.0101771 -0.0113509 0.1411175 -0.0159337 0.0078456 0.9898335
2477.374297 -0.0803690 -0.0101043 -0.0115958 0.1438116 -0.0144340 0.0081864 0.9894660
2477.574277 -0.0809803 -0.0096584 -0.0118554 0.1389345 -0.0135022 0.0081294 0.9901761
2478.024234 -0.0863933 -0.0104644 -0.0155080 0.1087435 -0.0099047 0.0069527 0.9939962
2478.774161 -0.0889211 -0.0054744 -0.0173488 0.0457989 -0.0006570 0.0048093 0.9989389
2479.174122 -0.0938205 -0.0011395 -0.0115096 0.0079805 0.0069511 0.0011641 0.9999433
2479.524088 -0.0977305 0.0001123 -0.0121721 -0.0244437 0.0075874 -0.0016198 0.9996711
2480.274016 -0.0962061 0.0091540 -0.0111605 -0.0822933 0.0122591 -0.0056840 0.9965166
2480.324011 -0.0966186 0.0095490 -0.0108504 -0.0870260 0.0134186 -0.0064525 0.9960948
2480.973948 -0.0967273 0.0103123 -0.0127072 -0.1117375 0.0167063 -0.0086412 0.9935597
