2461.502147 0.0000000 0.0000000 0.0000000 -0.0000000 -0.0000000 -0.0000000 1.0000000
2462.502070 -0.0048107 -0.0007090 0.0004850 0.0399461 -0.0161422 -0.0020990 0.9990692
2462.552065 -0.0048910 -0.0005092 0.0005233 0.0405199 -0.0167032 -0.0021497 0.9990368
2462.651700 -0.0049563 -0.0007352 0.0003506 0.0385666 -0.0176990 -0.0018454 0.9990976
2465.925405 -0.0203128 -0.0002178 -0.0026845 0.0225214 -0.0472987 -0.0061133 0.9986082
2466.075391 -0.0210239 0.0001747 -0.0032375 0.0134243 -0.0474687 -0.0067247 0.9987599
2466.275371 -0.0236168 0.0005882 -0.0034214 -0.0016736 -0.0535898 -0.0070458 0.9985368
2467.325270 -0.0283617 0.0028803 -0.0036049 -0.0707931 -0.0467338 -0.0175201 0.9962416
2467.575245 -0.0293232 0.0030453 -0.0040267 -0.0819957 -0.0437097 -0.0196303 0.9954802
2469.325076 -0.0348158 0.0048867 -0.0049704 -0.1348960 -0.0517576 -0.0251715 0.9891868
2469.575052 -0.0354819 0.0049670 -0.0050461 -0.1407369 -0.0517718 -0.0258870 0.9883536
2469.625047 -0.0354319 0.0050111 -0.0049479 -0.1417945 -0.0515725 -0.0260958 0.9882073
2469.775032 -0.0358788 0.0050256 -0.0046470 -0.1451781 -0.0494678 -0.0265590 0.9878111
2470.075398 -0.0371372 0.0051386 -0.0050294 -0.1507850 -0.0492666 -0.0275610 0.9869534
2470.280080 -0.0380667 0.0049753 -0.0052472 -0.1545857 -0.0499433 -0.0277042 0.9863273
2471.349495 -0.0417274 0.0051852 -0.0057663 -0.1517044 -0.0515418 -0.0271731 0.9867071
2472.106039 -0.0443569 0.0057531 -0.0062575 -0.1704501 -0.0403822 -0.0310306 0.9840494
2472.455927 -0.0458405 0.0058177 -0.0065918 -0.1735747 -0.0423400 -0.0314388 0.9834077
2472.755937 -0.0468669 0.0058833 -0.0068529 -0.1744871 -0.0450048 -0.0308700 0.9831459
2473.305508 -0.0487718 0.0051801 -0.0072054 -0.1535175 -0.0528005 -0.0271837 0.9863597
2473.504185 -0.0495150 0.0046715 -0.0074116 -0.1334077 -0.0559101 -0.0245906 0.9891773
2475.145394 -0.0542487 0.0016516 -0.0089196 -0.0223442 -0.0713493 -0.0117312 0.9971321
2475.537454 -0.0549643 0.0009456 -0.0093871 -0.0017725 -0.0747961 -0.0094043 0.9971529
2475.930244 -0.0566510 0.0009537 -0.0098818 -0.0008266 -0.0748266 -0.0086642 0.9971586
2476.424389 -0.0576774 0.0013708 -0.0101170 -0.0182609 -0.0690345 -0.0104113 0.9973928
2477.024331 -0.0599752 0.0011802 -0.0106367 -0.0076233 -0.0688124 -0.0091895 0.9975582
2477.474287 -0.0605133 0.0011975 -0.0108029 -0.0032935 -0.0656662 -0.0087332 0.9977980
2477.574277 -0.0606031 0.0012768 -0.0109400 -0.0068250 -0.0657220 -0.0088596 0.9977753
2477.774258 -0.0613438 0.0014620 -0.0113308 -0.0200409 -0.0629823 -0.0103588 0.9977596
2477.874248 -0.0617019 0.0017802 -0.0114446 -0.0257083 -0.0623818 -0.0111710 0.9976587
2478.324205 -0.0627986 0.0027784 -0.0109960 -0.0570000 -0.0600633 -0.0144938 0.9964604
2478.574180 -0.0634081 0.0034635 -0.0109575 -0.0804554 -0.0569967 -0.0171903 0.9949788
2479.824059 -0.0653901 0.0069291 -0.0116909 -0.1909398 -0.0401880 -0.0341492 0.9801841
2480.274016 -0.0649883 0.0074057 -0.0115552 -0.2249574 -0.0372351 -0.0384888 0.9728959
2480.424001 -0.0646862 0.0075751 -0.0119421 -0.2356162 -0.0350040 -0.0407456 0.9703605
2480.573987 -0.0650775 0.0076603 -0.0118868 -0.2452274 -0.0331467 -0.0424633 0.9679679
2480.823963 -0.0647997 0.0082027 -0.0118780 -0.2533988 -0.0327875 -0.0436302 0.9658211
