2469.725037 0.0000000 0.0000000 0.0000000 -0.0000000 -0.0000000 -0.0000000 1.0000000
2470.787973 -0.0051849 0.0003023 -0.0006364 -0.0120456 0.0023602 -0.0006578 0.9999245
2470.891756 -0.0060559 0.0001578 -0.0007507 -0.0114743 0.0001121 -0.0007836 0.9999339
2471.097089 -0.0070958 0.0002141 -0.0008580 -0.0095822 -0.0012300 -0.0005120 0.9999532
2471.349495 -0.0080184 0.0001100 -0.0008819 -0.0075936 -0.0010790 -0.0002226 0.9999706
2472.005891 -0.0107788 0.0004968 -0.0011219 -0.0232410 0.0065399 -0.0013691 0.9997076
2472.106039 -0.0114929 0.0007940 -0.0009416 -0.0269879 0.0097262 -0.0015899 0.9995872
2472.605932 -0.0141145 0.0007710 -0.0013576 -0.0302936 0.0070884 -0.0021011 0.9995137
2472.805794 -0.0151148 0.0008295 -0.0016135 -0.0314306 0.0048069 -0.0022230 0.9994919
2472.905942 -0.0152358 0.0005989 -0.0016864 -0.0309635 0.0035312 -0.0017744 0.9995127
2473.305508 -0.0174345 -0.0002577 -0.0021444 -0.0097188 -0.0024054 -0.0003988 0.9999498
2474.202182 -0.0209031 -0.0029500 -0.0036213 0.0634164 -0.0127643 0.0036691 0.9978988
2474.252177 -0.0213186 -0.0029039 -0.0034892 0.0658341 -0.0145439 0.0033465 0.9977190
2476.129395 -0.0291105 -0.0051167 -0.0065556 0.1340501 -0.0205047 0.0067464 0.9907395
2476.524379 -0.0298174 -0.0048803 -0.0065769 0.1249772 -0.0146372 0.0076822 0.9920219
2476.724360 -0.0315011 -0.0051124 -0.0064175 0.1316775 -0.0161729 0.0079943 0.9911284
2476.824350 -0.0316894 -0.0053562 -0.0066161 0.1339883 -0.0168109 0.0081818 0.9908066
2477.024331 -0.0322840 -0.0051871 -0.0064840 0.1371812 -0.0162201 0.0082215 0.9903790
2477.124321 -0.0324701 -0.0051489 -0.0067189 0.1394540 -0.0156022 0.0083078 0.9900708
2477.374297 -0.0334962 -0.0048666 -0.0068302 0.1430369 -0.0137570 0.0082935 0.9895870
2477.574277 -0.0347852 -0.0050114 -0.0064729 0.1378903 -0.0118773 0.0080268 0.9903437
2478.024234 -0.0347064 -0.0043963 -0.0063365 0.1087965 -0.0104352 0.0079514 0.9939775
2479.274113 -0.0400571 -0.0007105 -0.0049438 -0.0022974 0.0093202 0.0002040 0.9999539
2479.724069 -0.0402156 0.0013867 -0.0059672 -0.0379756 0.0085741 -0.0028064 0.9992380
2480.274016 -0.0393394 0.0013308 -0.0047537 -0.0845345 0.0121707 -0.0048378 0.9963345
2480.823963 -0.0394330 0.0033689 -0.0054308 -0.1130132 0.0163816 -0.0091201 0.9934166
2481.823866 -0.0396352 0.0034841 -0.0047113 -0.1102934 0.0130627 -0.0077629 0.9937829
