2469.725037 0.0000000 0.0000000 0.0000000 -0.0000000 -0.0000000 -0.0000000 1.0000000
2470.736931 -0.0095245 0.0029046 0.0000726 -0.0104895 0.0033839 -0.0011630 0.9999386
2470.839706 -0.0097908 0.0028986 -0.0003708 -0.0103911 0.0004398 -0.0006289 0.9999458
2471.349495 -0.0133645 0.0017445 -0.0009787 -0.0067341 -0.0023824 -0.0000026 0.9999745
2472.106039 -0.0200256 0.0035392 -0.0007196 -0.0258688 0.0084466 -0.0013499 0.9996288
2472.256203 -0.0216368 0.0039460 -0.0006872 -0.0298881 0.0089052 -0.0018882 0.9995118
2472.356351 -0.0125221 0.0024524 -0.0040571 -0.0295607 0.0013395 0.0014815 0.9995610
2473.055789 -0.0279738 0.0030587 -0.0020448 -0.0265455 -0.0006522 -0.0012810 0.9996466
2473.155503 -0.0292811 0.0030052 -0.0020384 -0.0222900 -0.0023125 -0.0009422 0.9997484
2473.355662 -0.0310453 0.0014061 -0.0028110 -0.0014339 -0.0052880 0.0002784 0.9999850
2474.053085 -0.0353433 -0.0019478 -0.0046519 0.0518028 -0.0115260 0.0031736 0.9985858
2475.638036 -0.0466577 -0.0073142 -0.0099153 0.1487351 -0.0241784 0.0071978 0.9885553
2476.029050 -0.0502514 -0.0073885 -0.0105861 0.1403598 -0.0248161 0.0072044 0.9897633
2476.624369 -0.0540125 -0.0066967 -0.0105744 0.1305608 -0.0183892 0.0079396 0.9912380
2476.724360 -0.0549639 -0.0069847 -0.0102811 0.1333157 -0.0193771 0.0083972 0.9908486
2476.824350 -0.0567708 -0.0076925 -0.0106840 0.1355407 -0.0194972 0.0081527 0.9905464
2476.974335 -0.0588133 -0.0068255 -0.0113405 0.1381923 -0.0185099 0.0080740 0.9901996
2477.274306 -0.0590044 -0.0069149 -0.0115021 0.1440983 -0.0178703 0.0087256 0.9893636
2477.474287 -0.0588712 -0.0070991 -0.0112809 0.1430665 -0.0159397 0.0088446 0.9895452
2477.574277 -0.0590753 -0.0067294 -0.0116257 0.1396009 -0.0161121 0.0090356 0.9900355
2477.624272 -0.0590694 -0.0068097 -0.0116295 0.1376179 -0.0162077 0.0090659 0.9903113
2478.674171 -0.0670649 -0.0099801 -0.0194627 0.0522232 -0.0050605 0.0051206 0.9986095
2478.874151 -0.0691972 -0.0103899 -0.0210614 0.0340756 0.0016371 0.0033025 0.9994125
2480.523992 -0.0725484 0.0036074 -0.0140941 -0.1022599 0.0141507 -0.0089034 0.9946172
2481.073938 -0.0727761 0.0047568 -0.0145901 -0.1131812 0.0155663 -0.0107438 0.9933944
2481.623885 -0.0727871 0.0040938 -0.0140953 -0.1127999 0.0132234 -0.0097929 0.9934815
2481.823866 -0.0729810 0.0055914 -0.0129729 -0.1108021 0.0115563 -0.0089740 0.9937348
