2444.927438 0.0000000 0.0000000 0.0000000 -0.0000000 -0.0000000 -0.0000000 1.0000000
2449.476998 -0.0131634 0.0019007 0.0017334 -0.0247199 -0.0185945 -0.0006963 0.9995213
2449.626983 -0.0144650 0.0014752 0.0019493 -0.0234905 -0.0222614 -0.0013247 0.9994753
2449.676978 -0.0148321 0.0016190 0.0020299 -0.0227394 -0.0232792 -0.0015554 0.9994692
2450.076940 -0.0200631 0.0019936 0.0022597 -0.0196310 -0.0303959 -0.0041947 0.9993364
2451.226828 -0.0373941 0.0011511 0.0018566 -0.0116711 -0.0597138 -0.0307108 0.9976748
2451.276823 -0.0372090 0.0010686 0.0020308 -0.0118775 -0.0613708 -0.0308538 0.9975674
2451.876765 -0.0478660 0.0017416 0.0019086 -0.0111012 -0.0777341 -0.0406234 0.9960843
2452.426712 -0.0540706 0.0012288 0.0007727 -0.0052497 -0.0896007 -0.0457356 0.9949133
2452.526702 -0.0559063 0.0018741 0.0004441 -0.0040031 -0.0946769 -0.0465491 0.9944111
2453.026654 -0.0708701 0.0040973 -0.0033167 -0.0088379 -0.1229910 -0.0571619 0.9907207
2453.826577 -0.0785104 0.0045474 -0.0033775 -0.0082208 -0.1348647 -0.0695484 0.9883860
2456.726296 -0.1171744 0.0137117 -0.0107497 -0.0147800 -0.1908878 -0.1323541 0.9725358
2456.976272 -0.1222683 0.0153753 -0.0123714 -0.0157181 -0.1990047 -0.1388832 0.9699802
2457.326238 -0.1300837 0.0178480 -0.0149221 -0.0186646 -0.2095956 -0.1465022 0.9665705
2457.626209 -0.1359868 0.0197949 -0.0178742 -0.0164609 -0.2198528 -0.1568638 0.9626981
2457.826189 -0.1401989 0.0212881 -0.0205452 -0.0163811 -0.2272729 -0.1627474 0.9599958
2458.126160 -0.1441402 0.0210630 -0.0246818 -0.0146867 -0.2328828 -0.1683101 0.9577169
2458.326141 -0.1495503 0.0226761 -0.0278626 -0.0089890 -0.2387694 -0.1730049 0.9554987
2458.376136 -0.1487578 0.0231336 -0.0285513 -0.0041220 -0.2427529 -0.1745893 0.9542393
2458.526122 -0.1550747 0.0234205 -0.0325490 0.0041952 -0.2526831 -0.1773054 0.9511554
2458.626112 -0.1585175 0.0242784 -0.0346626 0.0093169 -0.2587462 -0.1788813 0.9491919
2458.676502 -0.1596324 0.0245630 -0.0352438 0.0152959 -0.2630778 -0.1796511 0.9477772
2458.780107 -0.1623115 0.0246664 -0.0377775 0.0183597 -0.2674052 -0.1807212 0.9463072
2459.084542 -0.1682517 0.0260266 -0.0421647 0.0408429 -0.2828675 -0.1824624 0.9407578
2459.187575 -0.1697356 0.0261648 -0.0443306 0.0494171 -0.2875913 -0.1832158 0.9387658
2459.287288 -0.1717123 0.0266742 -0.0454878 0.0584501 -0.2924097 -0.1825009 0.9368958
2459.746055 -0.1799354 0.0283686 -0.0519597 0.0880505 -0.3128316 -0.1835325 0.9277388
2460.048337 -0.1851157 0.0291307 -0.0554440 0.1083035 -0.3249727 -0.1824379 0.9216179
2460.651143 -0.1918938 0.0303532 -0.0618277 0.1342883 -0.3408319 -0.1806442 0.9127803
2460.852763 -0.1948918 0.0320914 -0.0660116 0.1443585 -0.3496692 -0.1794823 0.9081179
2461.152497 -0.1983073 0.0327339 -0.0691320 0.1536291 -0.3574621 -0.1801469 0.9034191
2463.151691 -0.2222586 0.0466291 -0.0878270 0.1928591 -0.3978082 -0.1759067 0.8795515
2464.987724 -0.2380798 0.0592280 -0.1075598 0.2062971 -0.4210562 -0.1708010 0.8665911
2465.675429 -0.2407914 0.0642139 -0.1167313 0.1851538 -0.4198787 -0.1838222 0.8692694
2465.975400 -0.2464006 0.0695831 -0.1190709 0.1730751 -0.4121087 -0.1911414 0.8738858
2466.075391 -0.2457783 0.0700859 -0.1206668 0.1677217 -0.4121692 -0.1933764 0.8744093
2466.275371 -0.2432037 0.0709935 -0.1250128 0.1526057 -0.4158511 -0.2004548 0.8738405
2466.375362 -0.2430543 0.0714204 -0.1284053 0.1447847 -0.4122819 -0.2055062 0.8756873
2468.225183 -0.2385509 0.0803399 -0.1424714 0.0634082 -0.3923737 -0.2479779 0.8834757
2469.475061 -0.2598529 0.1000933 -0.1450540 0.0348033 -0.3830064 -0.2654977 0.8840847
2469.625047 -0.2625994 0.1011223 -0.1444900 0.0325250 -0.3816857 -0.2669385 0.8843088
2470.943687 -0.2709807 0.1093471 -0.1555382 0.0206947 -0.3780530 -0.2726041 0.8844969
2471.904874 -0.2759510 0.1157612 -0.1620540 0.0139981 -0.3687041 -0.2769293 0.8872269
2472.055886 -0.2763999 0.1166972 -0.1633139 0.0116488 -0.3669395 -0.2780209 0.8876508
2472.555779 -0.2797198 0.1202646 -0.1672123 0.0060777 -0.3650087 -0.2810747 0.8875409
2473.653795 -0.2872443 0.1213814 -0.1785656 0.0497596 -0.3936712 -0.2572875 0.8811073
2474.202182 -0.2902629 0.1208931 -0.1838767 0.0823524 -0.4081738 -0.2400843 0.8769103
2475.145394 -0.2939917 0.1203246 -0.1933166 0.1317659 -0.4278159 -0.2143345 0.8681428
2475.537454 -0.2964326 0.1209132 -0.1972848 0.1490987 -0.4345478 -0.2054683 0.8641300
2476.374393 -0.2996768 0.1257205 -0.2027579 0.1368786 -0.4273541 -0.2109873 0.8683991
2476.974335 -0.3035915 0.1289728 -0.2078594 0.1442427 -0.4285079 -0.2067529 0.8676568
2477.074326 -0.3038459 0.1290677 -0.2081135 0.1455378 -0.4281740 -0.2058605 0.8678175
2477.574277 -0.3032039 0.1300797 -0.2094100 0.1461644 -0.4264436 -0.2052073 0.8687185
2477.774258 -0.3020988 0.1311063 -0.2106494 0.1352586 -0.4217871 -0.2111004 0.8713423
2478.474190 -0.3010248 0.1348515 -0.2148689 0.0925912 -0.4077030 -0.2329165 0.8780405
2479.174122 -0.3053840 0.1438897 -0.2155066 0.0393705 -0.3774308 -0.2636962 0.8868260
2479.524088 -0.3062034 0.1477704 -0.2150825 0.0122217 -0.3683501 -0.2779304 0.8870871
2480.224021 -0.3045499 0.1521077 -0.2136411 -0.0357828 -0.3471747 -0.3030067 0.8867786
2480.424001 -0.3038991 0.1527546 -0.2126332 -0.0458934 -0.3410416 -0.3087635 0.8867072
2480.723972 -0.3031238 0.1539262 -0.2122279 -0.0593166 -0.3350108 -0.3156572 0.8857821
2481.723875 -0.3028432 0.1540453 -0.2122782 -0.0607109 -0.3365509 -0.3155272 0.8851498
