2444.927438 0.0000000 0.0000000 0.0000000 -0.0000000 -0.0000000 -0.0000000 1.0000000
2449.476998 -0.0134245 0.0015995 0.0014844 -0.0248897 -0.0184468 -0.0007517 0.9995197
2449.526993 -0.0130791 0.0014158 0.0016924 -0.0236014 -0.0201176 -0.0011590 0.9995183
2450.226925 -0.0214256 0.0007921 0.0016832 -0.0203983 -0.0342636 -0.0061359 0.9991858
2451.126838 -0.0353949 0.0004278 0.0017238 -0.0117866 -0.0570308 -0.0289876 0.9978819
2451.276823 -0.0373986 0.0006028 0.0018806 -0.0120989 -0.0613129 -0.0308934 0.9975671
2451.626790 -0.0437510 0.0005669 0.0013434 -0.0119764 -0.0710853 -0.0367727 0.9967203
2452.026751 -0.0490591 0.0007981 0.0006392 -0.0109300 -0.0824493 -0.0413592 0.9956767
2452.726683 -0.0613499 0.0015316 -0.0016618 -0.0041549 -0.1022805 -0.0481823 0.9935793
2453.026654 -0.0704994 0.0033924 -0.0035233 -0.0092009 -0.1232568 -0.0570152 0.9906929
2454.076552 -0.0805769 0.0045544 -0.0035191 -0.0092023 -0.1396873 -0.0756374 0.9872597
2456.176349 -0.1100890 0.0107940 -0.0098794 -0.0123567 -0.1844141 -0.1188938 0.9755527
2456.826286 -0.1185052 0.0135801 -0.0125767 -0.0166489 -0.1946149 -0.1340494 0.9715342
2457.176252 -0.1269838 0.0158209 -0.0151276 -0.0174426 -0.2040633 -0.1452099 0.9679711
2457.576214 -0.1349342 0.0183951 -0.0181630 -0.0174321 -0.2189183 -0.1545462 0.9632686
2457.826189 -0.1399232 0.0204915 -0.0213832 -0.0166256 -0.2275830 -0.1627047 0.9599254
2458.026170 -0.1427850 0.0192856 -0.0252843 -0.0169777 -0.2315030 -0.1658250 0.9584468
2458.326141 -0.1483455 0.0216137 -0.0285315 -0.0091842 -0.2393874 -0.1720885 0.9555076
2458.426131 -0.1518857 0.0219366 -0.0309640 -0.0004137 -0.2462436 -0.1747201 0.9533293
2458.476126 -0.1525187 0.0217656 -0.0320642 0.0026863 -0.2506360 -0.1758893 0.9519650
2458.780107 -0.1609475 0.0231548 -0.0392157 0.0181585 -0.2678805 -0.1798356 0.9463453
2459.136493 -0.1684001 0.0243422 -0.0450934 0.0445580 -0.2854531 -0.1824178 0.9398164
2459.187575 -0.1684106 0.0240877 -0.0468146 0.0489940 -0.2876790 -0.1826917 0.9388632
2459.337284 -0.1719836 0.0238907 -0.0479793 0.0605902 -0.2942230 -0.1817836 0.9363313
2459.438499 -0.1710979 0.0232112 -0.0487884 0.0667315 -0.2978471 -0.1806803 0.9349806
2460.701533 -0.1909041 0.0292920 -0.0645202 0.1365733 -0.3427775 -0.1786704 0.9121010
2461.802790 -0.2080806 0.0365889 -0.0803799 0.1756382 -0.3795429 -0.1827145 0.8897831
2463.251326 -0.2438125 0.0486868 -0.1050463 0.1924268 -0.3907541 -0.1798159 0.8820144
2465.133957 -0.2371973 0.0588358 -0.1150512 0.2046190 -0.4242059 -0.1716210 0.8652899
2465.875410 -0.2354260 0.0608623 -0.1174880 0.1765984 -0.4178846 -0.1856746 0.8716137
2465.925405 -0.2353068 0.0609004 -0.1175675 0.1741384 -0.4167171 -0.1869502 0.8723946
2466.375362 -0.2440112 0.0726498 -0.1263868 0.1449787 -0.4130358 -0.2038040 0.8756978
2466.875313 -0.2477303 0.0783326 -0.1258850 0.1121362 -0.3975470 -0.2226593 0.8830655
2468.275178 -0.2557338 0.0914604 -0.1365261 0.0639292 -0.3896534 -0.2496018 0.8841845
2468.425163 -0.2573162 0.0927424 -0.1381460 0.0587575 -0.3882482 -0.2524970 0.8843395
2469.225086 -0.2605249 0.0998286 -0.1410650 0.0413607 -0.3844958 -0.2615027 0.8843464
2469.525057 -0.2615448 0.0999980 -0.1448982 0.0331380 -0.3829618 -0.2653273 0.8842192
2469.625047 -0.2626002 0.1003908 -0.1463448 0.0323843 -0.3820021 -0.2660145 0.8844557
2469.875023 -0.2634456 0.1009370 -0.1475356 0.0284493 -0.3775690 -0.2681250 0.8858562
2470.179004 -0.2660117 0.1040499 -0.1508713 0.0237535 -0.3784617 -0.2701299 0.8850041
2471.804883 -0.2742622 0.1138751 -0.1628086 0.0173167 -0.3711568 -0.2739463 0.8870718
2471.904874 -0.2750583 0.1136455 -0.1642169 0.0135562 -0.3693550 -0.2759126 0.8872797
2472.555779 -0.2789874 0.1194907 -0.1692138 0.0062278 -0.3655575 -0.2800292 0.8876444
2473.454862 -0.2850986 0.1203004 -0.1784431 0.0349342 -0.3865452 -0.2637606 0.8830588
2473.953411 -0.2874608 0.1188923 -0.1837993 0.0656108 -0.4000863 -0.2481442 0.8798015
2474.202182 -0.2896827 0.1186383 -0.1870800 0.0819651 -0.4083692 -0.2393307 0.8770617
2474.600602 -0.2913239 0.1185640 -0.1914311 0.1029413 -0.4211786 -0.2284537 0.8716769
2474.848030 -0.2913910 0.1177924 -0.1920264 0.1189915 -0.4259379 -0.2196645 0.8695777
2475.930244 -0.2967660 0.1205001 -0.2040959 0.1490508 -0.4356064 -0.2032676 0.8641257
2476.924340 -0.3010643 0.1262193 -0.2111891 0.1434056 -0.4290940 -0.2057023 0.8677556
2477.074326 -0.3010630 0.1266071 -0.2109360 0.1450376 -0.4290267 -0.2046937 0.8677561
2477.574277 -0.3019641 0.1275894 -0.2130998 0.1455013 -0.4268678 -0.2042961 0.8688363
2478.674171 -0.3076550 0.1394511 -0.2171663 0.0766791 -0.3973790 -0.2418767 0.8818763
2479.574084 -0.3087532 0.1467495 -0.2183384 0.0063697 -0.3661817 -0.2805124 0.8872334
2480.024040 -0.3074063 0.1502675 -0.2160297 -0.0237718 -0.3530614 -0.2959789 0.8872311
2480.224021 -0.3071311 0.1506079 -0.2165963 -0.0365328 -0.3470436 -0.3027193 0.8868974
2480.523992 -0.3058481 0.1524269 -0.2143983 -0.0520732 -0.3381442 -0.3116068 0.8864807
2480.723972 -0.3049964 0.1524024 -0.2151136 -0.0600898 -0.3352140 -0.3153173 0.8857741
2481.823866 -0.3052501 0.1533015 -0.2152213 -0.0607037 -0.3377880 -0.3150042 0.8848653
