2444.927438 0.0000000 0.0000000 0.0000000 -0.0000000 -0.0000000 -0.0000000 1.0000000
2449.476998 -0.0135322 0.0017446 0.0018213 -0.0248204 -0.0185178 -0.0007607 0.9995201
2449.626983 -0.0149038 0.0014816 0.0021406 -0.0235124 -0.0221588 -0.0013809 0.9994770
2449.676978 -0.0154215 0.0015983 0.0022482 -0.0227867 -0.0231085 -0.0016143 0.9994720
2450.076940 -0.0202776 0.0015222 0.0019663 -0.0199193 -0.0304044 -0.0042012 0.9993303
2450.876862 -0.0319951 0.0009098 0.0021511 -0.0130208 -0.0506011 -0.0220485 0.9983907
2451.226828 -0.0380960 0.0014136 0.0022089 -0.0115539 -0.0597297 -0.0305682 0.9976796
2451.926760 -0.0494215 0.0017017 0.0021368 -0.0106851 -0.0796400 -0.0411090 0.9959183
2452.126741 -0.0517188 0.0020386 0.0021165 -0.0096559 -0.0849363 -0.0418698 0.9954594
2452.676688 -0.0612876 0.0023273 0.0001962 -0.0025881 -0.0985005 -0.0482890 0.9939613
2454.476514 -0.0872239 0.0070424 -0.0028104 -0.0098296 -0.1487577 -0.0812666 0.9854797
2455.326431 -0.1006307 0.0093075 -0.0057237 -0.0073286 -0.1715406 -0.1031250 0.9797374
2455.776388 -0.1083618 0.0117084 -0.0072368 -0.0112200 -0.1790076 -0.1112930 0.9774683
2456.176349 -0.1127247 0.0127109 -0.0080417 -0.0116572 -0.1842795 -0.1191415 0.9755566
2456.926276 -0.1239018 0.0164022 -0.0111096 -0.0155413 -0.1977755 -0.1380711 0.9703503
2457.176252 -0.1294975 0.0182119 -0.0124804 -0.0166856 -0.2041801 -0.1452527 0.9679534
2457.276243 -0.1316991 0.0209663 -0.0125089 -0.0167957 -0.2077133 -0.1464175 0.9670238
2457.826189 -0.1430207 0.0226050 -0.0190616 -0.0159854 -0.2273464 -0.1626852 0.9599956
2458.026170 -0.1462395 0.0220454 -0.0230787 -0.0161617 -0.2311808 -0.1663151 0.9584537
2458.376136 -0.1528306 0.0253030 -0.0282326 -0.0029414 -0.2417126 -0.1750024 0.9544320
2458.526122 -0.1574692 0.0237420 -0.0318368 0.0044127 -0.2528714 -0.1775052 0.9510670
2458.676502 -0.1627365 0.0266656 -0.0337702 0.0161266 -0.2630769 -0.1795070 0.9477910
2459.031960 -0.1715425 0.0271428 -0.0400986 0.0375983 -0.2793512 -0.1829175 0.9418548
2459.136493 -0.1714710 0.0262510 -0.0422189 0.0449002 -0.2856796 -0.1828304 0.9396511
2459.438499 -0.1775192 0.0291558 -0.0452820 0.0686993 -0.2969843 -0.1818236 0.9348909
2459.594331 -0.1803755 0.0319033 -0.0463930 0.0799973 -0.3048351 -0.1820936 0.9314064
2459.897087 -0.1867751 0.0312523 -0.0516172 0.0986186 -0.3190021 -0.1840045 0.9244753
2460.198480 -0.1915615 0.0333935 -0.0542087 0.1196833 -0.3312747 -0.1809690 0.9182501
2461.051855 -0.2012377 0.0356775 -0.0661283 0.1523456 -0.3557776 -0.1796184 0.9044061
2462.252252 -0.2190852 0.0432177 -0.0803644 0.1911552 -0.3847380 -0.1763341 0.8856313
2462.401704 -0.2193910 0.0432888 -0.0803422 0.1949783 -0.3893493 -0.1741136 0.8832186
2464.543555 -0.2362221 0.0556623 -0.1026164 0.1976370 -0.4123879 -0.1740106 0.8721217
2464.938993 -0.2451361 0.0628149 -0.1104334 0.2037502 -0.4174037 -0.1731378 0.8684949
2465.477859 -0.2434384 0.0655259 -0.1139876 0.1926415 -0.4244273 -0.1793439 0.8663639
2465.875410 -0.2424976 0.0660200 -0.1147785 0.1777741 -0.4172191 -0.1867370 0.8714665
2466.125386 -0.2410210 0.0678614 -0.1163294 0.1637961 -0.4162427 -0.1934752 0.8732011
2466.975303 -0.2516068 0.0801240 -0.1290463 0.1091175 -0.3987592 -0.2260343 0.8820391
2467.925211 -0.2513865 0.0829307 -0.1416814 0.0753328 -0.3839517 -0.2441064 0.8873096
2468.025202 -0.2499151 0.0824705 -0.1400060 0.0708747 -0.3882611 -0.2461788 0.8852266
2469.125095 -0.2618728 0.0985120 -0.1427557 0.0422243 -0.3814777 -0.2621639 0.8854163
2469.625047 -0.2663074 0.1034515 -0.1446969 0.0326326 -0.3820334 -0.2663942 0.8843188
2469.925018 -0.2682022 0.1051479 -0.1460043 0.0271803 -0.3770099 -0.2697397 0.8856440
2470.280080 -0.2709562 0.1080961 -0.1501583 0.0221133 -0.3775031 -0.2719343 0.8849035
2470.943687 -0.2748031 0.1118746 -0.1554170 0.0211053 -0.3785382 -0.2723312 0.8843637
2472.055886 -0.2806928 0.1193705 -0.1636640 0.0121301 -0.3671760 -0.2779544 0.8875675
2472.455927 -0.2837755 0.1222967 -0.1674082 0.0074449 -0.3654852 -0.2807553 0.8874355
2472.656085 -0.2842547 0.1230549 -0.1686379 0.0064428 -0.3672048 -0.2807260 0.8867424
2473.454862 -0.2894333 0.1250222 -0.1762132 0.0359557 -0.3865807 -0.2645409 0.8827688
2474.252177 -0.2942106 0.1237193 -0.1847023 0.0845238 -0.4109434 -0.2392191 0.8756458
2474.749304 -0.2952698 0.1221136 -0.1897975 0.1144689 -0.4245762 -0.2233883 0.8699021
2476.524379 -0.3015930 0.1280378 -0.2040408 0.1349081 -0.4255252 -0.2111950 0.8695544
2476.974335 -0.3040656 0.1301976 -0.2092481 0.1442885 -0.4294885 -0.2060563 0.8673300
2477.374297 -0.3052714 0.1306724 -0.2102777 0.1501726 -0.4290483 -0.2030863 0.8672495
2477.524282 -0.3052399 0.1316669 -0.2108721 0.1475307 -0.4271018 -0.2042079 0.8683996
2477.624272 -0.3056064 0.1316060 -0.2110847 0.1444678 -0.4266801 -0.2057094 0.8687674
2477.974239 -0.3066895 0.1349051 -0.2134247 0.1250176 -0.4189461 -0.2164438 0.8729300
2479.274113 -0.3114305 0.1491389 -0.2157228 0.0318613 -0.3733919 -0.2680582 0.8875293
2479.874055 -0.3094673 0.1523708 -0.2148815 -0.0130680 -0.3574550 -0.2916161 0.8871388
2480.024040 -0.3098685 0.1535630 -0.2146212 -0.0230894 -0.3532733 -0.2966044 0.8869559
2480.174026 -0.3092845 0.1546912 -0.2148400 -0.0321632 -0.3487895 -0.3016717 0.8867387
2480.374006 -0.3080127 0.1551756 -0.2129048 -0.0419726 -0.3443170 -0.3063866 0.8864600
2480.723972 -0.3083308 0.1564413 -0.2131433 -0.0591048 -0.3352917 -0.3158225 0.8856310
2481.023943 -0.3077736 0.1564275 -0.2136245 -0.0597048 -0.3344069 -0.3161520 0.8858078
