2444.927438 0.0000000 0.0000000 0.0000000 -0.0000000 -0.0000000 -0.0000000 1.0000000
2449.476998 -0.0135054 0.0021094 0.0023816 -0.0247214 -0.0187321 -0.0005131 0.9995188
2449.526993 -0.0132272 0.0017494 0.0021596 -0.0234548 -0.0203135 -0.0008930 0.9995181
2450.826867 -0.0322691 0.0018315 0.0026393 -0.0133620 -0.0498686 -0.0203599 0.9984589
2451.126838 -0.0368547 0.0004648 0.0020904 -0.0118068 -0.0570771 -0.0287320 0.9978864
2451.226828 -0.0386705 0.0012445 0.0022971 -0.0116357 -0.0599279 -0.0303553 0.9976732
2451.926760 -0.0502259 0.0016162 0.0023177 -0.0107268 -0.0797794 -0.0408825 0.9959161
2452.076746 -0.0524544 0.0020648 0.0019841 -0.0089124 -0.0835807 -0.0416580 0.9955900
2452.726683 -0.0642316 0.0026599 -0.0004953 -0.0036679 -0.1022111 -0.0479481 0.9935998
2453.026654 -0.0735785 0.0047402 -0.0024501 -0.0086787 -0.1232563 -0.0566883 0.9907165
2453.876572 -0.0821737 0.0054950 -0.0022501 -0.0078856 -0.1358523 -0.0707464 0.9881685
2455.026460 -0.0964258 0.0077042 -0.0049575 -0.0097574 -0.1629878 -0.0935443 0.9821351
2455.226441 -0.1001370 0.0084231 -0.0057511 -0.0079394 -0.1698077 -0.0993919 0.9804201
2456.226344 -0.1157480 0.0127779 -0.0086558 -0.0121300 -0.1843101 -0.1195969 0.9754893
2457.176252 -0.1326004 0.0181615 -0.0136225 -0.0168039 -0.2038746 -0.1452940 0.9680095
2457.526218 -0.1398509 0.0203990 -0.0163637 -0.0180838 -0.2164142 -0.1516962 0.9642749
2457.576214 -0.1410186 0.0209401 -0.0166522 -0.0167270 -0.2186004 -0.1544508 0.9633685
2458.126160 -0.1540008 0.0245600 -0.0243482 -0.0136445 -0.2313848 -0.1685262 0.9580573
2458.226151 -0.1532527 0.0239393 -0.0242827 -0.0102409 -0.2353986 -0.1708053 0.9567174
2458.276146 -0.1531100 0.0239423 -0.0253980 -0.0099341 -0.2370575 -0.1714109 0.9562026
2458.476126 -0.1614698 0.0261884 -0.0305486 0.0040755 -0.2494757 -0.1768236 0.9520918
2458.626112 -0.1659825 0.0271446 -0.0329755 0.0100028 -0.2586481 -0.1781334 0.9493522
2458.728235 -0.1696549 0.0287352 -0.0345927 0.0177250 -0.2648022 -0.1795000 0.9472831
2458.880493 -0.1696887 0.0270672 -0.0378338 0.0257375 -0.2720763 -0.1807423 0.9447985
2459.187575 -0.1773322 0.0301718 -0.0434002 0.0508407 -0.2872423 -0.1828313 0.9388716
2459.287288 -0.1793669 0.0291504 -0.0450849 0.0591381 -0.2920558 -0.1820037 0.9370596
2459.489521 -0.1819096 0.0298397 -0.0466974 0.0724705 -0.2997108 -0.1813771 0.9338222
2460.601148 -0.1993901 0.0332264 -0.0606235 0.1320583 -0.3389427 -0.1802270 0.9138910
2460.701533 -0.2010795 0.0345707 -0.0616694 0.1379071 -0.3420091 -0.1790649 0.9121114
2461.952242 -0.2211029 0.0430318 -0.0789487 0.1821175 -0.3786621 -0.1813263 0.8891395
2462.252252 -0.2228078 0.0431987 -0.0806578 0.1908826 -0.3846588 -0.1757135 0.8858478
2463.251326 -0.2355376 0.0521802 -0.0902303 0.1936771 -0.3968600 -0.1761571 0.8797500
2463.551494 -0.2351765 0.0520659 -0.0926681 0.1937883 -0.3993109 -0.1758362 0.8786800
2464.345787 -0.2335976 0.0519500 -0.0962226 0.1960112 -0.4107347 -0.1732993 0.8734095
2465.875410 -0.2514902 0.0695578 -0.1221148 0.1785813 -0.4148543 -0.1876961 0.8722241
2465.975400 -0.2513932 0.0698638 -0.1223634 0.1729915 -0.4124643 -0.1906783 0.8738357
2466.075391 -0.2511750 0.0704290 -0.1231969 0.1675373 -0.4126434 -0.1926386 0.8743838
2466.375362 -0.2484372 0.0736375 -0.1257538 0.1450472 -0.4142077 -0.2030475 0.8753085
2467.975207 -0.2655670 0.0949288 -0.1364028 0.0757863 -0.3867438 -0.2448936 0.8858402
2468.175187 -0.2650453 0.0952437 -0.1383890 0.0682967 -0.3883542 -0.2482258 0.8848167
2468.275178 -0.2667888 0.0967568 -0.1392679 0.0647577 -0.3882781 -0.2502540 0.8845448
2469.375071 -0.2712661 0.1044573 -0.1455394 0.0376734 -0.3834247 -0.2639521 0.8842486
2469.625047 -0.2732950 0.1059893 -0.1472884 0.0329519 -0.3812810 -0.2660765 0.8847273
2470.280080 -0.2771344 0.1103944 -0.1531812 0.0224351 -0.3766488 -0.2715761 0.8853694
2470.943687 -0.2808270 0.1144904 -0.1586374 0.0214448 -0.3777207 -0.2718006 0.8848681
2472.055886 -0.2869992 0.1217363 -0.1671227 0.0123087 -0.3663622 -0.2774630 0.8880550
2472.706080 -0.2912081 0.1261984 -0.1730421 0.0068338 -0.3673547 -0.2802032 0.8868427
2473.355662 -0.2954912 0.1273105 -0.1799795 0.0283935 -0.3823449 -0.2683947 0.8837253
2473.454862 -0.2958105 0.1263923 -0.1802173 0.0357305 -0.3858643 -0.2640830 0.8832284
2475.145394 -0.3042213 0.1251337 -0.1979416 0.1324330 -0.4274057 -0.2137919 0.8683772
2475.687479 -0.3069806 0.1266422 -0.2025251 0.1527577 -0.4347306 -0.2028747 0.8640118
2476.624369 -0.3109152 0.1315684 -0.2109266 0.1383597 -0.4257797 -0.2095793 0.8692783
2476.924340 -0.3122689 0.1332597 -0.2141580 0.1445392 -0.4281735 -0.2061488 0.8679163
2477.224311 -0.3137419 0.1337369 -0.2147107 0.1489436 -0.4288769 -0.2035122 0.8674464
2477.574277 -0.3145622 0.1347748 -0.2156468 0.1465107 -0.4257657 -0.2046148 0.8691323
2477.674268 -0.3131252 0.1349809 -0.2167579 0.1421238 -0.4244690 -0.2066881 0.8700040
2479.174122 -0.3211930 0.1531630 -0.2178741 0.0409348 -0.3765644 -0.2630447 0.8873168
2479.674074 -0.3205782 0.1556772 -0.2205668 0.0030178 -0.3636799 -0.2824865 0.8876538
2479.824059 -0.3203687 0.1562527 -0.2189334 -0.0080271 -0.3585732 -0.2883739 0.8878070
2480.124030 -0.3190271 0.1582297 -0.2183453 -0.0281714 -0.3504746 -0.2986745 0.8872246
2480.224021 -0.3186488 0.1592053 -0.2186764 -0.0350397 -0.3463282 -0.3027667 0.8872211
2480.374006 -0.3181115 0.1591128 -0.2184587 -0.0419696 -0.3427839 -0.3061847 0.8871238
2481.823866 -0.3178734 0.1611310 -0.2180071 -0.0598403 -0.3364620 -0.3147213 0.8855298
