2444.927438 0.0000000 0.0000000 0.0000000 -0.0000000 -0.0000000 -0.0000000 1.0000000
2449.476998 -0.0129274 0.0017645 0.0016294 -0.0248185 -0.0185617 -0.0007394 0.9995194
2449.626983 -0.0144837 0.0014687 0.0017118 -0.0234657 -0.0220676 -0.0014761 0.9994799
2449.676978 -0.0145044 0.0014958 0.0020078 -0.0228645 -0.0233316 -0.0016339 0.9994649
2450.076940 -0.0193091 0.0013870 0.0017108 -0.0199778 -0.0305617 -0.0041853 0.9993244
2450.926857 -0.0311041 0.0007195 0.0019480 -0.0124217 -0.0522466 -0.0242898 0.9982615
2451.226828 -0.0362129 0.0008670 0.0014892 -0.0118015 -0.0599240 -0.0306635 0.9976621
2451.326819 -0.0375694 0.0011116 0.0021534 -0.0114721 -0.0625621 -0.0324121 0.9974487
2451.626790 -0.0430007 0.0012103 0.0016578 -0.0116738 -0.0709838 -0.0370137 0.9967222
2452.026751 -0.0482946 0.0009220 0.0008170 -0.0108593 -0.0823210 -0.0415748 0.9956791
2452.476707 -0.0532584 0.0012844 0.0002193 -0.0048103 -0.0920185 -0.0456775 0.9946975
2452.826673 -0.0646118 0.0026671 -0.0030064 -0.0040126 -0.1111122 -0.0512425 0.9924778
2453.026654 -0.0688110 0.0036018 -0.0032118 -0.0090479 -0.1233178 -0.0571285 0.9906802
2456.426325 -0.1094611 0.0123428 -0.0087375 -0.0118722 -0.1862325 -0.1252239 0.9744206
2457.126257 -0.1226548 0.0158658 -0.0131368 -0.0167699 -0.2023529 -0.1431415 0.9686499
2457.526218 -0.1300984 0.0182388 -0.0162903 -0.0185486 -0.2169702 -0.1518728 0.9641134
2457.776194 -0.1359227 0.0202536 -0.0189999 -0.0170103 -0.2259237 -0.1615907 0.9604986
2457.826189 -0.1366726 0.0206272 -0.0201592 -0.0164810 -0.2275582 -0.1628744 0.9599050
2458.076165 -0.1407899 0.0211019 -0.0238435 -0.0160700 -0.2319292 -0.1671774 0.9581244
2458.176155 -0.1426804 0.0215220 -0.0244999 -0.0115482 -0.2340299 -0.1710741 0.9569902
2458.426131 -0.1489911 0.0238096 -0.0286727 0.0004739 -0.2462889 -0.1754407 0.9531853
2458.526122 -0.1515770 0.0239156 -0.0315534 0.0050189 -0.2528262 -0.1777036 0.9510390
2458.626112 -0.1548363 0.0242729 -0.0328055 0.0096361 -0.2591368 -0.1787926 0.9490988
2458.676502 -0.1568260 0.0252333 -0.0342998 0.0161651 -0.2627784 -0.1800662 0.9477670
2459.084542 -0.1644095 0.0268630 -0.0401355 0.0416328 -0.2831903 -0.1823855 0.9406410
2459.187575 -0.1656622 0.0266539 -0.0421704 0.0500765 -0.2880493 -0.1833105 0.9385719
2459.438499 -0.1701322 0.0273878 -0.0454644 0.0685895 -0.2970957 -0.1821511 0.9347998
2459.541946 -0.1717635 0.0271118 -0.0472437 0.0771381 -0.3030291 -0.1821259 0.9322303
2459.997887 -0.1801013 0.0288625 -0.0532375 0.1050500 -0.3233826 -0.1831704 0.9224082
2460.651143 -0.1876144 0.0306288 -0.0605279 0.1349543 -0.3407981 -0.1807775 0.9126683
2462.002059 -0.2089693 0.0402430 -0.0786322 0.1846143 -0.3797081 -0.1806514 0.8883155
2462.252252 -0.2097222 0.0401026 -0.0786138 0.1908253 -0.3850533 -0.1765916 0.8855140
2464.395328 -0.2373138 0.0569160 -0.1058388 0.1974263 -0.4058228 -0.1773340 0.8745761
2464.938993 -0.2355391 0.0602346 -0.1093473 0.2037182 -0.4171058 -0.1734463 0.8685839
2465.925405 -0.2325291 0.0635660 -0.1129258 0.1754624 -0.4160187 -0.1885470 0.8721189
2465.975400 -0.2322171 0.0642337 -0.1136135 0.1724047 -0.4148326 -0.1901711 0.8729407
2466.075391 -0.2317075 0.0647577 -0.1142616 0.1671033 -0.4148749 -0.1922140 0.8735039
2466.375362 -0.2297673 0.0668775 -0.1161262 0.1444090 -0.4163042 -0.2027663 0.8744842
2466.525347 -0.2297104 0.0675590 -0.1170448 0.1326839 -0.4116022 -0.2090956 0.8770733
2467.925211 -0.2453285 0.0862333 -0.1291153 0.0773335 -0.3842403 -0.2432637 0.8872439
2469.675042 -0.2554586 0.0990292 -0.1402463 0.0316837 -0.3817299 -0.2669960 0.8843029
2470.075398 -0.2586703 0.1021316 -0.1438200 0.0254844 -0.3778616 -0.2708316 0.8849980
2470.787973 -0.2624941 0.1061790 -0.1495511 0.0212170 -0.3753384 -0.2730118 0.8855143
2470.943687 -0.2637523 0.1067694 -0.1511488 0.0208848 -0.3785833 -0.2727225 0.8842290
2472.406208 -0.2718584 0.1169804 -0.1619969 0.0073373 -0.3647909 -0.2811012 0.8876125
2472.805794 -0.2731169 0.1183129 -0.1643374 0.0052042 -0.3685036 -0.2814411 0.8859847
2473.305508 -0.2768636 0.1196339 -0.1698545 0.0222120 -0.3807835 -0.2718952 0.8835064
2473.653795 -0.2785071 0.1187367 -0.1733874 0.0502307 -0.3945954 -0.2571658 0.8807026
2476.624369 -0.2916504 0.1230993 -0.2002739 0.1378743 -0.4268574 -0.2101728 0.8686834
2476.724360 -0.2916591 0.1238539 -0.2005851 0.1400893 -0.4286462 -0.2085668 0.8678349
2477.074326 -0.2929389 0.1248726 -0.2026477 0.1454619 -0.4293692 -0.2055584 0.8673112
2477.424292 -0.2924908 0.1256182 -0.2035935 0.1500566 -0.4289304 -0.2029891 0.8673507
2477.524282 -0.2926105 0.1261361 -0.2037631 0.1474325 -0.4276010 -0.2043083 0.8681470
2477.724263 -0.2919096 0.1263257 -0.2038913 0.1388112 -0.4250379 -0.2085003 0.8698286
2477.924243 -0.2941808 0.1291028 -0.2042452 0.1284262 -0.4202859 -0.2141872 0.8723477
2478.824156 -0.2975234 0.1385751 -0.2070501 0.0675284 -0.3910887 -0.2480706 0.8837141
2479.824059 -0.2975668 0.1470133 -0.2076321 -0.0079729 -0.3600413 -0.2887546 0.8870893
2480.074035 -0.2973225 0.1473449 -0.2070473 -0.0256050 -0.3529681 -0.2978296 0.8865976
2480.424001 -0.2952575 0.1489749 -0.2041703 -0.0455395 -0.3425611 -0.3086063 0.8861943
2480.723972 -0.2958470 0.1500807 -0.2050481 -0.0591346 -0.3358738 -0.3155352 0.8855109
2481.073938 -0.2946636 0.1504794 -0.2047306 -0.0600068 -0.3347655 -0.3162899 0.8856026
2481.923856 -0.2957065 0.1506602 -0.2047870 -0.0590025 -0.3393126 -0.3147580 0.8844846
