2444.927438 0.0000000 0.0000000 0.0000000 -0.0000000 -0.0000000 -0.0000000 1.0000000
2449.476998 -0.0131005 0.0015010 0.0018907 -0.0249625 -0.0186903 -0.0007283 0.9995134
2449.526993 -0.0127887 0.0013910 0.0018954 -0.0235883 -0.0202658 -0.0010572 0.9995158
2450.676882 -0.0279937 0.0011927 0.0025306 -0.0136389 -0.0466311 -0.0185660 0.9986465
2450.876862 -0.0309344 0.0008171 0.0020661 -0.0130570 -0.0508351 -0.0219157 0.9983812
2451.626790 -0.0439122 0.0013909 0.0023518 -0.0115779 -0.0710469 -0.0369288 0.9967219
2451.726780 -0.0454686 0.0015049 0.0020972 -0.0116759 -0.0736326 -0.0377505 0.9965023
2452.426712 -0.0532146 0.0013758 0.0009326 -0.0051712 -0.0900264 -0.0454790 0.9948870
2452.476707 -0.0541955 0.0015159 0.0008056 -0.0046394 -0.0921579 -0.0455031 0.9946934
2452.826673 -0.0655986 0.0027744 -0.0026986 -0.0039783 -0.1112776 -0.0511486 0.9924642
2454.476514 -0.0844018 0.0063787 -0.0031703 -0.0099558 -0.1492014 -0.0811380 0.9854220
2456.176349 -0.1097190 0.0120003 -0.0085320 -0.0118035 -0.1844879 -0.1190483 0.9755268
2456.776291 -0.1177062 0.0145854 -0.0103746 -0.0160010 -0.1927764 -0.1323442 0.9721452
2457.176252 -0.1260593 0.0173503 -0.0130049 -0.0167590 -0.2043961 -0.1451816 0.9679172
2457.576214 -0.1340758 0.0196639 -0.0162744 -0.0167285 -0.2191220 -0.1547739 0.9631982
2457.826189 -0.1393575 0.0217114 -0.0194467 -0.0160870 -0.2276517 -0.1627834 0.9599050
2458.026170 -0.1424027 0.0209297 -0.0232413 -0.0160243 -0.2314656 -0.1665181 0.9583521
2458.276146 -0.1511070 0.0237787 -0.0268239 -0.0092190 -0.2345873 -0.1739508 0.9563603
2458.476126 -0.1482218 0.0235286 -0.0285210 0.0039218 -0.2522583 -0.1757324 0.9515611
2458.576117 -0.1556526 0.0257767 -0.0311064 0.0082459 -0.2564918 -0.1784469 0.9498951
2459.084542 -0.1668613 0.0281814 -0.0392525 0.0423047 -0.2834211 -0.1823867 0.9405413
2459.136493 -0.1685742 0.0286559 -0.0409178 0.0466443 -0.2854058 -0.1833296 0.9395521
2459.187575 -0.1686194 0.0282426 -0.0417771 0.0508395 -0.2879792 -0.1833253 0.9385495
2459.287288 -0.1704402 0.0280985 -0.0435661 0.0596497 -0.2927428 -0.1825235 0.9367117
2459.541946 -0.1743732 0.0287911 -0.0469136 0.0779372 -0.3031365 -0.1819903 0.9321554
2460.651143 -0.1912416 0.0330182 -0.0602143 0.1359824 -0.3408311 -0.1808472 0.9124896
2460.852763 -0.1928943 0.0339415 -0.0628139 0.1457000 -0.3504082 -0.1792629 0.9076620
2461.852429 -0.2099888 0.0419421 -0.0765104 0.1795648 -0.3785217 -0.1841637 0.8891353
2462.152440 -0.2136099 0.0436235 -0.0794531 0.1896248 -0.3823181 -0.1781416 0.8866459
2462.401704 -0.2143155 0.0433964 -0.0791328 0.1956632 -0.3894688 -0.1742050 0.8829964
2465.332179 -0.2406646 0.0655309 -0.1126851 0.1995384 -0.4247251 -0.1773190 0.8650728
2465.477859 -0.2403304 0.0661128 -0.1133803 0.1935691 -0.4238339 -0.1800115 0.8663092
2465.775420 -0.2397490 0.0666167 -0.1139993 0.1829115 -0.4186985 -0.1857468 0.8699040
2465.875410 -0.2399036 0.0662299 -0.1137402 0.1786079 -0.4166524 -0.1877163 0.8713567
2466.375362 -0.2358187 0.0719353 -0.1196384 0.1456446 -0.4153747 -0.2031926 0.8746224
2467.525250 -0.2504992 0.0874479 -0.1272039 0.0902561 -0.3920672 -0.2371102 0.8842601
2467.925211 -0.2513621 0.0896225 -0.1305754 0.0782287 -0.3835303 -0.2438582 0.8873094
2468.075197 -0.2519604 0.0907481 -0.1320557 0.0721806 -0.3875062 -0.2468886 0.8852541
2468.275178 -0.2531464 0.0930303 -0.1328626 0.0651137 -0.3896248 -0.2505827 0.8838332
2469.675042 -0.2619665 0.1031459 -0.1409066 0.0326318 -0.3814484 -0.2671398 0.8843464
2470.787973 -0.2684497 0.1110002 -0.1499358 0.0224079 -0.3752149 -0.2728335 0.8855923
2470.995143 -0.2701699 0.1124834 -0.1521661 0.0225980 -0.3788845 -0.2723215 0.8841815
2471.654562 -0.2732306 0.1155914 -0.1561541 0.0220488 -0.3730572 -0.2731976 0.8864002
2473.005933 -0.2809987 0.1243486 -0.1673372 0.0094177 -0.3721704 -0.2793980 0.8850634
2473.305508 -0.2828545 0.1243332 -0.1702850 0.0233576 -0.3808100 -0.2717838 0.8834997
2473.653795 -0.2853862 0.1235343 -0.1742095 0.0511858 -0.3942913 -0.2570893 0.8808061
2475.095616 -0.2920040 0.1231185 -0.1884178 0.1297757 -0.4265448 -0.2164835 0.8685349
2475.438708 -0.2939811 0.1234502 -0.1928797 0.1451889 -0.4343681 -0.2081451 0.8642455
2476.824350 -0.3024714 0.1311965 -0.2038227 0.1438442 -0.4284261 -0.2080678 0.8674490
2477.424292 -0.3013061 0.1307821 -0.2053488 0.1511699 -0.4282819 -0.2032481 0.8674172
2477.524282 -0.3016279 0.1323608 -0.2064630 0.1487980 -0.4266119 -0.2046752 0.8683142
2477.724263 -0.3012764 0.1329098 -0.2076276 0.1403193 -0.4238524 -0.2092078 0.8699953
2478.474190 -0.3025163 0.1381551 -0.2109601 0.0939945 -0.4073299 -0.2333567 0.8779476
2479.174122 -0.2982325 0.1376254 -0.2160059 0.0380158 -0.3794759 -0.2624197 0.8863909
2479.824059 -0.3030054 0.1501040 -0.2101696 -0.0077156 -0.3602968 -0.2886588 0.8870190
2480.074035 -0.3037856 0.1516727 -0.2104267 -0.0249755 -0.3522872 -0.2980738 0.8868043
2480.324011 -0.3028542 0.1528359 -0.2091577 -0.0403426 -0.3445184 -0.3059527 0.8866073
2480.723972 -0.3021842 0.1537677 -0.2094032 -0.0587776 -0.3350699 -0.3162192 0.8855951
2481.823866 -0.3019574 0.1546707 -0.2090773 -0.0594305 -0.3378061 -0.3157221 0.8846890
