2469.725037 0.0000000 0.0000000 0.0000000 -0.0000000 -0.0000000 -0.0000000 1.0000000
2470.787973 -0.0082518 0.0007712 -0.0006078 -0.0118924 0.0021605 -0.0006536 0.9999267
2471.298255 -0.0127187 0.0005672 -0.0007828 -0.0063745 -0.0012288 -0.0002416 0.9999789
2471.451994 -0.0132227 0.0007144 -0.0009013 -0.0083363 0.0009531 -0.0004180 0.9999647
2471.804883 -0.0156642 0.0011207 -0.0009451 -0.0173139 0.0054428 -0.0009684 0.9998348
2471.854879 -0.0158024 0.0011698 -0.0009092 -0.0201118 0.0060424 -0.0010125 0.9997790
2472.555779 -0.0220010 0.0024303 -0.0007686 -0.0306056 0.0073384 -0.0020693 0.9995025
2472.706080 -0.0238206 0.0021968 -0.0012547 -0.0296703 0.0048273 -0.0020982 0.9995459
2472.805794 -0.0241972 0.0022472 -0.0013891 -0.0309160 0.0045617 -0.0022014 0.9995092
2473.255651 -0.0274581 0.0019834 -0.0014190 -0.0136449 -0.0025593 -0.0004526 0.9999036
2474.202182 -0.0332752 -0.0033808 -0.0039579 0.0642917 -0.0132876 0.0036440 0.9978361
2474.252177 -0.0337358 -0.0034368 -0.0038870 0.0666627 -0.0151012 0.0034402 0.9976554
2476.029050 -0.0458048 -0.0068057 -0.0078731 0.1398879 -0.0224836 0.0067298 0.9898892
2476.574374 -0.0482335 -0.0066609 -0.0079902 0.1287409 -0.0157495 0.0072494 0.9915267
2476.674364 -0.0495122 -0.0071937 -0.0086714 0.1319522 -0.0165461 0.0073364 0.9910908
2476.824350 -0.0497829 -0.0069490 -0.0080545 0.1350445 -0.0177979 0.0080926 0.9906467
2477.024331 -0.0510684 -0.0070353 -0.0082455 0.1379923 -0.0170497 0.0083208 0.9902516
2477.274306 -0.0519005 -0.0069989 -0.0086493 0.1432811 -0.0161661 0.0082268 0.9895158
2477.424292 -0.0536910 -0.0066935 -0.0084629 0.1436973 -0.0138086 0.0080907 0.9894923
2477.524282 -0.0538093 -0.0065960 -0.0086232 0.1403281 -0.0131315 0.0084179 0.9899822
2479.524088 -0.0640561 0.0022565 -0.0038762 -0.0230828 0.0070904 -0.0013678 0.9997075
2479.624079 -0.0644300 0.0024379 -0.0045182 -0.0323826 0.0073388 -0.0022136 0.9994462
2479.924050 -0.0640538 0.0033124 -0.0061822 -0.0596866 0.0104506 -0.0041754 0.9981537
2480.024040 -0.0645306 0.0046816 -0.0053089 -0.0656972 0.0106793 -0.0052745 0.9977685
2480.224021 -0.0638866 0.0066904 -0.0050538 -0.0797431 0.0118039 -0.0063249 0.9967255
2481.323914 -0.0635021 0.0070870 -0.0042364 -0.1128211 0.0166236 -0.0092149 0.9934335
2481.623885 -0.0632632 0.0079940 -0.0045937 -0.1104458 0.0143171 -0.0084775 0.9937429
