2469.725037 0.0000000 0.0000000 0.0000000 -0.0000000 -0.0000000 -0.0000000 1.0000000
2470.787973 -0.0076684 0.0003523 -0.0011026 -0.0121019 0.0023334 -0.0007917 0.9999238
2470.891756 -0.0088840 0.0001872 -0.0010440 -0.0115334 0.0000587 -0.0008886 0.9999331
2471.502878 -0.0124027 0.0002253 -0.0016510 -0.0094689 0.0020768 -0.0005382 0.9999529
2472.106039 -0.0174957 0.0012201 -0.0015649 -0.0269174 0.0099992 -0.0019449 0.9995858
2472.256203 -0.0187765 0.0015438 -0.0015484 -0.0309657 0.0105194 -0.0023148 0.9994624
2472.555779 -0.0206602 0.0012097 -0.0019767 -0.0311977 0.0078300 -0.0025071 0.9994794
2472.955937 -0.0233977 0.0011151 -0.0026463 -0.0292384 0.0029626 -0.0020809 0.9995660
2473.454862 -0.0266600 -0.0010591 -0.0034445 0.0065402 -0.0043711 0.0006520 0.9999688
2474.053085 -0.0299286 -0.0037706 -0.0052040 0.0501642 -0.0093709 0.0026222 0.9986936
2475.095616 -0.0351361 -0.0069988 -0.0077851 0.1178203 -0.0188789 0.0054718 0.9928404
2476.129395 -0.0434268 -0.0071615 -0.0099714 0.1343465 -0.0203655 0.0063770 0.9907046
2476.229050 -0.0432218 -0.0073307 -0.0095531 0.1309492 -0.0191757 0.0067571 0.9911806
2476.624369 -0.0455009 -0.0071273 -0.0101196 0.1291909 -0.0154692 0.0072569 0.9914725
2476.824350 -0.0458502 -0.0070574 -0.0097106 0.1345816 -0.0176965 0.0079342 0.9907127
2477.424292 -0.0474459 -0.0070987 -0.0094408 0.1429965 -0.0146333 0.0086759 0.9895770
2477.474287 -0.0477397 -0.0069271 -0.0089333 0.1419950 -0.0139629 0.0085360 0.9897321
2477.524282 -0.0481760 -0.0070256 -0.0089260 0.1397478 -0.0136175 0.0088154 0.9900542
2477.574277 -0.0481077 -0.0070127 -0.0090373 0.1383267 -0.0139247 0.0086773 0.9902508
2477.674268 -0.0481242 -0.0070163 -0.0091901 0.1329767 -0.0136503 0.0088293 0.9909859
2478.674171 -0.0552037 -0.0039353 -0.0096702 0.0541529 -0.0025592 0.0051426 0.9985161
2479.374103 -0.0584511 -0.0002031 -0.0104990 -0.0111972 0.0085220 -0.0006418 0.9999008
2479.724069 -0.0593153 0.0004092 -0.0112900 -0.0388957 0.0082380 -0.0032215 0.9992041
2480.873958 -0.0585974 0.0053072 -0.0090562 -0.1138390 0.0164568 -0.0095195 0.9933173
2481.673880 -0.0604826 0.0042314 -0.0109262 -0.1120515 0.0157318 -0.0104204 0.9935232
