2444.927438 0.0000000 0.0000000 0.0000000 -0.0000000 -0.0000000 -0.0000000 1.0000000
2449.476998 -0.0132169 0.0017856 0.0017475 -0.0248007 -0.0185824 -0.0007427 0.9995195
2449.576988 -0.0145376 0.0017554 0.0019952 -0.0227348 -0.0208582 -0.0016021 0.9995226
2450.076940 -0.0200646 0.0013938 0.0018921 -0.0199698 -0.0304444 -0.0041977 0.9993281
2450.126935 -0.0205995 0.0015002 0.0021678 -0.0207231 -0.0315987 -0.0038521 0.9992784
2450.726877 -0.0295694 0.0015130 0.0025422 -0.0129336 -0.0474408 -0.0196448 0.9985971
2450.926857 -0.0324738 0.0011292 0.0023819 -0.0122368 -0.0518555 -0.0243254 0.9982833
2451.226828 -0.0377179 0.0013994 0.0021308 -0.0115601 -0.0595847 -0.0306938 0.9976843
2451.576794 -0.0440068 0.0015668 0.0022616 -0.0107871 -0.0686784 -0.0360835 0.9969277
2452.476707 -0.0555223 0.0017943 0.0006574 -0.0045857 -0.0915222 -0.0456754 0.9947444
2452.826673 -0.0671207 0.0033555 -0.0027627 -0.0037825 -0.1104421 -0.0512344 0.9925539
2455.026460 -0.0939425 0.0081968 -0.0046028 -0.0095033 -0.1622635 -0.0939792 0.9822159
2456.176349 -0.1115805 0.0122566 -0.0088533 -0.0117608 -0.1836814 -0.1190157 0.9756835
2456.826286 -0.1198552 0.0153150 -0.0110436 -0.0159846 -0.1939422 -0.1342371 0.9716539
2457.126257 -0.1270809 0.0168059 -0.0132920 -0.0165502 -0.2015209 -0.1429425 0.9688565
2457.276243 -0.1304594 0.0185024 -0.0139005 -0.0178521 -0.2070886 -0.1462599 0.9671627
2457.576214 -0.1365587 0.0203674 -0.0165366 -0.0167146 -0.2180269 -0.1548249 0.9634387
2457.876184 -0.1421378 0.0222046 -0.0205584 -0.0162870 -0.2280038 -0.1643774 0.9595463
2458.026170 -0.1443334 0.0240242 -0.0212679 -0.0151892 -0.2310316 -0.1657665 0.9586006
2458.326141 -0.1540422 0.0265494 -0.0252643 -0.0075218 -0.2369641 -0.1734362 0.9558825
2458.576117 -0.1534584 0.0261129 -0.0277212 0.0077590 -0.2582659 -0.1766153 0.9497609
2458.980345 -0.1657809 0.0291185 -0.0365660 0.0340103 -0.2777410 -0.1813771 0.9427649
2459.031960 -0.1662076 0.0289534 -0.0368375 0.0384759 -0.2805525 -0.1814012 0.9417555
2459.337284 -0.1715185 0.0286315 -0.0413169 0.0620168 -0.2950357 -0.1809304 0.9361475
2459.489521 -0.1734822 0.0295571 -0.0429187 0.0726752 -0.3006710 -0.1805731 0.9336534
2459.594331 -0.1753253 0.0284412 -0.0454440 0.0787774 -0.3055636 -0.1811614 0.9314535
2459.947655 -0.1825925 0.0314432 -0.0502984 0.1035042 -0.3222373 -0.1817669 0.9232610
2459.997887 -0.1833675 0.0312407 -0.0504457 0.1056005 -0.3238519 -0.1817687 0.9224579
2461.051855 -0.1965205 0.0359991 -0.0635341 0.1526071 -0.3563211 -0.1783075 0.9044074
2461.502147 -0.2033789 0.0393354 -0.0698731 0.1631026 -0.3697704 -0.1828537 0.8962321
2462.252252 -0.2112026 0.0418123 -0.0752394 0.1910876 -0.3862678 -0.1746218 0.8853192
2463.900552 -0.2249802 0.0514219 -0.0919934 0.1942872 -0.4053007 -0.1749295 0.8760043
2464.345787 -0.2323998 0.0569036 -0.0996084 0.1980120 -0.4080664 -0.1745014 0.8739693
2464.938993 -0.2345060 0.0596563 -0.1036907 0.2033424 -0.4195739 -0.1708646 0.8679948
2465.875410 -0.2401166 0.0677651 -0.1136611 0.1787364 -0.4165788 -0.1863691 0.8716547
2465.975400 -0.2413746 0.0697182 -0.1142617 0.1735831 -0.4138216 -0.1894913 0.8733348
2466.075391 -0.2408535 0.0701096 -0.1160384 0.1683228 -0.4135142 -0.1919343 0.8739763
2466.525347 -0.2389670 0.0714309 -0.1221019 0.1330434 -0.4098133 -0.2089549 0.8778898
2468.025202 -0.2513541 0.0898083 -0.1312483 0.0732785 -0.3876519 -0.2447434 0.8856958
2469.225086 -0.2586961 0.0999960 -0.1387247 0.0416115 -0.3844366 -0.2611905 0.8844526
2469.475061 -0.2593595 0.1013941 -0.1405483 0.0354472 -0.3839417 -0.2641457 0.8840584
2469.575052 -0.2600905 0.1020647 -0.1412735 0.0341531 -0.3830930 -0.2650059 0.8842201
2470.432673 -0.2663556 0.1087708 -0.1458236 0.0227195 -0.3759036 -0.2712050 0.8857924
2470.787973 -0.2684883 0.1104684 -0.1492108 0.0218905 -0.3758392 -0.2714402 0.8857685
2471.247509 -0.2716751 0.1127763 -0.1535976 0.0243605 -0.3801917 -0.2697169 0.8843719
2471.955580 -0.2750103 0.1177834 -0.1584052 0.0137925 -0.3692727 -0.2760841 0.8872570
2472.055886 -0.2758199 0.1190990 -0.1592881 0.0127782 -0.3676649 -0.2766623 0.8877596
2472.555779 -0.2789040 0.1222256 -0.1628603 0.0070780 -0.3659188 -0.2797577 0.8875748
2473.255651 -0.2829501 0.1246012 -0.1696105 0.0185095 -0.3794164 -0.2724879 0.8839971
2474.402202 -0.2903450 0.1234844 -0.1828270 0.0919421 -0.4170836 -0.2343128 0.8733186
2475.095616 -0.2921156 0.1220999 -0.1884217 0.1290940 -0.4269098 -0.2150677 0.8688087
2476.524379 -0.2977043 0.1283287 -0.1996492 0.1357145 -0.4254358 -0.2101689 0.8697212
2477.024331 -0.3015122 0.1308030 -0.2045738 0.1459742 -0.4292932 -0.2050876 0.8673742
2477.124321 -0.3014649 0.1307940 -0.2049582 0.1478572 -0.4293468 -0.2039186 0.8673044
2477.574277 -0.3016647 0.1316666 -0.2063915 0.1469532 -0.4269470 -0.2038104 0.8686670
2477.674268 -0.3007823 0.1313983 -0.2068878 0.1424585 -0.4254881 -0.2060583 0.8696007
2477.924243 -0.3016957 0.1334191 -0.2087925 0.1289956 -0.4196194 -0.2136269 0.8727217
2478.474190 -0.3051739 0.1388402 -0.2093991 0.0938233 -0.4073129 -0.2319033 0.8783588
2479.524088 -0.3059104 0.1484611 -0.2119662 0.0127289 -0.3688658 -0.2767406 0.8872376
2479.824059 -0.3047581 0.1509198 -0.2102841 -0.0077367 -0.3602983 -0.2874443 0.8874125
2480.024040 -0.3051320 0.1516583 -0.2097375 -0.0229506 -0.3536776 -0.2955032 0.8871658
2480.224021 -0.3042663 0.1525463 -0.2101616 -0.0353739 -0.3478383 -0.3020603 0.8868578
2480.374006 -0.3032385 0.1534984 -0.2080088 -0.0418536 -0.3448379 -0.3051355 0.8866947
2480.923953 -0.3034030 0.1544574 -0.2087252 -0.0610692 -0.3343933 -0.3157185 0.8858745
