2444.927438 0.0000000 0.0000000 0.0000000 -0.0000000 -0.0000000 -0.0000000 1.0000000
2449.476998 -0.0141692 0.0018580 0.0017431 -0.0248061 -0.0184701 -0.0006209 0.9995215
2449.526993 -0.0140811 0.0014256 0.0017144 -0.0235896 -0.0199849 -0.0010521 0.9995214
2450.926857 -0.0340703 0.0009472 0.0023662 -0.0123587 -0.0520296 -0.0242493 0.9982746
2451.226828 -0.0395827 0.0012001 0.0020123 -0.0116844 -0.0597913 -0.0306112 0.9976730
2451.276823 -0.0393228 0.0010737 0.0023167 -0.0119068 -0.0614490 -0.0306079 0.9975698
2451.726780 -0.0487763 0.0015101 0.0019048 -0.0117179 -0.0732853 -0.0378329 0.9965243
2452.226731 -0.0544288 0.0013388 0.0013746 -0.0081830 -0.0868732 -0.0435761 0.9952323
2452.476707 -0.0580577 0.0017514 0.0007513 -0.0046303 -0.0919051 -0.0454855 0.9947176
2452.726683 -0.0651262 0.0018764 -0.0015813 -0.0040260 -0.1022896 -0.0481761 0.9935792
2454.026557 -0.0855253 0.0053221 -0.0032816 -0.0088656 -0.1384149 -0.0743070 0.9875430
2454.476514 -0.0901325 0.0065471 -0.0037778 -0.0100408 -0.1490203 -0.0809932 0.9854604
2456.226344 -0.1180550 0.0125870 -0.0100726 -0.0122399 -0.1842188 -0.1196461 0.9754991
2457.026267 -0.1316126 0.0171181 -0.0137571 -0.0167322 -0.1997234 -0.1390627 0.9697897
2457.176252 -0.1351429 0.0178577 -0.0146676 -0.0170878 -0.2039277 -0.1452237 0.9680039
2457.576214 -0.1438012 0.0204445 -0.0183935 -0.0171041 -0.2185486 -0.1546840 0.9633363
2458.276146 -0.1582979 0.0256220 -0.0271955 -0.0094090 -0.2357772 -0.1725210 0.9563248
2458.476126 -0.1639105 0.0273776 -0.0312953 0.0043474 -0.2496450 -0.1770052 0.9520124
2458.626112 -0.1689218 0.0282481 -0.0337995 0.0103023 -0.2586075 -0.1786761 0.9492581
2458.676502 -0.1707017 0.0289168 -0.0353475 0.0165565 -0.2624588 -0.1797701 0.9479051
2458.980345 -0.1776485 0.0303621 -0.0407631 0.0339490 -0.2766463 -0.1827360 0.9428265
2459.031960 -0.1786531 0.0303754 -0.0417637 0.0385092 -0.2790607 -0.1829545 0.9418970
2459.136493 -0.1807762 0.0307874 -0.0438031 0.0462079 -0.2845840 -0.1832208 0.9398441
2459.337284 -0.1839060 0.0312161 -0.0464767 0.0624695 -0.2937030 -0.1821551 0.9362989
2459.594331 -0.1883029 0.0314915 -0.0507861 0.0793156 -0.3040802 -0.1824970 0.9316325
2459.746055 -0.1915665 0.0325595 -0.0530345 0.0891204 -0.3123391 -0.1836269 0.9277839
2459.947655 -0.1959169 0.0334368 -0.0564589 0.1035301 -0.3207844 -0.1832374 0.9234734
2462.002059 -0.2248209 0.0451012 -0.0839324 0.1850938 -0.3795865 -0.1804255 0.8883136
2462.252252 -0.2276498 0.0454012 -0.0831728 0.1913533 -0.3845992 -0.1765028 0.8856151
2465.332179 -0.2531767 0.0676596 -0.1213866 0.1985980 -0.4245256 -0.1770389 0.8654444
2465.477859 -0.2537673 0.0681997 -0.1225690 0.1926653 -0.4234580 -0.1802535 0.8666442
2465.875410 -0.2554453 0.0707635 -0.1239871 0.1783250 -0.4155608 -0.1878884 0.8718987
2465.925405 -0.2554466 0.0711147 -0.1254541 0.1759417 -0.4140923 -0.1892272 0.8727916
2466.425357 -0.2643470 0.0807425 -0.1320715 0.1428313 -0.4099398 -0.2073308 0.8766770
2466.975303 -0.2650325 0.0873330 -0.1344063 0.1099525 -0.3980595 -0.2255341 0.8823795
2468.275178 -0.2737046 0.1004843 -0.1433108 0.0650490 -0.3880458 -0.2508043 0.8844695
2469.525057 -0.2795364 0.1096541 -0.1513310 0.0342733 -0.3816340 -0.2662348 0.8844772
2469.625047 -0.2805636 0.1100865 -0.1521642 0.0333042 -0.3806823 -0.2669292 0.8847150
2470.280080 -0.2841344 0.1122350 -0.1593682 0.0218552 -0.3761485 -0.2726294 0.8852728
2470.943687 -0.2876428 0.1173858 -0.1636358 0.0212793 -0.3774982 -0.2726101 0.8847181
2471.247509 -0.2896737 0.1189722 -0.1662387 0.0240183 -0.3786805 -0.2712628 0.8845568
2471.604231 -0.2905745 0.1211043 -0.1679354 0.0203724 -0.3713527 -0.2737529 0.8869845
2472.555779 -0.2967735 0.1287360 -0.1761661 0.0066532 -0.3644851 -0.2810590 0.8877568
2473.653795 -0.3041736 0.1295490 -0.1881244 0.0502222 -0.3932705 -0.2572805 0.8812621
2474.202182 -0.3070865 0.1289778 -0.1938384 0.0829156 -0.4077397 -0.2402638 0.8770101
2474.997107 -0.3105721 0.1294699 -0.2009753 0.1257962 -0.4255322 -0.2181637 0.8691963
2475.145394 -0.3097572 0.1295542 -0.2025201 0.1328284 -0.4278802 -0.2139188 0.8680518
2476.924340 -0.3184518 0.1366211 -0.2193801 0.1442842 -0.4284765 -0.2065104 0.8677231
2477.024331 -0.3205363 0.1376938 -0.2206798 0.1455654 -0.4280093 -0.2066006 0.8677182
2477.424292 -0.3207431 0.1381788 -0.2211616 0.1506469 -0.4272888 -0.2035893 0.8679177
2477.874248 -0.3238652 0.1433215 -0.2229983 0.1315399 -0.4188835 -0.2138847 0.8726323
2478.024234 -0.3278264 0.1488132 -0.2215471 0.1241243 -0.4160716 -0.2187794 0.8738496
2478.474190 -0.3274068 0.1492294 -0.2243136 0.0941758 -0.4059513 -0.2335160 0.8785242
2479.074132 -0.3270079 0.1504369 -0.2308367 0.0475942 -0.3786215 -0.2600055 0.8870049
2479.724069 -0.3278698 0.1610611 -0.2254828 0.0007725 -0.3625169 -0.2846351 0.8874479
2479.924050 -0.3271053 0.1630985 -0.2243460 -0.0165212 -0.3542795 -0.2942177 0.8874960
2480.374006 -0.3258202 0.1643352 -0.2232886 -0.0416604 -0.3427752 -0.3068341 0.8869174
2480.573987 -0.3255103 0.1654518 -0.2242062 -0.0531656 -0.3358291 -0.3133840 0.8866695
2480.923953 -0.3256533 0.1653987 -0.2247496 -0.0607674 -0.3322139 -0.3173689 0.8861254
