2469.725037 0.0000000 0.0000000 0.0000000 -0.0000000 -0.0000000 -0.0000000 1.0000000
2470.787973 -0.0059447 0.0005157 -0.0005343 -0.0119096 0.0025601 -0.0006235 0.9999256
2470.891756 -0.0067077 0.0003621 -0.0005819 -0.0113371 0.0001334 -0.0007690 0.9999354
2471.097089 -0.0078599 0.0002380 -0.0007993 -0.0096196 -0.0012416 -0.0004281 0.9999529
2471.349495 -0.0087716 0.0004032 -0.0005502 -0.0074285 -0.0012748 -0.0001131 0.9999716
2472.106039 -0.0130863 0.0013831 -0.0005322 -0.0265759 0.0100178 -0.0017083 0.9995952
2472.256203 -0.0141309 0.0016256 -0.0005559 -0.0306374 0.0106354 -0.0021243 0.9994717
2472.656085 -0.0160096 0.0015724 -0.0008867 -0.0301142 0.0059686 -0.0019442 0.9995267
2473.055789 -0.0180321 0.0013103 -0.0011942 -0.0270498 0.0013718 -0.0017727 0.9996316
2473.155503 -0.0185762 0.0012948 -0.0011774 -0.0227777 -0.0006089 -0.0011330 0.9997398
2474.202182 -0.0231408 -0.0024388 -0.0028450 0.0641240 -0.0128571 0.0035902 0.9978527
2474.252177 -0.0235405 -0.0024947 -0.0028986 0.0664693 -0.0146279 0.0034650 0.9976752
2476.374393 -0.0324786 -0.0043749 -0.0051739 0.1290363 -0.0174807 0.0068373 0.9914622
2476.674364 -0.0342046 -0.0050483 -0.0053686 0.1317899 -0.0163970 0.0074317 0.9911142
2476.824350 -0.0346930 -0.0052180 -0.0057520 0.1346180 -0.0174055 0.0078804 0.9907134
2477.224311 -0.0357769 -0.0049220 -0.0055340 0.1422234 -0.0164588 0.0083943 0.9896622
2477.324302 -0.0361772 -0.0048263 -0.0058184 0.1424931 -0.0150287 0.0081866 0.9896479
2477.524282 -0.0370198 -0.0045170 -0.0056038 0.1402108 -0.0130346 0.0082389 0.9900016
2478.674171 -0.0421832 -0.0013183 -0.0047141 0.0555366 -0.0018194 0.0049841 0.9984425
2478.774161 -0.0433571 -0.0010124 -0.0043717 0.0471869 0.0020299 0.0035611 0.9988777
2478.874151 -0.0435961 -0.0009731 -0.0042209 0.0377044 0.0048997 0.0027212 0.9992732
2480.024040 -0.0443537 0.0034827 -0.0040640 -0.0652623 0.0109031 -0.0052883 0.9977946
2480.623982 -0.0437833 0.0047290 -0.0036944 -0.1063203 0.0158620 -0.0093273 0.9941617
2480.723972 -0.0439498 0.0047846 -0.0034520 -0.1096631 0.0160161 -0.0090451 0.9937986
