2461.502147 0.0000000 0.0000000 0.0000000 -0.0000000 -0.0000000 -0.0000000 1.0000000
2462.901498 -0.0159973 -0.0014923 0.0005829 0.0379382 -0.0218271 -0.0025188 0.9990385
2463.001488 -0.0161988 -0.0014088 0.0008967 0.0361261 -0.0226634 -0.0025043 0.9990871
2463.801115 -0.0261519 -0.0022441 0.0003510 0.0415395 -0.0307261 -0.0029854 0.9986598
2464.296009 -0.0268317 -0.0013897 -0.0013779 0.0449372 -0.0360693 -0.0015600 0.9983373
2464.889946 -0.0363913 -0.0023501 -0.0034811 0.0532721 -0.0448762 -0.0010079 0.9975707
2465.825415 -0.0470701 -0.0008628 -0.0059792 0.0278038 -0.0488285 -0.0055540 0.9984047
2465.975400 -0.0480138 0.0001895 -0.0075416 0.0190979 -0.0463278 -0.0064738 0.9987228
2466.075391 -0.0483294 0.0001251 -0.0081024 0.0133800 -0.0473454 -0.0064704 0.9987680
2466.475352 -0.0499821 -0.0004627 -0.0111225 -0.0220546 -0.0515335 -0.0091993 0.9983854
2470.075398 -0.0858339 0.0112517 -0.0124296 -0.1511190 -0.0495671 -0.0273643 0.9868928
2471.046304 -0.0940297 0.0119451 -0.0142178 -0.1544354 -0.0522408 -0.0272413 0.9862447
2471.147519 -0.0943407 0.0122971 -0.0142457 -0.1528469 -0.0527280 -0.0267034 0.9864809
2472.106039 -0.1022144 0.0130767 -0.0157673 -0.1703693 -0.0410502 -0.0306820 0.9840466
2472.256203 -0.1040719 0.0135191 -0.0159501 -0.1743788 -0.0403435 -0.0315075 0.9833472
2472.555779 -0.1062401 0.0134154 -0.0164970 -0.1745080 -0.0429339 -0.0312110 0.9832240
2473.205498 -0.1118457 0.0121871 -0.0180020 -0.1640316 -0.0522298 -0.0280905 0.9846709
2473.255651 -0.1123469 0.0118495 -0.0178905 -0.1587833 -0.0528931 -0.0273063 0.9855174
2473.305508 -0.1124927 0.0112005 -0.0179560 -0.1538042 -0.0534927 -0.0267899 0.9862886
2473.454862 -0.1135444 0.0103090 -0.0181922 -0.1379536 -0.0555361 -0.0245608 0.9885754
2474.252177 -0.1192524 0.0063729 -0.0196529 -0.0792813 -0.0667408 -0.0173162 0.9944649
2474.947112 -0.1233387 0.0034199 -0.0216014 -0.0315185 -0.0724172 -0.0121983 0.9968017
2475.195171 -0.1256573 0.0025702 -0.0224463 -0.0190384 -0.0745653 -0.0108608 0.9969752
2476.924340 -0.1380017 0.0021099 -0.0262016 -0.0088223 -0.0695001 -0.0087174 0.9975049
2477.474287 -0.1405858 0.0020078 -0.0260483 -0.0035059 -0.0661129 -0.0083309 0.9977712
2477.574277 -0.1409349 0.0026761 -0.0265963 -0.0068000 -0.0660163 -0.0086334 0.9977580
2477.674268 -0.1413583 0.0024395 -0.0275427 -0.0121126 -0.0653133 -0.0088940 0.9977517
2477.874248 -0.1428758 0.0028703 -0.0286734 -0.0259437 -0.0628076 -0.0105595 0.9976325
2478.124224 -0.1444506 0.0039321 -0.0286861 -0.0431860 -0.0618319 -0.0124094 0.9970746
2479.174122 -0.1495474 0.0101964 -0.0300292 -0.1358967 -0.0442970 -0.0254277 0.9894055
2479.674074 -0.1523211 0.0117256 -0.0300139 -0.1791006 -0.0425343 -0.0313238 0.9824116
2479.824059 -0.1527313 0.0115884 -0.0300816 -0.1929079 -0.0401614 -0.0338683 0.9798095
2480.723972 -0.1503531 0.0189350 -0.0302680 -0.2506666 -0.0336421 -0.0428288 0.9665403
2481.373909 -0.1508545 0.0180646 -0.0294535 -0.2538215 -0.0324250 -0.0435505 0.9657260
2481.773871 -0.1503424 0.0189085 -0.0305792 -0.2515018 -0.0361468 -0.0413330 0.9662980
