2469.725037 0.0000000 0.0000000 0.0000000 -0.0000000 -0.0000000 -0.0000000 1.0000000
2471.854879 -0.0292776 -0.0003243 -0.0030866 -0.0210810 0.0061114 -0.0009976 0.9997586
2471.955580 -0.0309646 0.0017176 -0.0034805 -0.0229363 0.0059549 -0.0012767 0.9997184
2472.256203 -0.0367905 0.0033192 -0.0026133 -0.0309685 0.0099643 -0.0020926 0.9994685
2472.356351 -0.0384703 0.0027923 -0.0035227 -0.0304106 0.0085761 -0.0020672 0.9994986
2473.005933 -0.0486090 0.0018657 -0.0043381 -0.0271803 0.0016219 -0.0019087 0.9996274
2473.155503 -0.0490188 0.0015847 -0.0045285 -0.0235084 -0.0011007 -0.0012543 0.9997223
2473.355662 -0.0497489 0.0007029 -0.0060199 -0.0019211 -0.0048354 0.0004738 0.9999864
2473.454862 -0.0500080 0.0009001 -0.0058226 0.0075970 -0.0058816 0.0013882 0.9999529
2473.953411 -0.0561858 -0.0050841 -0.0085081 0.0437224 -0.0100356 0.0027486 0.9989895
2475.145394 -0.0695536 -0.0108660 -0.0141418 0.1236861 -0.0206244 0.0060682 0.9920885
2475.438708 -0.0727990 -0.0140533 -0.0166628 0.1375904 -0.0243109 0.0067276 0.9901680
2476.424389 -0.0859233 -0.0130905 -0.0184329 0.1272742 -0.0176954 0.0073776 0.9916823
2476.624369 -0.0878797 -0.0137261 -0.0187536 0.1294612 -0.0171030 0.0077980 0.9914063
2476.724360 -0.0904258 -0.0137434 -0.0207822 0.1322981 -0.0178576 0.0081036 0.9910160
2476.974335 -0.0928707 -0.0138785 -0.0188214 0.1370612 -0.0181027 0.0083007 0.9903624
2477.074326 -0.0945190 -0.0141351 -0.0184080 0.1384244 -0.0170824 0.0082816 0.9901910
2477.524282 -0.0949947 -0.0131805 -0.0193634 0.1400818 -0.0151115 0.0085068 0.9899881
2477.574277 -0.0948168 -0.0134067 -0.0192397 0.1385900 -0.0153940 0.0084921 0.9901938
2477.624272 -0.0947376 -0.0133758 -0.0192447 0.1367726 -0.0155853 0.0086619 0.9904420
2478.974142 -0.1164855 -0.0016616 -0.0154138 0.0285039 0.0054487 0.0012621 0.9995781
2479.724069 -0.1196522 0.0009193 -0.0209694 -0.0388305 0.0072983 -0.0036938 0.9992123
2479.874055 -0.1194575 0.0040939 -0.0181035 -0.0545885 0.0092012 -0.0058978 0.9984491
2480.374006 -0.1192378 0.0043010 -0.0203676 -0.0909594 0.0130034 -0.0083723 0.9957345
2480.473997 -0.1207286 0.0064343 -0.0201917 -0.0977501 0.0151041 -0.0092349 0.9950535
2480.523992 -0.1198276 0.0076992 -0.0199400 -0.1019166 0.0155057 -0.0097596 0.9946242
2480.773967 -0.1196843 0.0072199 -0.0185223 -0.1120680 0.0157329 -0.0113936 0.9935107
