2444.927438 0.0000000 0.0000000 0.0000000 -0.0000000 -0.0000000 -0.0000000 1.0000000
2449.476998 -0.0134384 0.0019000 0.0018236 -0.0247491 -0.0185288 -0.0008080 0.9995217
2449.526993 -0.0133672 0.0015008 0.0019335 -0.0235642 -0.0199788 -0.0012037 0.9995220
2450.676882 -0.0283741 0.0011113 0.0027414 -0.0137126 -0.0465505 -0.0185239 0.9986500
2451.126838 -0.0359625 0.0008286 0.0021735 -0.0116276 -0.0569790 -0.0290378 0.9978853
2451.276823 -0.0379853 0.0013398 0.0025211 -0.0117486 -0.0612331 -0.0309153 0.9975754
2451.626790 -0.0446477 0.0015906 0.0022012 -0.0115035 -0.0708727 -0.0368596 0.9967377
2451.776775 -0.0476596 0.0012751 0.0018740 -0.0110186 -0.0742296 -0.0394535 0.9963995
2452.426712 -0.0543548 0.0013878 0.0010331 -0.0052191 -0.0896925 -0.0455533 0.9949136
2452.676688 -0.0606534 0.0019477 -0.0002702 -0.0027432 -0.0984743 -0.0483416 0.9939610
2452.726683 -0.0622018 0.0024511 -0.0009117 -0.0037631 -0.1021903 -0.0483654 0.9935813
2454.476514 -0.0859816 0.0062452 -0.0036525 -0.0101115 -0.1488722 -0.0811429 0.9854698
2455.726393 -0.1071094 0.0109974 -0.0077406 -0.0115920 -0.1783312 -0.1103132 0.9776987
2456.376330 -0.1128785 0.0129733 -0.0085431 -0.0120219 -0.1857860 -0.1232264 0.9747586
2456.826286 -0.1203522 0.0151993 -0.0107595 -0.0161093 -0.1942202 -0.1340217 0.9716260
2457.576214 -0.1371340 0.0200876 -0.0163929 -0.0168750 -0.2183780 -0.1547738 0.9633646
2457.826189 -0.1420779 0.0223939 -0.0194581 -0.0160379 -0.2270812 -0.1627156 0.9600524
2458.076165 -0.1465593 0.0231406 -0.0220092 -0.0157495 -0.2314634 -0.1665005 0.9583602
2458.126160 -0.1464010 0.0230013 -0.0222219 -0.0139314 -0.2329013 -0.1680711 0.9577657
2458.376136 -0.1527859 0.0266279 -0.0268641 -0.0024624 -0.2414777 -0.1751546 0.9544649
2458.626112 -0.1608278 0.0269228 -0.0311277 0.0101931 -0.2587927 -0.1784142 0.9492580
2458.880493 -0.1672559 0.0282083 -0.0363487 0.0264469 -0.2710649 -0.1818740 0.9448525
2459.084542 -0.1712810 0.0290459 -0.0390185 0.0419557 -0.2825214 -0.1824091 0.9408233
2459.136493 -0.1723373 0.0291250 -0.0405114 0.0460088 -0.2846694 -0.1829659 0.9398777
2459.187575 -0.1727131 0.0297138 -0.0410252 0.0507598 -0.2872697 -0.1832384 0.9387882
2459.337284 -0.1747871 0.0291953 -0.0433523 0.0622384 -0.2939543 -0.1821167 0.9362429
2459.594331 -0.1794490 0.0300287 -0.0463134 0.0792479 -0.3043937 -0.1822346 0.9315872
2460.298471 -0.1911203 0.0325085 -0.0553053 0.1245617 -0.3333662 -0.1806061 0.9169148
2460.701533 -0.1945713 0.0352427 -0.0580551 0.1384556 -0.3423995 -0.1792827 0.9118390
2460.952220 -0.1995163 0.0336244 -0.0651425 0.1485023 -0.3524399 -0.1803156 0.9062116
2463.551494 -0.2276325 0.0509213 -0.0889746 0.1938552 -0.3997075 -0.1760686 0.8784384
2464.345787 -0.2366064 0.0593447 -0.0977862 0.1984942 -0.4073287 -0.1752264 0.8740590
2464.889946 -0.2346203 0.0593354 -0.1029187 0.2024030 -0.4188744 -0.1717590 0.8683756
2464.938993 -0.2345791 0.0593703 -0.1029401 0.2031685 -0.4195762 -0.1713298 0.8679428
2465.775420 -0.2447346 0.0682742 -0.1162370 0.1829072 -0.4172522 -0.1858786 0.8705715
2465.925405 -0.2446123 0.0684974 -0.1164706 0.1763201 -0.4139639 -0.1890888 0.8728062
2466.275371 -0.2420156 0.0712982 -0.1206552 0.1528622 -0.4171475 -0.1989871 0.8735132
2466.675333 -0.2469756 0.0788981 -0.1224187 0.1211185 -0.4009428 -0.2184355 0.8813972
2467.225279 -0.2537757 0.0859529 -0.1280715 0.0974856 -0.3965133 -0.2322165 0.8828076
2467.925211 -0.2562340 0.0911855 -0.1315383 0.0779678 -0.3827216 -0.2435248 0.8877730
2469.675042 -0.2665640 0.1041001 -0.1421317 0.0322974 -0.3803914 -0.2670898 0.8848290
2471.754572 -0.2778570 0.1169298 -0.1581221 0.0195085 -0.3712684 -0.2739375 0.8869822
2472.256203 -0.2835044 0.1230468 -0.1629320 0.0081511 -0.3610829 -0.2811074 0.8891183
2472.356351 -0.2832294 0.1232293 -0.1638252 0.0083312 -0.3629077 -0.2807150 0.8884975
2472.955937 -0.2818829 0.1235676 -0.1664102 0.0068983 -0.3707292 -0.2791228 0.8857780
2473.703475 -0.2897509 0.1244027 -0.1751850 0.0520608 -0.3940120 -0.2561463 0.8811546
2473.953411 -0.2910298 0.1240211 -0.1777373 0.0670225 -0.3992930 -0.2486676 0.8799077
2475.588041 -0.2983302 0.1239111 -0.1947124 0.1509170 -0.4339548 -0.2046711 0.8643015
2476.029050 -0.3013007 0.1271029 -0.1983760 0.1460732 -0.4335281 -0.2064515 0.8649242
2476.824350 -0.3042013 0.1308042 -0.2041595 0.1431649 -0.4282994 -0.2074793 0.8677648
2476.924340 -0.3041812 0.1309719 -0.2046461 0.1448319 -0.4283803 -0.2063349 0.8677211
2477.124321 -0.3040314 0.1310194 -0.2046219 0.1477633 -0.4287027 -0.2045248 0.8674961
2478.024234 -0.3070017 0.1372288 -0.2081323 0.1230242 -0.4173002 -0.2180461 0.8736026
2478.274210 -0.3085672 0.1394910 -0.2111101 0.1082468 -0.4110900 -0.2264031 0.8763728
2478.824156 -0.3106892 0.1453506 -0.2112179 0.0682369 -0.3894793 -0.2483732 0.8842853
2479.374103 -0.3116869 0.1509310 -0.2113506 0.0247419 -0.3699019 -0.2721490 0.8879727
2479.824059 -0.3109598 0.1521220 -0.2116823 -0.0080071 -0.3585459 -0.2885434 0.8877632
2480.174026 -0.3094360 0.1550205 -0.2101338 -0.0317275 -0.3480870 -0.3011356 0.8872126
2480.523992 -0.3081168 0.1569325 -0.2072640 -0.0505384 -0.3379017 -0.3114038 0.8867334
2480.773967 -0.3076868 0.1576187 -0.2085336 -0.0589292 -0.3341947 -0.3156709 0.8861112
