2444.927438 0.0000000 0.0000000 0.0000000 -0.0000000 -0.0000000 -0.0000000 1.0000000
2449.476998 -0.0133301 0.0017571 0.0019520 -0.0248328 -0.0185577 -0.0007055 0.9995191
2449.576988 -0.0144743 0.0018651 0.0022346 -0.0227123 -0.0209091 -0.0015191 0.9995222
2449.626983 -0.0149427 0.0017189 0.0021649 -0.0233806 -0.0220478 -0.0014141 0.9994825
2450.076940 -0.0199607 0.0015651 0.0020589 -0.0198985 -0.0304719 -0.0041652 0.9993289
2451.026848 -0.0341515 0.0011272 0.0023705 -0.0114493 -0.0540126 -0.0261090 0.9981332
2451.476804 -0.0421874 0.0013007 0.0019890 -0.0111104 -0.0653115 -0.0342865 0.9972138
2451.626790 -0.0447231 0.0014936 0.0021654 -0.0115452 -0.0706810 -0.0369210 0.9967486
2452.476707 -0.0554021 0.0016614 0.0005021 -0.0046675 -0.0914832 -0.0456884 0.9947470
2452.926664 -0.0695036 0.0029928 -0.0034192 -0.0055039 -0.1171329 -0.0552612 0.9915623
2454.476514 -0.0857162 0.0061105 -0.0037103 -0.0101406 -0.1484639 -0.0811677 0.9855291
2455.226441 -0.0969251 0.0080594 -0.0058588 -0.0080303 -0.1691840 -0.0995408 0.9805121
2455.576407 -0.1039494 0.0104755 -0.0073305 -0.0098968 -0.1758508 -0.1083330 0.9783878
2456.226344 -0.1116488 0.0122415 -0.0088746 -0.0121506 -0.1837313 -0.1195943 0.9755985
2456.626306 -0.1167377 0.0138578 -0.0096900 -0.0140589 -0.1875884 -0.1306629 0.9734167
2456.826286 -0.1195632 0.0149798 -0.0108685 -0.0161305 -0.1937975 -0.1340856 0.9717013
2457.176252 -0.1278187 0.0173183 -0.0128028 -0.0169085 -0.2034355 -0.1452685 0.9681039
2458.126160 -0.1449373 0.0221542 -0.0224422 -0.0142248 -0.2324727 -0.1678722 0.9579003
2458.326141 -0.1500059 0.0236625 -0.0256137 -0.0085948 -0.2382912 -0.1724238 0.9557267
2458.476126 -0.1539410 0.0248157 -0.0286822 0.0038491 -0.2496975 -0.1765060 0.9520935
2458.576117 -0.1576017 0.0255546 -0.0306678 0.0074215 -0.2555913 -0.1779969 0.9502290
2458.676502 -0.1604329 0.0261278 -0.0324957 0.0159608 -0.2624902 -0.1793955 0.9479775
2458.880493 -0.1645037 0.0264890 -0.0365737 0.0259241 -0.2710555 -0.1814904 0.9449434
2459.136493 -0.1703174 0.0283945 -0.0401873 0.0458906 -0.2844469 -0.1828616 0.9399711
2459.187575 -0.1706980 0.0279484 -0.0406479 0.0501729 -0.2871143 -0.1830118 0.9389115
2459.337284 -0.1729597 0.0290848 -0.0424482 0.0623601 -0.2937219 -0.1817609 0.9363769
2459.746055 -0.1798970 0.0304004 -0.0480689 0.0890018 -0.3124761 -0.1830700 0.9278592
2459.997887 -0.1844853 0.0305447 -0.0511416 0.1053205 -0.3228182 -0.1828259 0.9226433
2460.902580 -0.1963323 0.0372129 -0.0627006 0.1483078 -0.3512410 -0.1795734 0.9068561
2461.952242 -0.2124666 0.0420011 -0.0753353 0.1822995 -0.3783553 -0.1816725 0.8891621
2462.152440 -0.2130832 0.0422030 -0.0755951 0.1889157 -0.3823033 -0.1774784 0.8869365
2464.889946 -0.2394372 0.0634363 -0.1028341 0.2039825 -0.4166208 -0.1729585 0.8688519
2465.232505 -0.2375672 0.0644838 -0.1059059 0.2025352 -0.4237446 -0.1742822 0.8654743
2465.875410 -0.2365968 0.0616945 -0.1178578 0.1771701 -0.4156401 -0.1879333 0.8720866
2465.925405 -0.2367338 0.0628445 -0.1162613 0.1750626 -0.4147158 -0.1889021 0.8727428
2466.225376 -0.2345918 0.0608040 -0.1269529 0.1554065 -0.4164390 -0.1978616 0.8736580
2466.525347 -0.2415508 0.0725841 -0.1220089 0.1336632 -0.4079750 -0.2104524 0.8782940
2466.675333 -0.2422483 0.0738655 -0.1238061 0.1199596 -0.4004780 -0.2187704 0.8816839
2468.075197 -0.2519212 0.0885504 -0.1328609 0.0713719 -0.3865559 -0.2468359 0.8857498
2469.475061 -0.2590647 0.0997949 -0.1412709 0.0351854 -0.3824303 -0.2649892 0.8844714
2469.625047 -0.2617349 0.1011283 -0.1410133 0.0329545 -0.3809283 -0.2665855 0.8847258
2470.280080 -0.2660223 0.1055905 -0.1454607 0.0223168 -0.3765118 -0.2720155 0.8852957
2471.451994 -0.2720420 0.1116042 -0.1536690 0.0241405 -0.3765710 -0.2710696 0.8855127
2472.356351 -0.2773900 0.1191816 -0.1609226 0.0078776 -0.3635449 -0.2806500 0.8882616
2472.706080 -0.2789509 0.1207004 -0.1640600 0.0068804 -0.3673136 -0.2806080 0.8867314
2473.405519 -0.2831886 0.1217598 -0.1701679 0.0317268 -0.3839488 -0.2667615 0.8834110
2473.504185 -0.2841097 0.1217137 -0.1715330 0.0395055 -0.3877775 -0.2628445 0.8825988
2475.095616 -0.2908928 0.1199328 -0.1872524 0.1288098 -0.4256992 -0.2163239 0.8691331
2476.524379 -0.2967228 0.1255127 -0.1979470 0.1353603 -0.4242338 -0.2116050 0.8700154
2476.974335 -0.2991916 0.1273869 -0.2025800 0.1445207 -0.4282811 -0.2060464 0.8678905
2477.274306 -0.2996303 0.1275815 -0.2037302 0.1497846 -0.4287206 -0.2033425 0.8674186
2477.574277 -0.3005918 0.1291263 -0.2046409 0.1466465 -0.4257119 -0.2049202 0.8690638
2477.674268 -0.3017321 0.1298600 -0.2067564 0.1423792 -0.4235306 -0.2076535 0.8701897
2478.574180 -0.3042148 0.1377191 -0.2103333 0.0846553 -0.4016409 -0.2380334 0.8802603
2479.574084 -0.3050126 0.1478948 -0.2108738 0.0076814 -0.3653671 -0.2805211 0.8875561
2479.724069 -0.3048403 0.1479175 -0.2106385 0.0001528 -0.3624620 -0.2839167 0.8877007
2479.924050 -0.3041880 0.1493348 -0.2103066 -0.0173199 -0.3539284 -0.2938732 0.8877349
2480.224021 -0.3033778 0.1502636 -0.2104362 -0.0356906 -0.3460211 -0.3028796 0.8872765
2480.324011 -0.3032380 0.1506480 -0.2099094 -0.0410650 -0.3430450 -0.3055638 0.8872793
2480.773967 -0.3018525 0.1528893 -0.2083105 -0.0596022 -0.3336357 -0.3154819 0.8863441
