2461.452330 0.0000000 0.0000000 0.0000000 -0.0000000 -0.0000000 -0.0000000 1.0000000
2462.701517 -0.0086440 0.0001075 0.0017681 0.0406450 -0.0209854 -0.0030492 0.9989486
2462.851503 -0.0096981 0.0024184 0.0024308 0.0410285 -0.0239852 -0.0029550 0.9988657
2463.701124 -0.0146311 0.0003686 0.0014123 0.0422767 -0.0329568 -0.0034652 0.9985562
2463.900552 -0.0153403 0.0005001 0.0011737 0.0430361 -0.0348402 -0.0031119 0.9984610
2464.987724 -0.0239147 -0.0001370 -0.0002836 0.0607020 -0.0495084 -0.0018485 0.9969257
2465.875410 -0.0310754 0.0017704 0.0004624 0.0276163 -0.0497180 -0.0075110 0.9983532
2465.975400 -0.0311897 0.0019091 0.0002147 0.0208442 -0.0483414 -0.0079408 0.9985818
2466.375362 -0.0318419 0.0030292 -0.0022484 -0.0089620 -0.0557750 -0.0084695 0.9983672
2466.475352 -0.0319754 0.0031475 -0.0025863 -0.0189847 -0.0542735 -0.0097171 0.9982983
2466.675333 -0.0335363 0.0039266 -0.0016933 -0.0396988 -0.0495744 -0.0137123 0.9978870
2467.125289 -0.0379466 0.0043163 -0.0025277 -0.0621891 -0.0522242 -0.0169700 0.9965526
2467.325270 -0.0390338 0.0049082 -0.0023130 -0.0691878 -0.0498284 -0.0179820 0.9961962
2468.525153 -0.0466494 0.0068272 -0.0027378 -0.1130550 -0.0508162 -0.0250268 0.9919727
2469.225086 -0.0472850 0.0066874 -0.0040454 -0.1315383 -0.0543875 -0.0257667 0.9894826
2469.375071 -0.0475672 0.0064692 -0.0046581 -0.1357879 -0.0556211 -0.0256160 0.9888437
2469.625047 -0.0499443 0.0084878 -0.0036661 -0.1399977 -0.0542653 -0.0271385 0.9882912
2469.775032 -0.0507459 0.0087609 -0.0033217 -0.1431581 -0.0521908 -0.0277537 0.9879330
2469.875023 -0.0509347 0.0090875 -0.0033719 -0.1449778 -0.0507770 -0.0280961 0.9877316
2470.179004 -0.0531132 0.0091044 -0.0038594 -0.1499048 -0.0531290 -0.0283910 0.9868636
2470.943687 -0.0568224 0.0094878 -0.0044042 -0.1529588 -0.0541211 -0.0282213 0.9863458
2471.854879 -0.0607544 0.0100836 -0.0052138 -0.1614177 -0.0466066 -0.0304262 0.9853154
2472.206050 -0.0632046 0.0107273 -0.0053520 -0.1704753 -0.0421801 -0.0324636 0.9839234
2472.406208 -0.0642060 0.0106662 -0.0055456 -0.1714304 -0.0442250 -0.0323506 0.9836713
2472.555779 -0.0648765 0.0108225 -0.0057448 -0.1719801 -0.0449742 -0.0321881 0.9835467
2473.504185 -0.0695615 0.0092342 -0.0065417 -0.1308768 -0.0587991 -0.0253702 0.9893282
2473.703475 -0.0696830 0.0091817 -0.0069593 -0.1155489 -0.0619563 -0.0228595 0.9911041
2474.749304 -0.0741829 0.0057693 -0.0081223 -0.0401489 -0.0751056 -0.0143239 0.9962640
2475.095616 -0.0754022 0.0052512 -0.0085591 -0.0243841 -0.0738002 -0.0128431 0.9968922
2476.029050 -0.0802632 0.0044226 -0.0097270 -0.0035981 -0.0774156 -0.0099544 0.9969427
2476.774355 -0.0833245 0.0048328 -0.0100176 -0.0090712 -0.0726511 -0.0101522 0.9972645
2477.074326 -0.0836434 0.0048392 -0.0102146 -0.0042648 -0.0715045 -0.0092345 0.9973884
2477.324302 -0.0839041 0.0046175 -0.0110580 -0.0003647 -0.0706154 -0.0090104 0.9974629
2477.574277 -0.0841866 0.0042283 -0.0114917 -0.0044092 -0.0691158 -0.0090807 0.9975576
2478.074229 -0.0866053 0.0055612 -0.0119970 -0.0354348 -0.0654708 -0.0129197 0.9971415
2478.174219 -0.0865944 0.0056500 -0.0120025 -0.0430101 -0.0652661 -0.0133935 0.9968506
2478.974142 -0.0903551 0.0081469 -0.0118457 -0.1145417 -0.0477641 -0.0247015 0.9919620
2480.024040 -0.0913404 0.0106479 -0.0127852 -0.2073822 -0.0415780 -0.0372449 0.9766662
2480.124030 -0.0913473 0.0105152 -0.0128405 -0.2137791 -0.0414769 -0.0379031 0.9752648
2480.523992 -0.0903900 0.0130687 -0.0128518 -0.2400962 -0.0364681 -0.0428881 0.9691154
2480.773967 -0.0907574 0.0133125 -0.0132211 -0.2494951 -0.0355946 -0.0442870 0.9667078
2481.773871 -0.0904765 0.0140991 -0.0132177 -0.2488402 -0.0385004 -0.0431213 0.9668179
