2444.927438 0.0000000 0.0000000 0.0000000 -0.0000000 -0.0000000 -0.0000000 1.0000000
2449.476998 -0.0136464 0.0015112 0.0010776 -0.0249613 -0.0185009 -0.0005987 0.9995170
2449.526993 -0.0135291 0.0012931 0.0010775 -0.0236261 -0.0200204 -0.0012614 0.9995196
2450.926857 -0.0330280 0.0005573 0.0017321 -0.0125212 -0.0519678 -0.0241783 0.9982775
2451.276823 -0.0388947 0.0007550 0.0015377 -0.0120256 -0.0610546 -0.0307837 0.9975871
2451.776775 -0.0485928 0.0008249 0.0011727 -0.0112296 -0.0740864 -0.0392439 0.9964161
2452.076746 -0.0518099 0.0013942 0.0010213 -0.0091957 -0.0834292 -0.0417392 0.9955968
2452.476707 -0.0562651 0.0012444 -0.0000437 -0.0048505 -0.0917735 -0.0454636 0.9947297
2453.776581 -0.0801240 0.0047659 -0.0034096 -0.0086902 -0.1347937 -0.0678286 0.9885113
2454.176543 -0.0858109 0.0057375 -0.0036194 -0.0086530 -0.1398230 -0.0773341 0.9871141
2454.326528 -0.0852647 0.0052791 -0.0039484 -0.0084156 -0.1445255 -0.0807157 0.9861676
2455.226441 -0.0991101 0.0086401 -0.0060726 -0.0078217 -0.1695314 -0.0993953 0.9804685
2455.776388 -0.1095401 0.0109341 -0.0086124 -0.0116153 -0.1787643 -0.1109337 0.9775491
2456.676301 -0.1202239 0.0139177 -0.0109801 -0.0144967 -0.1893631 -0.1315453 0.9729477
2457.176252 -0.1310935 0.0173474 -0.0143152 -0.0171222 -0.2038193 -0.1451031 0.9680443
2457.576214 -0.1395668 0.0199709 -0.0176899 -0.0170171 -0.2183850 -0.1546567 0.9633794
2457.776194 -0.1439038 0.0218634 -0.0198562 -0.0167195 -0.2253888 -0.1613065 0.9606771
2457.976175 -0.1474240 0.0210012 -0.0239721 -0.0170419 -0.2298475 -0.1657531 0.9588565
2458.026170 -0.1482722 0.0215112 -0.0244936 -0.0165484 -0.2307184 -0.1655813 0.9586856
2458.376136 -0.1553297 0.0243217 -0.0285248 -0.0036354 -0.2413804 -0.1745085 0.9546041
2458.476126 -0.1590080 0.0246411 -0.0312573 0.0033554 -0.2493053 -0.1761760 0.9522592
2458.576117 -0.1624670 0.0258504 -0.0334550 0.0072143 -0.2552672 -0.1773015 0.9504477
2459.187575 -0.1754068 0.0273739 -0.0448819 0.0497749 -0.2867427 -0.1825779 0.9391307
2459.387891 -0.1789376 0.0285181 -0.0470387 0.0635533 -0.2938156 -0.1814300 0.9363315
2459.438499 -0.1797477 0.0286412 -0.0478467 0.0684253 -0.2960916 -0.1813882 0.9352787
2459.746055 -0.1854157 0.0295072 -0.0525090 0.0883387 -0.3121459 -0.1826326 0.9281199
2460.147715 -0.1921396 0.0300097 -0.0580330 0.1155022 -0.3287986 -0.1806293 0.9197412
2460.651143 -0.1982282 0.0323382 -0.0630943 0.1347851 -0.3397381 -0.1797554 0.9132902
2461.302502 -0.2079303 0.0367792 -0.0729200 0.1578938 -0.3612024 -0.1805849 0.9011057
2462.051877 -0.2182463 0.0411046 -0.0806826 0.1850549 -0.3799836 -0.1787701 0.8884866
2463.451307 -0.2311120 0.0484812 -0.0934694 0.1920143 -0.3975671 -0.1762443 0.8797777
2463.701124 -0.2304926 0.0497454 -0.0945859 0.1935211 -0.4024939 -0.1755793 0.8773370
2464.889946 -0.2421055 0.0589157 -0.1091688 0.2019617 -0.4172765 -0.1719117 0.8692170
2464.987724 -0.2422348 0.0588573 -0.1090907 0.2061697 -0.4206683 -0.1698302 0.8670005
2465.875410 -0.2492417 0.0676851 -0.1211945 0.1781053 -0.4144753 -0.1873443 0.8725771
2465.975400 -0.2491484 0.0676885 -0.1212434 0.1724293 -0.4122001 -0.1901818 0.8741797
2466.075391 -0.2485085 0.0681365 -0.1217348 0.1671708 -0.4123513 -0.1923668 0.8746516
2467.725231 -0.2617663 0.0904375 -0.1347391 0.0824746 -0.3858294 -0.2402880 0.8869021
2468.375168 -0.2658498 0.0969554 -0.1402252 0.0601740 -0.3861768 -0.2523947 0.8851799
2469.225086 -0.2695386 0.1023116 -0.1444081 0.0413249 -0.3825695 -0.2618776 0.8850724
2469.325076 -0.2694135 0.1020462 -0.1459456 0.0386065 -0.3827128 -0.2630308 0.8847911
2469.625047 -0.2705826 0.1041269 -0.1468234 0.0325804 -0.3807715 -0.2658328 0.8850336
2470.075398 -0.2727138 0.1065075 -0.1509023 0.0252434 -0.3764970 -0.2697326 0.8859216
2470.280080 -0.2740404 0.1077477 -0.1529600 0.0218497 -0.3764051 -0.2711985 0.8856033
2470.943687 -0.2781579 0.1117534 -0.1587373 0.0208352 -0.3772180 -0.2715538 0.8851728
2472.055886 -0.2843074 0.1194598 -0.1669768 0.0118389 -0.3658034 -0.2770317 0.8884262
2472.805794 -0.2883828 0.1236569 -0.1729846 0.0050783 -0.3668631 -0.2803875 0.8869997
2472.955937 -0.2896091 0.1248699 -0.1745669 0.0066821 -0.3688275 -0.2793755 0.8864936
2473.454862 -0.2931984 0.1244235 -0.1797566 0.0354385 -0.3851199 -0.2638043 0.8836482
2475.145394 -0.3016773 0.1229477 -0.1971697 0.1322095 -0.4267336 -0.2138007 0.8687395
2475.390431 -0.3020529 0.1231227 -0.1999159 0.1388254 -0.4318907 -0.2099828 0.8660861
2477.024331 -0.3098486 0.1308700 -0.2122167 0.1449729 -0.4279974 -0.2053216 0.8681268
2477.174316 -0.3098606 0.1306900 -0.2126780 0.1475526 -0.4282814 -0.2038621 0.8678960
2477.574277 -0.3128012 0.1328389 -0.2153314 0.1463383 -0.4248377 -0.2050712 0.8695078
2477.874248 -0.3126419 0.1361911 -0.2165519 0.1309750 -0.4184714 -0.2132557 0.8730689
2479.174122 -0.3198662 0.1497620 -0.2174648 0.0401338 -0.3754179 -0.2634614 0.8877155
2479.524088 -0.3188884 0.1521289 -0.2185462 0.0124610 -0.3669126 -0.2773941 0.8878471
2479.924050 -0.3165176 0.1566346 -0.2167011 -0.0166430 -0.3537868 -0.2934301 0.8879508
2480.424001 -0.3171874 0.1565771 -0.2177271 -0.0462648 -0.3388475 -0.3085313 0.8876094
2480.773967 -0.3147587 0.1588667 -0.2159346 -0.0596014 -0.3332517 -0.3150907 0.8866278
2481.773871 -0.3156985 0.1597352 -0.2163256 -0.0602412 -0.3352689 -0.3147240 0.8859540
