2444.927438 0.0000000 0.0000000 0.0000000 -0.0000000 -0.0000000 -0.0000000 1.0000000
2449.476998 -0.0129613 0.0016530 0.0017042 -0.0248378 -0.0185727 -0.0008434 0.9995186
2449.676978 -0.0144428 0.0015226 0.0019440 -0.0227763 -0.0233511 -0.0016556 0.9994665
2449.926954 -0.0172480 0.0015479 0.0018891 -0.0205766 -0.0269148 -0.0027916 0.9994220
2451.276823 -0.0367056 0.0010784 0.0022828 -0.0118928 -0.0611930 -0.0310110 0.9975732
2451.476804 -0.0406844 0.0013448 0.0021279 -0.0110586 -0.0654742 -0.0343732 0.9972008
2451.826770 -0.0463306 0.0015598 0.0018224 -0.0105983 -0.0759058 -0.0404726 0.9962369
2451.926760 -0.0469343 0.0014512 0.0019822 -0.0107929 -0.0797566 -0.0411649 0.9959056
2452.476707 -0.0534932 0.0014709 0.0004211 -0.0047305 -0.0917160 -0.0458174 0.9947193
2452.826673 -0.0643352 0.0025771 -0.0029846 -0.0041041 -0.1109196 -0.0513357 0.9924942
2454.476514 -0.0833558 0.0062739 -0.0032587 -0.0100242 -0.1485358 -0.0814128 0.9854991
2455.426422 -0.0979342 0.0089748 -0.0064369 -0.0087536 -0.1728763 -0.1045738 0.9793373
2456.226344 -0.1086476 0.0118374 -0.0088211 -0.0122133 -0.1838244 -0.1200581 0.9755232
2456.826286 -0.1159382 0.0142966 -0.0108770 -0.0162505 -0.1941448 -0.1343812 0.9715891
2457.126257 -0.1227066 0.0162818 -0.0125688 -0.0166327 -0.2018376 -0.1430115 0.9687790
2457.576214 -0.1318402 0.0188542 -0.0163400 -0.0170667 -0.2184007 -0.1549881 0.9633216
2457.876184 -0.1377409 0.0211138 -0.0204348 -0.0164463 -0.2278992 -0.1647829 0.9594989
2458.076165 -0.1410885 0.0207544 -0.0226734 -0.0163273 -0.2310194 -0.1669730 0.9583755
2458.326141 -0.1461027 0.0227016 -0.0253219 -0.0087797 -0.2384959 -0.1727804 0.9556095
2458.476126 -0.1502085 0.0242187 -0.0275706 0.0037641 -0.2499209 -0.1769416 0.9519543
2458.576117 -0.1534799 0.0249115 -0.0297755 0.0074987 -0.2558201 -0.1783615 0.9500985
2458.676502 -0.1561641 0.0250327 -0.0314566 0.0155296 -0.2627911 -0.1792461 0.9479296
2458.980345 -0.1627519 0.0266359 -0.0367083 0.0332060 -0.2768697 -0.1825515 0.9428232
2459.337284 -0.1684898 0.0267476 -0.0422852 0.0615312 -0.2938097 -0.1821071 0.9363369
2459.541946 -0.1711836 0.0268421 -0.0446743 0.0766550 -0.3026830 -0.1815959 0.9324859
2459.594331 -0.1721945 0.0271304 -0.0455979 0.0785178 -0.3044684 -0.1822616 0.9316194
2459.746055 -0.1748049 0.0280788 -0.0478898 0.0881977 -0.3127486 -0.1830470 0.9278488
2460.298471 -0.1835301 0.0300255 -0.0545512 0.1239899 -0.3332621 -0.1806105 0.9170293
2461.152497 -0.1924662 0.0330362 -0.0650061 0.1539814 -0.3572427 -0.1796299 0.9035488
2463.551494 -0.2175203 0.0466946 -0.0873327 0.1928809 -0.3999349 -0.1757546 0.8786122
2465.282184 -0.2361995 0.0623501 -0.1108733 0.2003101 -0.4232001 -0.1761770 0.8658748
2465.525819 -0.2356311 0.0629173 -0.1121988 0.1905831 -0.4217317 -0.1813106 0.8677252
2465.875410 -0.2350369 0.0637410 -0.1128290 0.1777260 -0.4154815 -0.1875727 0.8721268
2465.975400 -0.2347144 0.0643998 -0.1133328 0.1723882 -0.4130532 -0.1905117 0.8737132
2466.075391 -0.2342269 0.0647182 -0.1140061 0.1671202 -0.4130660 -0.1930010 0.8741841
2466.525347 -0.2319018 0.0685369 -0.1176573 0.1328192 -0.4100304 -0.2095893 0.8776711
2467.925211 -0.2473725 0.0867824 -0.1287542 0.0774568 -0.3826373 -0.2439186 0.8877460
2469.525057 -0.2550698 0.0993744 -0.1374957 0.0339017 -0.3819360 -0.2658837 0.8844668
2469.625047 -0.2558563 0.0988409 -0.1385096 0.0325476 -0.3812805 -0.2664342 0.8846348
2470.280080 -0.2599081 0.1032410 -0.1433830 0.0218800 -0.3769147 -0.2716646 0.8852429
2471.804883 -0.2675580 0.1115926 -0.1537633 0.0172259 -0.3704751 -0.2745346 0.8871765
2472.055886 -0.2695466 0.1142003 -0.1564979 0.0118850 -0.3664050 -0.2776048 0.8879987
2472.755937 -0.2734802 0.1187955 -0.1615605 0.0056610 -0.3672901 -0.2805620 0.8867643
2473.802477 -0.2792955 0.1184381 -0.1715411 0.0568677 -0.3959441 -0.2532752 0.8808212
2474.202182 -0.2816586 0.1172543 -0.1764403 0.0825034 -0.4080351 -0.2398268 0.8770312
2474.451427 -0.2827059 0.1175293 -0.1800911 0.0944920 -0.4191328 -0.2331799 0.8723682
2475.342530 -0.2861207 0.1177354 -0.1876833 0.1370706 -0.4324063 -0.2114809 0.8657438
2476.374393 -0.2909120 0.1226284 -0.1953360 0.1369781 -0.4269160 -0.2104509 0.8687291
2476.624369 -0.2916909 0.1231956 -0.1966244 0.1378616 -0.4260461 -0.2096200 0.8692172
2477.024331 -0.2926254 0.1244411 -0.1988431 0.1447330 -0.4290154 -0.2055074 0.8676202
2477.424292 -0.2932121 0.1248776 -0.2015234 0.1498931 -0.4278187 -0.2028855 0.8679520
2477.574277 -0.2954432 0.1268256 -0.2021392 0.1463369 -0.4257064 -0.2052558 0.8690395
2477.774258 -0.2950547 0.1282783 -0.2044548 0.1356349 -0.4208471 -0.2111542 0.8717252
2478.174219 -0.2960126 0.1313304 -0.2063243 0.1137946 -0.4142928 -0.2227947 0.8750856
2479.174122 -0.3011651 0.1424190 -0.2062893 0.0402352 -0.3761890 -0.2639422 0.8872415
2479.524088 -0.2998083 0.1434682 -0.2084774 0.0122132 -0.3673409 -0.2783172 0.8873844
2479.824059 -0.2975970 0.1478964 -0.2062082 -0.0075122 -0.3589427 -0.2886528 0.8875716
2480.124030 -0.2989160 0.1482544 -0.2060867 -0.0283574 -0.3501732 -0.2993997 0.8870932
2480.424001 -0.2978324 0.1499292 -0.2051244 -0.0454103 -0.3399002 -0.3091538 0.8870343
