2444.927438 0.0000000 0.0000000 0.0000000 -0.0000000 -0.0000000 -0.0000000 1.0000000
2449.476998 -0.0133086 0.0019635 0.0020412 -0.0247175 -0.0184665 -0.0007671 0.9995236
2449.526993 -0.0129638 0.0015286 0.0022172 -0.0235781 -0.0201538 -0.0011714 0.9995182
2450.376911 -0.0233835 0.0012294 0.0024632 -0.0177255 -0.0387057 -0.0108000 0.9990351
2451.226828 -0.0367978 0.0015856 0.0022653 -0.0114763 -0.0599312 -0.0305767 0.9976681
2451.326819 -0.0380244 0.0015797 0.0027252 -0.0112517 -0.0627089 -0.0322460 0.9974474
2451.526799 -0.0425228 0.0015131 0.0028718 -0.0101851 -0.0670572 -0.0352987 0.9970725
2452.676688 -0.0596227 0.0024366 0.0005331 -0.0025373 -0.0985780 -0.0483097 0.9939528
2452.926664 -0.0682375 0.0035721 -0.0029168 -0.0052277 -0.1175658 -0.0550601 0.9915238
2453.976562 -0.0793601 0.0051880 -0.0027169 -0.0082023 -0.1376630 -0.0727319 0.9877711
2454.076552 -0.0801581 0.0052655 -0.0024980 -0.0089261 -0.1396046 -0.0756850 0.9872704
2455.576407 -0.1022535 0.0103162 -0.0070519 -0.0099543 -0.1765231 -0.1083215 0.9782673
2455.726393 -0.1049451 0.0105256 -0.0078766 -0.0117078 -0.1785093 -0.1102938 0.9776670
2456.426325 -0.1115954 0.0130034 -0.0082620 -0.0117273 -0.1860244 -0.1252279 0.9744616
2456.926276 -0.1206302 0.0156396 -0.0110250 -0.0156658 -0.1978776 -0.1379976 0.9703379
2457.576214 -0.1345202 0.0197371 -0.0161791 -0.0168664 -0.2186930 -0.1547982 0.9632894
2457.676204 -0.1361198 0.0200678 -0.0177700 -0.0162164 -0.2214393 -0.1589219 0.9620008
2457.826189 -0.1392380 0.0214563 -0.0195186 -0.0162498 -0.2273673 -0.1627240 0.9599797
2458.176155 -0.1452966 0.0215879 -0.0235350 -0.0118307 -0.2337768 -0.1702587 0.9571941
2458.476126 -0.1531629 0.0242550 -0.0286426 0.0037052 -0.2499836 -0.1763590 0.9520463
2458.576117 -0.1561850 0.0247487 -0.0299601 0.0073666 -0.2563701 -0.1777669 0.9500627
2459.031960 -0.1665626 0.0271824 -0.0379740 0.0381013 -0.2798766 -0.1824170 0.9417757
2459.136493 -0.1687992 0.0275812 -0.0399334 0.0457009 -0.2853130 -0.1824824 0.9397916
2459.438499 -0.1737514 0.0281543 -0.0437634 0.0687111 -0.2969322 -0.1815742 0.9349550
2459.594331 -0.1753913 0.0277629 -0.0460898 0.0787523 -0.3050137 -0.1817704 0.9315172
2459.947655 -0.1836492 0.0298179 -0.0509117 0.1030421 -0.3215678 -0.1828264 0.9233369
2460.147715 -0.1857521 0.0298075 -0.0532544 0.1158128 -0.3298112 -0.1808429 0.9192975
2461.152497 -0.1978116 0.0349332 -0.0655849 0.1546090 -0.3574132 -0.1794514 0.9034097
2461.302502 -0.2006196 0.0367232 -0.0673835 0.1583103 -0.3623900 -0.1806149 0.9005497
2462.401704 -0.2186922 0.0435670 -0.0806641 0.1952959 -0.3878445 -0.1745985 0.8837146
2463.251326 -0.2181427 0.0456558 -0.0831209 0.1925868 -0.3996778 -0.1750102 0.8789423
2464.543555 -0.2324580 0.0558967 -0.0996006 0.1979781 -0.4120078 -0.1733900 0.8723475
2465.381345 -0.2423217 0.0654125 -0.1130653 0.1969725 -0.4237761 -0.1779319 0.8660000
2465.925405 -0.2417915 0.0663605 -0.1141961 0.1758430 -0.4144121 -0.1885201 0.8728127
2466.025395 -0.2410789 0.0671861 -0.1150271 0.1696751 -0.4125883 -0.1915969 0.8742265
2466.975303 -0.2345583 0.0724382 -0.1277479 0.1073007 -0.4020195 -0.2225680 0.8816634
2467.725231 -0.2508187 0.0874468 -0.1304395 0.0825355 -0.3870918 -0.2404462 0.8863032
2468.275178 -0.2531335 0.0922512 -0.1346580 0.0646218 -0.3889834 -0.2500344 0.8843070
2469.475061 -0.2592813 0.1005353 -0.1415775 0.0353092 -0.3830690 -0.2649248 0.8842094
2469.625047 -0.2610651 0.1014408 -0.1412677 0.0329997 -0.3818218 -0.2661649 0.8844656
2470.280080 -0.2651801 0.1054471 -0.1456548 0.0221859 -0.3775280 -0.2716360 0.8849826
2470.943687 -0.2691312 0.1090524 -0.1510268 0.0211438 -0.3784546 -0.2719806 0.8845065
2471.804883 -0.2729926 0.1141119 -0.1566681 0.0176607 -0.3710559 -0.2745068 0.8869339
2472.505783 -0.2778625 0.1195822 -0.1628472 0.0068248 -0.3651639 -0.2805127 0.8876494
2473.305508 -0.2824481 0.1218642 -0.1703875 0.0223952 -0.3805271 -0.2712689 0.8838047
2473.405519 -0.2834230 0.1214605 -0.1715627 0.0313318 -0.3845604 -0.2666318 0.8831982
2473.504185 -0.2834235 0.1213795 -0.1724409 0.0392288 -0.3887771 -0.2624284 0.8822952
2476.424389 -0.2968623 0.1253251 -0.1988229 0.1362527 -0.4268509 -0.2110010 0.8687418
2476.724360 -0.2995534 0.1274587 -0.2023097 0.1406296 -0.4277080 -0.2083228 0.8682688
2476.924340 -0.2999914 0.1277581 -0.2031880 0.1443959 -0.4288608 -0.2063400 0.8675552
2477.024331 -0.2998034 0.1275652 -0.2030843 0.1451702 -0.4292935 -0.2053984 0.8674355
2477.474287 -0.3003114 0.1285513 -0.2042843 0.1494710 -0.4275965 -0.2028017 0.8681539
2477.574277 -0.3002629 0.1292044 -0.2048632 0.1465185 -0.4267117 -0.2043576 0.8687275
2478.024234 -0.3010904 0.1330387 -0.2092768 0.1222869 -0.4175667 -0.2176124 0.8736869
2478.824156 -0.3047044 0.1415716 -0.2112312 0.0676733 -0.3899817 -0.2478694 0.8842485
2479.174122 -0.3041618 0.1442525 -0.2108062 0.0400100 -0.3774958 -0.2624077 0.8871518
2479.624079 -0.3057200 0.1486862 -0.2116886 0.0048720 -0.3651660 -0.2815082 0.8873461
2479.824059 -0.3039627 0.1503396 -0.2102099 -0.0077119 -0.3594829 -0.2881106 0.8875275
2480.124030 -0.3043436 0.1520421 -0.2091882 -0.0278822 -0.3511046 -0.2985740 0.8870184
2480.324011 -0.3041031 0.1526454 -0.2094571 -0.0406735 -0.3438815 -0.3050676 0.8871443
2480.723972 -0.3027780 0.1534421 -0.2094729 -0.0591710 -0.3345979 -0.3150761 0.8861547
