2444.927438 0.0000000 0.0000000 0.0000000 -0.0000000 -0.0000000 -0.0000000 1.0000000
2449.476998 -0.0137920 0.0017970 0.0017907 -0.0248358 -0.0185764 -0.0008185 0.9995186
2449.526993 -0.0135639 0.0013525 0.0016675 -0.0236120 -0.0200943 -0.0011322 0.9995186
2451.176833 -0.0376557 0.0010624 0.0021210 -0.0110911 -0.0587355 -0.0296483 0.9977716
2451.226828 -0.0385023 0.0013270 0.0017657 -0.0116166 -0.0598805 -0.0304267 0.9976741
2452.026751 -0.0515792 0.0013749 0.0011103 -0.0106768 -0.0821864 -0.0413572 0.9957013
2452.276727 -0.0537080 0.0017166 0.0013292 -0.0073687 -0.0880895 -0.0444046 0.9950951
2452.726683 -0.0642877 0.0020566 -0.0012112 -0.0039500 -0.1021193 -0.0480845 0.9936015
2452.826673 -0.0689057 0.0026676 -0.0032378 -0.0041032 -0.1108532 -0.0511735 0.9925100
2453.626596 -0.0787809 0.0048194 -0.0032161 -0.0080690 -0.1334258 -0.0661108 0.9888184
2454.326528 -0.0869728 0.0055282 -0.0038392 -0.0083445 -0.1442829 -0.0810359 0.9861774
2454.876475 -0.0940969 0.0071774 -0.0046836 -0.0063065 -0.1571760 -0.0908755 0.9833604
2455.026460 -0.0963243 0.0078657 -0.0050542 -0.0096949 -0.1629938 -0.0934687 0.9821419
2456.626306 -0.1202606 0.0137780 -0.0106885 -0.0141825 -0.1884740 -0.1305694 0.9732564
2457.176252 -0.1319267 0.0175359 -0.0143653 -0.0169926 -0.2042390 -0.1449611 0.9679793
2457.426228 -0.1363997 0.0188014 -0.0163130 -0.0179201 -0.2137342 -0.1492434 0.9652580
2457.776194 -0.1466719 0.0223116 -0.0201813 -0.0166217 -0.2251887 -0.1618260 0.9606384
2457.826189 -0.1470215 0.0213276 -0.0220705 -0.0167046 -0.2269054 -0.1627920 0.9600697
2458.026170 -0.1461478 0.0224293 -0.0223086 -0.0160241 -0.2330128 -0.1649610 0.9582464
2458.076165 -0.1456358 0.0230860 -0.0211316 -0.0160087 -0.2342551 -0.1644538 0.9580309
2458.526122 -0.1430178 0.0234505 -0.0237621 0.0041536 -0.2620911 -0.1709723 0.9497681
2458.576117 -0.1584536 0.0250265 -0.0309465 0.0069020 -0.2588350 -0.1760552 0.9497165
2458.676502 -0.1614084 0.0249177 -0.0329770 0.0150412 -0.2658355 -0.1774239 0.9474313
2458.980345 -0.1686064 0.0273832 -0.0376245 0.0329223 -0.2799709 -0.1802846 0.9423534
2459.084542 -0.1707620 0.0275413 -0.0390733 0.0410479 -0.2856052 -0.1801466 0.9403680
2459.438499 -0.1763778 0.0290555 -0.0441368 0.0684984 -0.2996633 -0.1793972 0.9345194
2459.645808 -0.1801825 0.0292073 -0.0470431 0.0823979 -0.3102857 -0.1803545 0.9297342
2459.897087 -0.1854056 0.0304487 -0.0506486 0.0980470 -0.3217396 -0.1811407 0.9241529
2460.499834 -0.1931989 0.0322358 -0.0586325 0.1295522 -0.3398822 -0.1785154 0.9142366
2460.651143 -0.1949678 0.0323180 -0.0599325 0.1348257 -0.3433181 -0.1777169 0.9123439
2461.752795 -0.2134334 0.0406814 -0.0770637 0.1746267 -0.3806137 -0.1812947 0.8898152
2463.751119 -0.2298754 0.0514607 -0.0939465 0.1944448 -0.4059132 -0.1732409 0.8760213
2464.938993 -0.2451116 0.0618330 -0.1112776 0.2033747 -0.4197460 -0.1703463 0.8680059
2465.875410 -0.2417070 0.0665656 -0.1162657 0.1779722 -0.4195502 -0.1841435 0.8708586
2465.975400 -0.2467534 0.0686511 -0.1188766 0.1728917 -0.4156176 -0.1882975 0.8728771
2466.375362 -0.2497261 0.0760136 -0.1270197 0.1455924 -0.4148542 -0.2019971 0.8751549
2467.925211 -0.2591285 0.0914439 -0.1345010 0.0777504 -0.3855877 -0.2415358 0.8870950
2468.275178 -0.2618451 0.0963095 -0.1374193 0.0650006 -0.3912423 -0.2484278 0.8837352
2470.787973 -0.2752092 0.1124938 -0.1558332 0.0216444 -0.3777346 -0.2704611 0.8852677
2470.943687 -0.2765667 0.1137081 -0.1575227 0.0215225 -0.3809794 -0.2700139 0.8840158
2471.247509 -0.2785461 0.1152431 -0.1599383 0.0242984 -0.3822059 -0.2687286 0.8838060
2472.055886 -0.2828441 0.1216406 -0.1660578 0.0126129 -0.3695996 -0.2756288 0.8872800
2472.356351 -0.2851685 0.1240217 -0.1688480 0.0080318 -0.3668126 -0.2784725 0.8876019
2472.905942 -0.2878086 0.1262227 -0.1728325 0.0060638 -0.3716795 -0.2786385 0.8855385
2473.504185 -0.2927203 0.1265664 -0.1803319 0.0395431 -0.3907377 -0.2607861 0.8819019
2474.501066 -0.2976609 0.1251458 -0.1908103 0.0970758 -0.4226861 -0.2300773 0.8711930
2475.145394 -0.2998155 0.1242159 -0.1968929 0.1325510 -0.4305125 -0.2117797 0.8673169
2476.824350 -0.3083605 0.1322994 -0.2108406 0.1427981 -0.4312393 -0.2049482 0.8669704
2477.074326 -0.3084025 0.1333782 -0.2126698 0.1461603 -0.4309936 -0.2030021 0.8669901
2477.524282 -0.3091641 0.1334723 -0.2136979 0.1476833 -0.4290415 -0.2016733 0.8680097
2477.624272 -0.3084813 0.1334739 -0.2144852 0.1446868 -0.4287149 -0.2032352 0.8683114
2477.774258 -0.3084695 0.1351667 -0.2165405 0.1357061 -0.4241059 -0.2082555 0.8708317
2478.474190 -0.3137269 0.1423201 -0.2190506 0.0934831 -0.4088333 -0.2311857 0.8778778
2479.524088 -0.3146658 0.1527329 -0.2194381 0.0129054 -0.3708528 -0.2758774 0.8866754
2479.824059 -0.3125479 0.1552367 -0.2182530 -0.0078491 -0.3624494 -0.2863829 0.8868786
2480.074035 -0.3131574 0.1566035 -0.2177987 -0.0250885 -0.3550266 -0.2958087 0.8864671
2480.424001 -0.3123407 0.1577115 -0.2170271 -0.0455378 -0.3436526 -0.3071117 0.8862910
2481.073938 -0.3115736 0.1589755 -0.2165604 -0.0599870 -0.3361800 -0.3150190 0.8855212
2481.473900 -0.3119361 0.1598288 -0.2156072 -0.0602238 -0.3361239 -0.3154933 0.8853575
