2444.927438 0.0000000 0.0000000 0.0000000 -0.0000000 -0.0000000 -0.0000000 1.0000000
2449.476998 -0.0131182 0.0018255 0.0019159 -0.0247778 -0.0186565 -0.0008071 0.9995186
2449.526993 -0.0130646 0.0014114 0.0018437 -0.0236002 -0.0200906 -0.0012119 0.9995189
2450.676882 -0.0280013 0.0014225 0.0026240 -0.0135561 -0.0465191 -0.0186563 0.9986511
2450.926857 -0.0318380 0.0008371 0.0022370 -0.0123614 -0.0520762 -0.0242937 0.9982710
2451.276823 -0.0370872 0.0008840 0.0019949 -0.0119806 -0.0613461 -0.0307903 0.9975696
2451.576794 -0.0426319 0.0010902 0.0021053 -0.0109796 -0.0692978 -0.0359325 0.9968883
2451.776775 -0.0464251 0.0009523 0.0016480 -0.0111300 -0.0745041 -0.0393373 0.9963824
2452.426712 -0.0532927 0.0010992 0.0009635 -0.0053352 -0.0898700 -0.0455600 0.9948966
2452.726683 -0.0609305 0.0022782 -0.0008006 -0.0037944 -0.1023337 -0.0483477 0.9935673
2452.826673 -0.0659415 0.0028328 -0.0030482 -0.0039638 -0.1109214 -0.0511567 0.9925038
2454.076552 -0.0824498 0.0057415 -0.0025764 -0.0086365 -0.1385110 -0.0766570 0.9873520
2454.476514 -0.0815620 0.0053094 -0.0033515 -0.0104674 -0.1504110 -0.0802204 0.9853079
2456.376330 -0.1106924 0.0123573 -0.0088922 -0.0121449 -0.1859052 -0.1234794 0.9747024
2457.476223 -0.1317822 0.0186184 -0.0155564 -0.0172738 -0.2149772 -0.1507058 0.9647664
2457.576214 -0.1343646 0.0191296 -0.0167989 -0.0171347 -0.2185833 -0.1549654 0.9632826
2457.726199 -0.1371026 0.0203865 -0.0187016 -0.0167689 -0.2238669 -0.1600594 0.9612406
2457.826189 -0.1392191 0.0212989 -0.0198652 -0.0162825 -0.2272683 -0.1628226 0.9599859
2458.026170 -0.1422832 0.0202155 -0.0233143 -0.0166466 -0.2313062 -0.1661346 0.9584465
2458.176155 -0.1440487 0.0208895 -0.0251125 -0.0118640 -0.2339452 -0.1706673 0.9570797
2458.576117 -0.1547531 0.0245622 -0.0318168 0.0073733 -0.2565549 -0.1778494 0.9499972
2459.187575 -0.1675624 0.0261767 -0.0426016 0.0498641 -0.2879413 -0.1832104 0.9386359
2459.438499 -0.1720688 0.0275578 -0.0458373 0.0685542 -0.2970746 -0.1816431 0.9349079
2459.489521 -0.1720672 0.0272949 -0.0462388 0.0723068 -0.3001373 -0.1817482 0.9336257
2459.695586 -0.1771011 0.0280711 -0.0491097 0.0848810 -0.3105457 -0.1832928 0.9288490
2459.796524 -0.1789514 0.0292133 -0.0507465 0.0916601 -0.3152663 -0.1838162 0.9265081
2460.651143 -0.1893544 0.0312492 -0.0602828 0.1351946 -0.3411775 -0.1804452 0.9125568
2461.902424 -0.2126143 0.0402858 -0.0784885 0.1802959 -0.3782985 -0.1832924 0.8892624
2462.202435 -0.2116528 0.0407969 -0.0783349 0.1897579 -0.3838457 -0.1768975 0.8862063
2462.502070 -0.2099950 0.0419674 -0.0791824 0.1962940 -0.3917087 -0.1728469 0.8821321
2465.875410 -0.2417617 0.0668736 -0.1178071 0.1787069 -0.4149014 -0.1884558 0.8720121
2465.975400 -0.2416750 0.0674113 -0.1181210 0.1731809 -0.4125737 -0.1912401 0.8736238
2466.325366 -0.2391033 0.0704856 -0.1214108 0.1503215 -0.4162372 -0.2012534 0.8738691
2466.425357 -0.2390812 0.0705438 -0.1216290 0.1416033 -0.4126102 -0.2056953 0.8760085
2466.525347 -0.2388268 0.0710035 -0.1222149 0.1331111 -0.4092420 -0.2100722 0.8778794
2468.125192 -0.2521372 0.0905654 -0.1323885 0.0698542 -0.3879285 -0.2476403 0.8850459
2468.225183 -0.2530612 0.0915735 -0.1338529 0.0667747 -0.3886810 -0.2492606 0.8844984
2469.225086 -0.2573248 0.0984917 -0.1391349 0.0413752 -0.3840611 -0.2621652 0.8843385
2469.625047 -0.2597361 0.1008695 -0.1415376 0.0328691 -0.3819846 -0.2664546 0.8843129
2470.280080 -0.2679386 0.1078878 -0.1492487 0.0231755 -0.3754272 -0.2732010 0.8853691
2470.943687 -0.2669804 0.1085178 -0.1524544 0.0212456 -0.3786970 -0.2720857 0.8843679
2471.247509 -0.2668279 0.1089421 -0.1532801 0.0237306 -0.3809999 -0.2702082 0.8838910
2472.055886 -0.2736752 0.1169152 -0.1602277 0.0125551 -0.3670652 -0.2778232 0.8876485
2472.706080 -0.2772742 0.1205738 -0.1656266 0.0069319 -0.3682660 -0.2805074 0.8863677
2473.305508 -0.2812489 0.1220006 -0.1712914 0.0227144 -0.3804566 -0.2715573 0.8837383
2473.703475 -0.2826630 0.1218625 -0.1741383 0.0522041 -0.3951362 -0.2559090 0.8807115
2474.202182 -0.2862896 0.1201559 -0.1806225 0.0831692 -0.4085385 -0.2400657 0.8766685
2474.947112 -0.2885452 0.1192289 -0.1871361 0.1247501 -0.4266639 -0.2183246 0.8687518
2476.774355 -0.2982734 0.1272270 -0.2029001 0.1417447 -0.4289557 -0.2080369 0.8675403
2477.074326 -0.2993375 0.1286708 -0.2044158 0.1462384 -0.4285662 -0.2053727 0.8676217
2477.424292 -0.2996469 0.1288312 -0.2052280 0.1506029 -0.4280756 -0.2029256 0.8676931
2477.574277 -0.2995982 0.1293387 -0.2058162 0.1466021 -0.4265513 -0.2047562 0.8686983
2477.874248 -0.2990614 0.1306484 -0.2086460 0.1307424 -0.4200307 -0.2132094 0.8723660
2478.024234 -0.2987928 0.1309097 -0.2100910 0.1218403 -0.4179389 -0.2177321 0.8735415
2479.274113 -0.3042346 0.1459111 -0.2113906 0.0322409 -0.3730257 -0.2680872 0.8876607
2479.724069 -0.3034446 0.1486005 -0.2101393 0.0004186 -0.3636090 -0.2839041 0.8872355
2479.924050 -0.3030796 0.1512223 -0.2093659 -0.0165995 -0.3551039 -0.2937553 0.8873181
2480.424001 -0.3022018 0.1514194 -0.2103615 -0.0456999 -0.3404280 -0.3092056 0.8867989
2480.723972 -0.3015374 0.1523077 -0.2093655 -0.0593119 -0.3346669 -0.3155829 0.8859388
2481.823866 -0.3016425 0.1520454 -0.2088636 -0.0604782 -0.3375535 -0.3152132 0.8848959
