2469.725037 0.0000000 0.0000000 0.0000000 -0.0000000 -0.0000000 -0.0000000 1.0000000
2470.787973 -0.0071421 0.0003159 -0.0009437 -0.0121390 0.0023152 -0.0005228 0.9999235
2471.097089 -0.0096318 0.0004051 -0.0011293 -0.0095059 -0.0014215 -0.0002890 0.9999538
2471.654562 -0.0122901 0.0004332 -0.0013091 -0.0131813 0.0043746 -0.0004436 0.9999035
2472.106039 -0.0162424 0.0012637 -0.0012511 -0.0268713 0.0099038 -0.0016181 0.9995885
2472.256203 -0.0174292 0.0015101 -0.0012616 -0.0309687 0.0103980 -0.0020545 0.9994642
2472.356351 -0.0183031 0.0012596 -0.0016140 -0.0303960 0.0091745 -0.0020656 0.9994937
2472.805794 -0.0209760 0.0014312 -0.0019291 -0.0312583 0.0048210 -0.0020893 0.9994975
2473.155503 -0.0231032 0.0007987 -0.0022139 -0.0234222 -0.0006766 -0.0012268 0.9997247
2473.355662 -0.0245616 -0.0004789 -0.0028064 -0.0025921 -0.0034191 0.0001979 0.9999908
2474.053085 -0.0277938 -0.0032387 -0.0043353 0.0503559 -0.0096026 0.0029237 0.9986809
2474.202182 -0.0286986 -0.0038240 -0.0046960 0.0636478 -0.0129727 0.0038552 0.9978807
2475.145394 -0.0325853 -0.0061261 -0.0067788 0.1229101 -0.0199955 0.0060867 0.9921977
2475.930244 -0.0387812 -0.0068176 -0.0082187 0.1445633 -0.0222755 0.0072338 0.9892184
2476.574374 -0.0416777 -0.0063801 -0.0083412 0.1281916 -0.0153938 0.0074551 0.9916019
2476.674364 -0.0426701 -0.0069854 -0.0088694 0.1313663 -0.0162996 0.0076603 0.9911703
2476.824350 -0.0431343 -0.0069754 -0.0088367 0.1344044 -0.0174510 0.0079931 0.9907407
2477.074326 -0.0438153 -0.0068530 -0.0088033 0.1380699 -0.0164071 0.0085364 0.9902498
2477.524282 -0.0458050 -0.0068351 -0.0087291 0.1394754 -0.0131977 0.0085788 0.9901004
2477.574277 -0.0461080 -0.0063494 -0.0093291 0.1384217 -0.0133152 0.0084545 0.9902478
2477.624272 -0.0461664 -0.0064236 -0.0092703 0.1363664 -0.0135046 0.0083833 0.9905310
2478.974142 -0.0545624 -0.0022313 -0.0099437 0.0272975 0.0066972 0.0018772 0.9996032
2479.174122 -0.0544553 -0.0017572 -0.0112644 0.0078366 0.0071940 0.0019018 0.9999416
2479.824059 -0.0567691 0.0021280 -0.0101204 -0.0484734 0.0107301 -0.0047169 0.9987557
2480.973948 -0.0564967 0.0035404 -0.0085555 -0.1132729 0.0179710 -0.0104325 0.9933466
2481.073938 -0.0571107 0.0035112 -0.0087448 -0.1133913 0.0190052 -0.0110916 0.9933067
2481.623885 -0.0581449 0.0038586 -0.0090208 -0.1122823 0.0175782 -0.0099679 0.9934708
