2469.725037 0.0000000 0.0000000 0.0000000 -0.0000000 -0.0000000 -0.0000000 1.0000000
2470.736931 -0.0101130 0.0011122 -0.0014256 -0.0115203 0.0032587 -0.0007239 0.9999281
2471.349495 -0.0169665 0.0003531 -0.0017979 -0.0075593 -0.0011402 -0.0002600 0.9999707
2471.502878 -0.0186058 0.0011379 -0.0018852 -0.0091039 0.0024315 -0.0006062 0.9999554
2471.553643 -0.0186721 0.0006146 -0.0022153 -0.0121681 0.0046863 -0.0008152 0.9999147
2472.106039 -0.0249586 0.0020191 -0.0022771 -0.0267700 0.0099326 -0.0017326 0.9995908
2472.256203 -0.0265163 0.0024358 -0.0020259 -0.0309126 0.0102819 -0.0022210 0.9994667
2472.356351 -0.0279927 0.0022725 -0.0026042 -0.0302268 0.0090668 -0.0022101 0.9994995
2472.805794 -0.0318394 0.0018511 -0.0034162 -0.0314331 0.0045604 -0.0020986 0.9994933
2473.355662 -0.0375273 -0.0005920 -0.0049384 -0.0024789 -0.0036202 -0.0000063 0.9999904
2474.202182 -0.0443486 -0.0058305 -0.0075708 0.0636965 -0.0129623 0.0035901 0.9978787
2474.252177 -0.0451740 -0.0059384 -0.0074531 0.0660269 -0.0147704 0.0032638 0.9977032
2475.245739 -0.0535421 -0.0102628 -0.0120909 0.1262195 -0.0228146 0.0053351 0.9917256
2476.029050 -0.0604058 -0.0108330 -0.0138219 0.1390556 -0.0224641 0.0069157 0.9900056
2476.724360 -0.0666716 -0.0113200 -0.0140789 0.1315195 -0.0166155 0.0078582 0.9911432
2476.824350 -0.0666319 -0.0113408 -0.0142162 0.1341842 -0.0174658 0.0079599 0.9907705
2476.974335 -0.0670673 -0.0113806 -0.0148473 0.1363253 -0.0171790 0.0083323 0.9904802
2477.074326 -0.0671980 -0.0112418 -0.0149470 0.1378591 -0.0166669 0.0087686 0.9902728
2477.474287 -0.0678793 -0.0111604 -0.0155617 0.1415939 -0.0143690 0.0087961 0.9897814
2477.574277 -0.0682593 -0.0110716 -0.0160592 0.1379181 -0.0144795 0.0089182 0.9902977
2477.724263 -0.0702625 -0.0116581 -0.0151168 0.1287448 -0.0130759 0.0084020 0.9915560
2478.774161 -0.0825673 -0.0067847 -0.0165120 0.0450579 0.0014315 0.0032483 0.9989781
2479.724069 -0.0870891 -0.0007449 -0.0170686 -0.0395335 0.0089500 -0.0037686 0.9991711
2479.774064 -0.0873423 -0.0008204 -0.0175223 -0.0453909 0.0097836 -0.0041359 0.9989128
2480.224021 -0.0869363 -0.0007346 -0.0167271 -0.0842542 0.0130856 -0.0072670 0.9963319
2480.673977 -0.0867386 -0.0002880 -0.0163767 -0.1128280 0.0169894 -0.0101406 0.9934175
2480.723972 -0.0867203 -0.0003301 -0.0164395 -0.1141792 0.0170063 -0.0111301 0.9932523
