2444.927438 0.0000000 0.0000000 0.0000000 -0.0000000 -0.0000000 -0.0000000 1.0000000
2449.476998 -0.0130267 0.0022094 0.0020420 -0.0246264 -0.0186989 -0.0006241 0.9995217
2449.626983 -0.0147633 0.0018597 0.0020317 -0.0233137 -0.0220990 -0.0012662 0.9994832
2449.676978 -0.0148821 0.0019624 0.0024165 -0.0226215 -0.0232804 -0.0015015 0.9994719
2450.076940 -0.0198385 0.0017416 0.0021300 -0.0198079 -0.0304886 -0.0041373 0.9993303
2450.726877 -0.0290137 0.0017204 0.0026751 -0.0128814 -0.0477120 -0.0194417 0.9985889
2451.276823 -0.0377211 0.0013101 0.0023481 -0.0117933 -0.0611280 -0.0308613 0.9975830
2451.626790 -0.0441309 0.0019736 0.0026687 -0.0113548 -0.0708808 -0.0368716 0.9967384
2452.476707 -0.0547400 0.0016792 0.0005721 -0.0046349 -0.0917654 -0.0456178 0.9947244
2452.676688 -0.0597776 0.0022034 0.0000213 -0.0026658 -0.0984941 -0.0482689 0.9939628
2454.226538 -0.0826279 0.0064811 -0.0023946 -0.0089709 -0.1418198 -0.0773424 0.9868256
2454.976465 -0.0916531 0.0076638 -0.0041509 -0.0084184 -0.1604111 -0.0925615 0.9826646
2455.226441 -0.0955699 0.0085832 -0.0053838 -0.0077187 -0.1698311 -0.0995922 0.9803975
2455.576407 -0.1031893 0.0103485 -0.0073380 -0.0099014 -0.1761490 -0.1084483 0.9783213
2456.626306 -0.1154730 0.0141205 -0.0091825 -0.0138288 -0.1882610 -0.1306774 0.9732882
2457.276243 -0.1288667 0.0185678 -0.0132116 -0.0177239 -0.2076070 -0.1463016 0.9670476
2457.426228 -0.1314608 0.0189836 -0.0148623 -0.0175826 -0.2130852 -0.1496383 0.9653465
2457.776194 -0.1389669 0.0218604 -0.0182571 -0.0163948 -0.2256123 -0.1616474 0.9605730
2457.926180 -0.1429365 0.0226297 -0.0209898 -0.0155875 -0.2292224 -0.1659394 0.9589986
2458.126160 -0.1427612 0.0226395 -0.0214028 -0.0138933 -0.2335862 -0.1674735 0.9577041
2458.376136 -0.1494858 0.0265750 -0.0250314 -0.0022514 -0.2422494 -0.1748387 0.9543278
2458.576117 -0.1565708 0.0265071 -0.0308348 0.0081357 -0.2556773 -0.1781507 0.9501712
2459.187575 -0.1693426 0.0291710 -0.0400879 0.0507525 -0.2875412 -0.1826562 0.9388189
2459.489521 -0.1732915 0.0274086 -0.0446592 0.0720190 -0.2999854 -0.1814211 0.9337603
2459.594331 -0.1760597 0.0293244 -0.0461192 0.0793247 -0.3045855 -0.1819378 0.9315760
2459.947655 -0.1833451 0.0316204 -0.0515960 0.1037562 -0.3212564 -0.1826677 0.9233967
2460.147715 -0.1856717 0.0314688 -0.0538544 0.1164679 -0.3294653 -0.1810061 0.9193066
2460.298471 -0.1880439 0.0318243 -0.0552059 0.1246649 -0.3334342 -0.1803774 0.9169211
2460.701533 -0.1912345 0.0337296 -0.0591179 0.1382122 -0.3422846 -0.1789902 0.9119765
2461.452330 -0.2036790 0.0393395 -0.0696494 0.1622663 -0.3662657 -0.1831231 0.8977667
2464.345787 -0.2275773 0.0544925 -0.0954480 0.1975122 -0.4092702 -0.1743716 0.8735453
2464.642301 -0.2317864 0.0571550 -0.1004157 0.1982294 -0.4138189 -0.1734558 0.8714196
2464.938993 -0.2341307 0.0595637 -0.1039452 0.2034346 -0.4188899 -0.1716348 0.8681516
2465.775420 -0.2413269 0.0687228 -0.1119857 0.1833604 -0.4180444 -0.1851582 0.8702496
2465.875410 -0.2406537 0.0680313 -0.1137083 0.1789332 -0.4157772 -0.1872446 0.8718094
2465.975400 -0.2428141 0.0715572 -0.1136153 0.1742393 -0.4127405 -0.1903412 0.8735309
2466.425357 -0.2415084 0.0733331 -0.1217139 0.1423514 -0.4117803 -0.2059702 0.8762131
2466.525347 -0.2422461 0.0729270 -0.1212170 0.1336340 -0.4086905 -0.2104323 0.8779705
2467.475255 -0.2512165 0.0874125 -0.1280117 0.0913427 -0.3919683 -0.2362251 0.8844293
2467.925211 -0.2515579 0.0893156 -0.1305885 0.0779144 -0.3832019 -0.2432241 0.8876529
2468.275178 -0.2545870 0.0936113 -0.1325115 0.0650220 -0.3888272 -0.2502075 0.8842974
2469.525057 -0.2604246 0.1020806 -0.1400028 0.0341792 -0.3823640 -0.2658213 0.8842899
2469.625047 -0.2617266 0.1028106 -0.1404843 0.0333225 -0.3815992 -0.2663798 0.8844848
2469.975013 -0.2637122 0.1052965 -0.1417519 0.0272514 -0.3769571 -0.2695707 0.8857157
2470.787973 -0.2682378 0.1099778 -0.1490387 0.0217977 -0.3750325 -0.2721167 0.8859051
2470.891756 -0.2691885 0.1105194 -0.1505268 0.0217908 -0.3773228 -0.2722208 0.8849003
2472.055886 -0.2756456 0.1186867 -0.1587250 0.0127387 -0.3669070 -0.2774408 0.8878309
2473.055789 -0.2814291 0.1238520 -0.1676839 0.0084163 -0.3717026 -0.2792075 0.8853301
2473.454862 -0.2839130 0.1232744 -0.1710776 0.0362727 -0.3863898 -0.2640826 0.8829766
2474.202182 -0.2886461 0.1220661 -0.1789858 0.0833617 -0.4083504 -0.2395761 0.8768718
2475.537454 -0.2944058 0.1219317 -0.1925585 0.1501552 -0.4345757 -0.2050548 0.8640312
2476.924340 -0.3012567 0.1298815 -0.2040164 0.1448486 -0.4283992 -0.2064214 0.8676884
2477.074326 -0.3016895 0.1305184 -0.2044320 0.1465582 -0.4281186 -0.2055648 0.8677433
2477.524282 -0.3014629 0.1314941 -0.2056446 0.1483759 -0.4262664 -0.2043298 0.8686374
2477.674268 -0.3008350 0.1319814 -0.2062085 0.1428234 -0.4247821 -0.2070588 0.8696484
2477.874248 -0.3007596 0.1325737 -0.2076025 0.1311538 -0.4198741 -0.2131828 0.8723862
2478.174219 -0.3006829 0.1334326 -0.2097553 0.1137262 -0.4153777 -0.2222831 0.8747103
2478.674171 -0.3051320 0.1413995 -0.2104407 0.0778623 -0.3972450 -0.2421867 0.8817480
2480.274016 -0.3040633 0.1533943 -0.2077664 -0.0364394 -0.3464498 -0.3034889 0.8868704
2480.673977 -0.3031006 0.1546484 -0.2075279 -0.0575920 -0.3353216 -0.3149265 0.8860383
2480.973948 -0.3025495 0.1548422 -0.2078028 -0.0600245 -0.3339190 -0.3161448 0.8859727
2481.773871 -0.3035427 0.1550197 -0.2082915 -0.0600331 -0.3366008 -0.3152914 0.8852611
