2461.452330 0.0000000 0.0000000 0.0000000 -0.0000000 -0.0000000 -0.0000000 1.0000000
2462.701517 -0.0078782 -0.0014362 0.0002388 0.0397854 -0.0210424 -0.0029421 0.9989823
2462.851503 -0.0089956 -0.0013967 0.0002098 0.0386938 -0.0240171 -0.0031603 0.9989575
2463.101874 -0.0102636 -0.0011638 0.0001029 0.0384533 -0.0268819 -0.0032710 0.9988934
2464.246231 -0.0161454 -0.0015565 -0.0009737 0.0455547 -0.0378541 -0.0029170 0.9982401
2464.987724 -0.0219609 -0.0018829 -0.0024367 0.0596985 -0.0497036 -0.0016192 0.9969770
2465.725424 -0.0268276 -0.0004973 -0.0026208 0.0332908 -0.0526829 -0.0060801 0.9980377
2465.975400 -0.0275645 -0.0006576 -0.0036724 0.0196909 -0.0492796 -0.0074869 0.9985628
2466.025395 -0.0275242 -0.0001091 -0.0034696 0.0164000 -0.0492993 -0.0069972 0.9986249
2467.225279 -0.0369547 0.0035293 -0.0046220 -0.0674796 -0.0514133 -0.0176258 0.9962392
2467.375265 -0.0379883 0.0038108 -0.0048364 -0.0712546 -0.0492002 -0.0188252 0.9960662
2468.225183 -0.0417866 0.0050213 -0.0053924 -0.1029324 -0.0512628 -0.0226352 0.9931086
2468.375168 -0.0427368 0.0051818 -0.0057339 -0.1103472 -0.0519057 -0.0239706 0.9922473
2469.075100 -0.0444809 0.0058038 -0.0061726 -0.1296723 -0.0498684 -0.0265165 0.9899470
2469.925018 -0.0477348 0.0058068 -0.0075040 -0.1484763 -0.0508766 -0.0286713 0.9871901
2470.635558 -0.0509685 0.0059603 -0.0081448 -0.1553690 -0.0496686 -0.0298294 0.9861560
2471.451994 -0.0551520 0.0058849 -0.0088790 -0.1519191 -0.0521387 -0.0289749 0.9865915
2471.854879 -0.0570001 0.0064875 -0.0093403 -0.1629910 -0.0465563 -0.0311274 0.9850368
2472.605932 -0.0610521 0.0068499 -0.0102144 -0.1727756 -0.0457066 -0.0325196 0.9833626
2473.504185 -0.0651669 0.0051505 -0.0109858 -0.1328087 -0.0589560 -0.0259479 0.9890464
2473.653795 -0.0653285 0.0046432 -0.0112052 -0.1195012 -0.0617169 -0.0237074 0.9906303
2474.053085 -0.0666427 0.0036505 -0.0117803 -0.0936747 -0.0639858 -0.0208897 0.9933250
2475.145394 -0.0710378 0.0012979 -0.0132415 -0.0215239 -0.0747578 -0.0127184 0.9968883
2476.229050 -0.0758633 0.0008747 -0.0145397 -0.0133622 -0.0745472 -0.0110206 0.9970671
2476.424389 -0.0759932 0.0010170 -0.0148236 -0.0174366 -0.0720957 -0.0113857 0.9971803
2477.474287 -0.0796013 0.0008522 -0.0152795 -0.0024835 -0.0687804 -0.0094121 0.9975843
2477.574277 -0.0797273 0.0009176 -0.0155848 -0.0060048 -0.0688706 -0.0095211 0.9975621
2477.674268 -0.0797081 0.0009479 -0.0157938 -0.0111753 -0.0684515 -0.0098953 0.9975428
2478.074229 -0.0815812 0.0024234 -0.0158467 -0.0369399 -0.0655742 -0.0130562 0.9970782
2478.674171 -0.0841711 0.0042462 -0.0156067 -0.0888527 -0.0566583 -0.0197740 0.9942354
2479.724069 -0.0855470 0.0077079 -0.0159356 -0.1804464 -0.0451939 -0.0332863 0.9819820
2479.824059 -0.0853140 0.0079757 -0.0159952 -0.1903496 -0.0439469 -0.0345095 0.9801249
2480.224021 -0.0859794 0.0086467 -0.0163571 -0.2226201 -0.0399239 -0.0401582 0.9732593
2480.324011 -0.0853546 0.0089501 -0.0160043 -0.2290875 -0.0391294 -0.0406593 0.9717689
2480.424001 -0.0852724 0.0093010 -0.0162199 -0.2348391 -0.0377268 -0.0422632 0.9703820
2480.723972 -0.0855689 0.0096116 -0.0164402 -0.2505900 -0.0359207 -0.0450037 0.9663793
