2469.725037 0.0000000 0.0000000 0.0000000 -0.0000000 -0.0000000 -0.0000000 1.0000000
2471.604231 -0.0223072 0.0010103 -0.0023714 -0.0143346 0.0044295 -0.0007973 0.9998872
2471.704715 -0.0260378 0.0007057 -0.0035210 -0.0146724 0.0050399 -0.0013854 0.9998787
2472.106039 -0.0283413 0.0022804 -0.0019249 -0.0269700 0.0084105 -0.0015010 0.9995998
2472.155896 -0.0288497 0.0023524 -0.0015616 -0.0291876 0.0099466 -0.0017985 0.9995229
2472.555779 -0.0358687 0.0026334 -0.0027019 -0.0311245 0.0069132 -0.0022124 0.9994892
2472.755937 -0.0378184 0.0018323 -0.0034413 -0.0313327 0.0037080 -0.0019900 0.9995002
2473.355662 -0.0448228 -0.0007781 -0.0051077 -0.0025465 -0.0048964 0.0001940 0.9999848
2473.703475 -0.0481568 -0.0036066 -0.0069778 0.0259089 -0.0093546 0.0018143 0.9996189
2473.852650 -0.0495463 -0.0041417 -0.0074145 0.0371967 -0.0097113 0.0023301 0.9992581
2474.202182 -0.0535541 -0.0069837 -0.0090000 0.0639014 -0.0142278 0.0037366 0.9978478
2474.749304 -0.0585009 -0.0100536 -0.0115044 0.1027100 -0.0217809 0.0049474 0.9944606
2475.930244 -0.0732766 -0.0129726 -0.0170061 0.1448266 -0.0237592 0.0075976 0.9891426
2476.029050 -0.0745096 -0.0130866 -0.0170440 0.1392745 -0.0236906 0.0071111 0.9899449
2476.624369 -0.0790885 -0.0124688 -0.0173426 0.1294257 -0.0175302 0.0077484 0.9914039
2476.924340 -0.0839319 -0.0135301 -0.0191195 0.1365464 -0.0181529 0.0083419 0.9904322
2476.974335 -0.0837324 -0.0134141 -0.0190215 0.1367980 -0.0182845 0.0081351 0.9903968
2477.074326 -0.0849480 -0.0133987 -0.0184775 0.1382198 -0.0174992 0.0083704 0.9902116
2477.574277 -0.0884561 -0.0132658 -0.0190178 0.1381967 -0.0147440 0.0083852 0.9902596
2477.824253 -0.0895836 -0.0139528 -0.0185812 0.1213369 -0.0128186 0.0075704 0.9924998
2479.424098 -0.1078780 -0.0017521 -0.0196598 -0.0146674 0.0070821 -0.0026349 0.9998639
2479.524088 -0.1079332 -0.0016013 -0.0200689 -0.0241886 0.0063121 -0.0025986 0.9996842
2480.024040 -0.1078995 -0.0018000 -0.0197615 -0.0687344 0.0098498 -0.0064862 0.9975653
2481.223924 -0.1081208 0.0073707 -0.0179961 -0.1140502 0.0166043 -0.0109382 0.9932760
2481.823866 -0.1059683 0.0075876 -0.0190816 -0.1108374 0.0115796 -0.0104801 0.9937158
