2444.927438 0.0000000 0.0000000 0.0000000 -0.0000000 -0.0000000 -0.0000000 1.0000000
2449.526993 -0.0146371 0.0021808 0.0022615 -0.0233097 -0.0199458 -0.0012827 0.9995285
2449.576988 -0.0151825 0.0021066 0.0025174 -0.0227381 -0.0210725 -0.0013541 0.9995185
2449.776969 -0.0169496 0.0021592 0.0026282 -0.0222925 -0.0247567 -0.0016638 0.9994435
2450.976852 -0.0355137 0.0009117 0.0021626 -0.0123933 -0.0533823 -0.0249690 0.9981850
2451.326819 -0.0415412 0.0015387 0.0026508 -0.0112791 -0.0625829 -0.0320749 0.9974605
2451.626790 -0.0474419 0.0016968 0.0024561 -0.0114999 -0.0711976 -0.0367474 0.9967188
2452.126741 -0.0539548 0.0016263 0.0019439 -0.0098729 -0.0854086 -0.0415377 0.9954309
2452.176736 -0.0545596 0.0016393 0.0014633 -0.0090941 -0.0861017 -0.0425523 0.9953357
2452.676688 -0.0640113 0.0024126 0.0001335 -0.0026081 -0.0989409 -0.0479876 0.9939321
2452.726683 -0.0662838 0.0029917 -0.0004384 -0.0034903 -0.1023746 -0.0481935 0.9935717
2452.826673 -0.0705254 0.0037412 -0.0020109 -0.0035898 -0.1115055 -0.0508821 0.9924539
2454.126547 -0.0874312 0.0057793 -0.0029296 -0.0087874 -0.1404956 -0.0764247 0.9870882
2455.626402 -0.1120351 0.0113345 -0.0078435 -0.0097780 -0.1779054 -0.1091491 0.9779267
2455.776388 -0.1142852 0.0118297 -0.0081787 -0.0113576 -0.1793357 -0.1111430 0.9774237
2457.526218 -0.1442603 0.0213981 -0.0169803 -0.0178601 -0.2169991 -0.1518566 0.9641224
2457.876184 -0.1509038 0.0225293 -0.0219915 -0.0165931 -0.2294966 -0.1640531 0.9592407
2458.176155 -0.1561514 0.0242454 -0.0249361 -0.0111394 -0.2351468 -0.1702543 0.9568675
2458.326141 -0.1596271 0.0244191 -0.0270153 -0.0086734 -0.2406502 -0.1721488 0.9551843
2458.676502 -0.1723692 0.0275873 -0.0361106 0.0160589 -0.2637970 -0.1791999 0.9476501
2458.728235 -0.1730191 0.0274484 -0.0363726 0.0170780 -0.2666861 -0.1792407 0.9468156
2458.980345 -0.1785694 0.0286347 -0.0415874 0.0332746 -0.2783721 -0.1819403 0.9424964
2459.136493 -0.1817990 0.0296117 -0.0442001 0.0458563 -0.2863328 -0.1823615 0.9394972
2459.287288 -0.1847784 0.0291322 -0.0467789 0.0589117 -0.2934833 -0.1818177 0.9366639
2459.594331 -0.1901177 0.0305055 -0.0502948 0.0791105 -0.3059262 -0.1818194 0.9311780
2459.947655 -0.1981295 0.0323394 -0.0575635 0.1032739 -0.3223540 -0.1826454 0.9230726
2460.248475 -0.2016430 0.0327797 -0.0610387 0.1196408 -0.3330550 -0.1809383 0.9176174
2460.751923 -0.2078035 0.0351867 -0.0656835 0.1411047 -0.3460059 -0.1780045 0.9103208
2461.952242 -0.2288509 0.0443928 -0.0828031 0.1819766 -0.3800279 -0.1808110 0.8886904
2462.051877 -0.2285078 0.0439639 -0.0827052 0.1854398 -0.3819277 -0.1785725 0.8876120
2464.494153 -0.2471730 0.0587002 -0.1061468 0.1966341 -0.4127027 -0.1736776 0.8722658
2465.725424 -0.2623448 0.0728713 -0.1270320 0.1845406 -0.4186452 -0.1850597 0.8697321
2465.975400 -0.2624601 0.0731850 -0.1277029 0.1730743 -0.4134401 -0.1901739 0.8734681
2466.275371 -0.2604967 0.0759788 -0.1306727 0.1529227 -0.4177128 -0.1987554 0.8732852
2466.475352 -0.2586634 0.0776800 -0.1318430 0.1368328 -0.4113435 -0.2076782 0.8768940
2466.975303 -0.2662446 0.0869669 -0.1358179 0.1097984 -0.3999590 -0.2245598 0.8817880
2468.525153 -0.2767307 0.1023438 -0.1479897 0.0577273 -0.3874220 -0.2531892 0.8845717
2468.725134 -0.2771831 0.1030974 -0.1487940 0.0529402 -0.3853631 -0.2557613 0.8850304
2469.275081 -0.2804577 0.1073741 -0.1522606 0.0402523 -0.3848897 -0.2623551 0.8839737
2469.525057 -0.2813000 0.1091702 -0.1541084 0.0339588 -0.3834226 -0.2653549 0.8839800
2469.625047 -0.2830268 0.1105809 -0.1536451 0.0332997 -0.3827441 -0.2659416 0.8841228
2470.839706 -0.2912597 0.1187291 -0.1634008 0.0218429 -0.3773113 -0.2721775 0.8849173
2471.754572 -0.2962868 0.1239534 -0.1707002 0.0194348 -0.3728537 -0.2735099 0.8864506
2473.255651 -0.3063944 0.1332962 -0.1855114 0.0182881 -0.3794268 -0.2731980 0.8837781
2473.454862 -0.3083258 0.1323914 -0.1882651 0.0361743 -0.3869181 -0.2642692 0.8826934
2473.752897 -0.3089586 0.1321942 -0.1902731 0.0542959 -0.3961574 -0.2543072 0.8805903
2474.352365 -0.3146121 0.1318410 -0.2008565 0.0904222 -0.4156811 -0.2363254 0.8736037
2475.145394 -0.3132243 0.1314761 -0.2030260 0.1330129 -0.4300392 -0.2123444 0.8673429
2476.724360 -0.3237382 0.1384725 -0.2196925 0.1409363 -0.4287493 -0.2079562 0.8677934
2476.974335 -0.3248185 0.1391390 -0.2229088 0.1448611 -0.4296596 -0.2058693 0.8671942
2477.374297 -0.3257180 0.1396537 -0.2239293 0.1507121 -0.4293256 -0.2026829 0.8671131
2477.624272 -0.3256757 0.1400681 -0.2252343 0.1447268 -0.4270614 -0.2050602 0.8686904
2478.024234 -0.3264367 0.1442683 -0.2279502 0.1224224 -0.4184930 -0.2175090 0.8732504
2478.674171 -0.3291264 0.1529085 -0.2297266 0.0779600 -0.3984395 -0.2417766 0.8813128
2479.174122 -0.3321714 0.1568152 -0.2301301 0.0404726 -0.3777851 -0.2638183 0.8865892
2479.524088 -0.3300778 0.1599577 -0.2303422 0.0128505 -0.3693539 -0.2773183 0.8868523
2479.824059 -0.3290995 0.1633372 -0.2276483 -0.0075257 -0.3608707 -0.2877857 0.8870711
2480.124030 -0.3283404 0.1645283 -0.2274983 -0.0278416 -0.3525412 -0.2981537 0.8865913
2480.424001 -0.3278228 0.1654446 -0.2267101 -0.0453370 -0.3423174 -0.3078871 0.8865489
2480.923953 -0.3275483 0.1677559 -0.2260791 -0.0602546 -0.3349678 -0.3162671 0.8855174
2481.923856 -0.3274398 0.1673544 -0.2264575 -0.0585985 -0.3395651 -0.3139764 0.8846924
