2469.725037 0.0000000 0.0000000 0.0000000 -0.0000000 -0.0000000 -0.0000000 1.0000000
2471.349495 -0.0223450 0.0009287 -0.0023236 -0.0073181 -0.0013445 -0.0003310 0.9999723
2471.502878 -0.0241071 0.0007476 -0.0022432 -0.0093386 0.0020606 -0.0005236 0.9999542
2471.654562 -0.0255009 0.0014293 -0.0024193 -0.0129491 0.0043135 -0.0009097 0.9999065
2472.106039 -0.0331347 0.0020571 -0.0027207 -0.0270095 0.0097612 -0.0018981 0.9995857
2472.755937 -0.0417951 0.0025717 -0.0037112 -0.0310339 0.0045785 -0.0020792 0.9995057
2473.205498 -0.0480485 0.0014978 -0.0048064 -0.0199351 -0.0018210 -0.0011506 0.9997990
2473.653795 -0.0526973 -0.0031604 -0.0067949 0.0246292 -0.0082256 0.0013797 0.9996619
2473.852650 -0.0544060 -0.0046461 -0.0076272 0.0370568 -0.0087206 0.0022461 0.9992726
2474.102764 -0.0567363 -0.0067744 -0.0089512 0.0564245 -0.0112028 0.0031750 0.9983390
2476.229050 -0.0832919 -0.0138883 -0.0178919 0.1310119 -0.0193108 0.0068010 0.9911694
2476.574374 -0.0866626 -0.0141472 -0.0177980 0.1278878 -0.0152573 0.0074015 0.9916437
2476.674364 -0.0871471 -0.0144830 -0.0186780 0.1313647 -0.0167014 0.0077067 0.9911634
2476.824350 -0.0894296 -0.0153911 -0.0199220 0.1341208 -0.0173783 0.0081436 0.9907792
2477.024331 -0.0943066 -0.0152457 -0.0197835 0.1371214 -0.0157722 0.0081732 0.9903949
2477.224311 -0.0942731 -0.0152756 -0.0197464 0.1413884 -0.0158124 0.0081424 0.9897944
2477.574277 -0.0944348 -0.0150269 -0.0200294 0.1377407 -0.0137209 0.0086910 0.9903352
2477.624272 -0.0948125 -0.0144341 -0.0206831 0.1360641 -0.0138965 0.0087521 0.9905639
2478.824156 -0.1111499 -0.0082536 -0.0192705 0.0404200 0.0029388 0.0028586 0.9991744
2478.924147 -0.1092331 -0.0056005 -0.0169202 0.0321443 0.0042896 0.0018232 0.9994724
2480.124030 -0.1122354 0.0079379 -0.0173003 -0.0716522 0.0102115 -0.0053188 0.9973633
2480.274016 -0.1114498 0.0070153 -0.0165687 -0.0834280 0.0112373 -0.0064839 0.9964293
2480.573987 -0.1128468 0.0094417 -0.0167161 -0.1041094 0.0155847 -0.0092485 0.9944007
2480.773967 -0.1117299 0.0079991 -0.0163790 -0.1117514 0.0154225 -0.0101734 0.9935644
2481.473900 -0.1119948 0.0084987 -0.0162084 -0.1134223 0.0162189 -0.0109439 0.9933542
