2444.927438 0.0000000 0.0000000 0.0000000 -0.0000000 -0.0000000 -0.0000000 1.0000000
2449.526993 -0.0149552 0.0020607 0.0020372 -0.0233459 -0.0198369 -0.0013563 0.9995297
2449.676978 -0.0160633 0.0019131 0.0023141 -0.0227976 -0.0234230 -0.0015647 0.9994645
2449.726974 -0.0167911 0.0018045 0.0020333 -0.0231403 -0.0237828 -0.0016503 0.9994479
2450.076940 -0.0217122 0.0016200 0.0019852 -0.0199899 -0.0304740 -0.0044227 0.9993259
2450.976852 -0.0358497 0.0008756 0.0020404 -0.0124267 -0.0533916 -0.0252038 0.9981782
2451.526799 -0.0461179 0.0014395 0.0019592 -0.0102523 -0.0673154 -0.0353037 0.9970542
2452.076746 -0.0542056 0.0018877 0.0016851 -0.0089813 -0.0838517 -0.0418175 0.9955599
2452.426712 -0.0582521 0.0020830 0.0014361 -0.0049032 -0.0900540 -0.0456052 0.9948801
2452.926664 -0.0747209 0.0034157 -0.0039087 -0.0053849 -0.1176341 -0.0551210 0.9915114
2454.126547 -0.0883905 0.0059485 -0.0030968 -0.0087863 -0.1403894 -0.0766713 0.9870842
2454.626499 -0.0941711 0.0068586 -0.0041589 -0.0082334 -0.1517575 -0.0839545 0.9848114
2456.176349 -0.1193398 0.0132982 -0.0088594 -0.0116856 -0.1849064 -0.1188650 0.9754713
2457.126257 -0.1374104 0.0190842 -0.0131410 -0.0162158 -0.2022578 -0.1431998 0.9686706
2457.676204 -0.1490337 0.0230872 -0.0183947 -0.0156661 -0.2217371 -0.1589573 0.9619355
2457.726199 -0.1496883 0.0232162 -0.0191352 -0.0163269 -0.2245860 -0.1597334 0.9611347
2457.826189 -0.1523333 0.0242539 -0.0202810 -0.0159859 -0.2279362 -0.1626644 0.9598593
2458.276146 -0.1608375 0.0276877 -0.0249967 -0.0087241 -0.2371656 -0.1716868 0.9561381
2458.376136 -0.1634313 0.0280068 -0.0272897 -0.0025606 -0.2427825 -0.1743436 0.9542822
2458.526122 -0.1685739 0.0287833 -0.0317380 0.0058136 -0.2534810 -0.1768771 0.9510143
2458.676502 -0.1732503 0.0292113 -0.0351629 0.0165441 -0.2636967 -0.1789974 0.9477079
2458.830833 -0.1765658 0.0300768 -0.0375413 0.0229754 -0.2705931 -0.1802378 0.9453920
2458.980345 -0.1799564 0.0322593 -0.0396005 0.0346606 -0.2782222 -0.1817603 0.9425254
2459.136493 -0.1834335 0.0318079 -0.0440094 0.0465901 -0.2859185 -0.1823025 0.9395987
2459.287288 -0.1862503 0.0312281 -0.0454681 0.0596318 -0.2932920 -0.1815800 0.9367244
2459.846519 -0.1969107 0.0338757 -0.0546705 0.0956632 -0.3176817 -0.1833639 0.9253673
2460.147715 -0.2024092 0.0343411 -0.0586931 0.1167167 -0.3303160 -0.1806268 0.9190444
2461.152497 -0.2159070 0.0399520 -0.0718822 0.1554391 -0.3580648 -0.1791294 0.9030731
2462.302070 -0.2328163 0.0461384 -0.0871297 0.1931262 -0.3872812 -0.1752767 0.8843040
2463.701124 -0.2437982 0.0542773 -0.1004438 0.1942353 -0.4036534 -0.1756351 0.8766350
2464.790884 -0.2637657 0.0678321 -0.1217233 0.2014485 -0.4139029 -0.1748395 0.8703643
2465.429799 -0.2604637 0.0712406 -0.1250323 0.1944494 -0.4243242 -0.1790365 0.8660741
2465.975400 -0.2593284 0.0715224 -0.1255680 0.1726075 -0.4147379 -0.1894016 0.8731129
2466.075391 -0.2589245 0.0724981 -0.1270205 0.1674466 -0.4146444 -0.1918067 0.8736371
2466.275371 -0.2573562 0.0745666 -0.1295656 0.1524110 -0.4187330 -0.1976916 0.8731275
2466.425357 -0.2565868 0.0758820 -0.1306359 0.1411586 -0.4145461 -0.2035820 0.8756599
2466.625337 -0.2627681 0.0812870 -0.1325575 0.1240429 -0.4044450 -0.2155315 0.8801044
2468.375168 -0.2768183 0.1012904 -0.1467817 0.0600250 -0.3888463 -0.2517321 0.8842095
2468.525153 -0.2777326 0.1027959 -0.1474249 0.0576222 -0.3877763 -0.2530303 0.8844687
2469.325076 -0.2817366 0.1082082 -0.1531936 0.0388348 -0.3849713 -0.2625449 0.8839453
2469.575052 -0.2821085 0.1086035 -0.1547026 0.0334868 -0.3838260 -0.2650184 0.8839239
2469.725037 -0.2851075 0.1121385 -0.1547915 0.0318376 -0.3811925 -0.2671267 0.8844897
2471.451994 -0.2959390 0.1231204 -0.1705005 0.0248260 -0.3778217 -0.2707874 0.8850473
2471.754572 -0.2975627 0.1250504 -0.1727325 0.0194777 -0.3726924 -0.2735617 0.8865016
2472.805794 -0.3041938 0.1336435 -0.1827379 0.0061542 -0.3684396 -0.2807396 0.8862278
2473.255651 -0.3082459 0.1345128 -0.1882640 0.0184582 -0.3789608 -0.2735300 0.8838718
2473.355662 -0.3083074 0.1338237 -0.1886206 0.0286111 -0.3838854 -0.2681777 0.8831161
2473.454862 -0.3086684 0.1336812 -0.1902235 0.0363740 -0.3869764 -0.2641536 0.8826942
2474.550607 -0.3152257 0.1321267 -0.2037900 0.1010281 -0.4212302 -0.2299431 0.8714842
2474.997107 -0.3168756 0.1315569 -0.2066788 0.1257668 -0.4267676 -0.2173397 0.8688012
2476.924340 -0.3255505 0.1398333 -0.2244765 0.1445486 -0.4297560 -0.2055860 0.8672658
2477.024331 -0.3260322 0.1400947 -0.2247403 0.1454344 -0.4298647 -0.2051240 0.8671732
2477.524282 -0.3266292 0.1410682 -0.2261678 0.1479376 -0.4276221 -0.2036750 0.8681995
2477.774258 -0.3255425 0.1420371 -0.2269754 0.1355235 -0.4229944 -0.2096145 0.8710746
2478.274210 -0.3291951 0.1482276 -0.2294909 0.1077929 -0.4128592 -0.2251602 0.8759171
2478.824156 -0.3308411 0.1532596 -0.2321097 0.0672641 -0.3911119 -0.2473403 0.8839286
2479.824059 -0.3295849 0.1628260 -0.2297882 -0.0081501 -0.3612886 -0.2871288 0.8871083
2480.174026 -0.3308610 0.1644681 -0.2303059 -0.0325836 -0.3496040 -0.3006977 0.8867335
2480.274016 -0.3301954 0.1653603 -0.2281325 -0.0369974 -0.3478219 -0.3031915 0.8864120
2480.424001 -0.3297469 0.1657988 -0.2286259 -0.0457084 -0.3421342 -0.3079220 0.8865884
2480.723972 -0.3292864 0.1675952 -0.2277724 -0.0588451 -0.3360810 -0.3150918 0.8856094
2481.173929 -0.3290888 0.1676673 -0.2279358 -0.0604725 -0.3343053 -0.3156874 0.8859596
2481.923856 -0.3291031 0.1672013 -0.2279509 -0.0591062 -0.3395989 -0.3140219 0.8846295
