2444.927438 0.0000000 0.0000000 0.0000000 -0.0000000 -0.0000000 -0.0000000 1.0000000
2449.526993 -0.0153412 0.0018950 0.0019514 -0.0234614 -0.0197014 -0.0014544 0.9995295
2449.576988 -0.0158974 0.0021162 0.0022571 -0.0227740 -0.0208307 -0.0015341 0.9995224
2449.726974 -0.0173339 0.0017801 0.0021309 -0.0231817 -0.0235154 -0.0017803 0.9994531
2450.076940 -0.0220610 0.0016915 0.0021347 -0.0199825 -0.0303871 -0.0044032 0.9993287
2450.376911 -0.0260839 0.0010953 0.0019511 -0.0179195 -0.0384572 -0.0108037 0.9990411
2450.976852 -0.0363323 0.0010193 0.0020317 -0.0123783 -0.0532469 -0.0252235 0.9981861
2451.826770 -0.0525365 0.0016412 0.0018094 -0.0106477 -0.0758643 -0.0406992 0.9962304
2451.926760 -0.0532390 0.0017428 0.0022598 -0.0107548 -0.0797293 -0.0412830 0.9959033
2452.376717 -0.0582629 0.0017451 0.0015671 -0.0055418 -0.0889108 -0.0456273 0.9949785
2452.676688 -0.0653223 0.0018454 -0.0002588 -0.0028953 -0.0987479 -0.0481962 0.9939405
2452.726683 -0.0673060 0.0028984 -0.0004492 -0.0036264 -0.1023349 -0.0483204 0.9935691
2452.826673 -0.0716790 0.0036754 -0.0018713 -0.0037840 -0.1113578 -0.0511289 0.9924570
2454.226538 -0.0919270 0.0065342 -0.0034249 -0.0092419 -0.1414744 -0.0779382 0.9868258
2454.426519 -0.0911917 0.0068137 -0.0028813 -0.0082899 -0.1472760 -0.0807816 0.9857563
2457.126257 -0.1378747 0.0183790 -0.0143231 -0.0165804 -0.2023430 -0.1430600 0.9686673
2457.426228 -0.1440777 0.0202071 -0.0169237 -0.0178298 -0.2136487 -0.1496873 0.9652099
2457.776194 -0.1531231 0.0237268 -0.0209004 -0.0164182 -0.2256947 -0.1621361 0.9604709
2457.826189 -0.1529815 0.0233424 -0.0214737 -0.0163954 -0.2280164 -0.1626164 0.9598414
2457.876184 -0.1524891 0.0234285 -0.0214165 -0.0164880 -0.2298393 -0.1639616 0.9591760
2458.426131 -0.1652433 0.0240478 -0.0297773 -0.0005448 -0.2476205 -0.1747638 0.9529645
2458.626112 -0.1706780 0.0266415 -0.0340236 0.0097671 -0.2608563 -0.1779815 0.9487788
2458.929619 -0.1790427 0.0288131 -0.0403685 0.0293776 -0.2755020 -0.1823035 0.9433987
2459.031960 -0.1801232 0.0267922 -0.0421983 0.0373551 -0.2815535 -0.1825657 0.9412768
2459.387891 -0.1871240 0.0292045 -0.0487718 0.0637673 -0.2961327 -0.1821122 0.9354541
2459.489521 -0.1889830 0.0290039 -0.0498493 0.0719067 -0.3012153 -0.1814372 0.9333699
2459.695586 -0.1932662 0.0305950 -0.0524081 0.0849448 -0.3118922 -0.1828288 0.9284834
2459.997887 -0.1992739 0.0315375 -0.0576949 0.1051114 -0.3248008 -0.1825355 0.9220287
2460.651143 -0.2077549 0.0339358 -0.0651283 0.1349425 -0.3422873 -0.1796267 0.9123399
2461.051855 -0.2143159 0.0366910 -0.0720110 0.1520085 -0.3569115 -0.1790490 0.9041289
2461.952242 -0.2310662 0.0436400 -0.0848814 0.1816129 -0.3801884 -0.1810990 0.8886375
2462.401704 -0.2327884 0.0439123 -0.0853549 0.1943838 -0.3909289 -0.1731610 0.8828391
2465.429799 -0.2654857 0.0725646 -0.1282359 0.1944398 -0.4235890 -0.1799459 0.8662477
2465.975400 -0.2651074 0.0728208 -0.1293117 0.1726666 -0.4137816 -0.1904773 0.8733209
2466.075391 -0.2640130 0.0742071 -0.1305285 0.1676735 -0.4138764 -0.1926653 0.8737689
2466.375362 -0.2601787 0.0775073 -0.1336788 0.1449337 -0.4155234 -0.2032796 0.8746496
2466.475352 -0.2611975 0.0777713 -0.1343307 0.1363179 -0.4116658 -0.2077925 0.8767958
2468.225183 -0.2781540 0.1006098 -0.1468015 0.0666044 -0.3901865 -0.2485101 0.8840595
2468.525153 -0.2808442 0.1035018 -0.1499865 0.0576328 -0.3875148 -0.2535787 0.8844256
2468.875119 -0.2808139 0.1050076 -0.1501405 0.0491341 -0.3841941 -0.2579082 0.8851351
2469.275081 -0.2839593 0.1084298 -0.1552469 0.0400633 -0.3848336 -0.2628120 0.8838710
2469.625047 -0.2864687 0.1113490 -0.1566072 0.0330200 -0.3829096 -0.2661450 0.8840004
2470.839706 -0.2939664 0.1195905 -0.1664934 0.0216120 -0.3776110 -0.2723065 0.8847554
2471.147519 -0.2963122 0.1216033 -0.1695497 0.0231199 -0.3806673 -0.2709796 0.8838145
2471.451994 -0.2972469 0.1226039 -0.1716527 0.0242768 -0.3785141 -0.2705987 0.8848243
2472.755937 -0.3058950 0.1333830 -0.1829942 0.0061674 -0.3689071 -0.2804495 0.8861250
2472.955937 -0.3062952 0.1337425 -0.1843274 0.0070039 -0.3715830 -0.2794428 0.8853185
2473.255651 -0.3093474 0.1341000 -0.1888599 0.0179909 -0.3797690 -0.2734754 0.8835514
2473.703475 -0.3121580 0.1327783 -0.1938285 0.0515161 -0.3957100 -0.2558940 0.8804987
2474.202182 -0.3151053 0.1315846 -0.1993147 0.0828203 -0.4096481 -0.2394028 0.8763649
2475.145394 -0.3202752 0.1316528 -0.2101198 0.1322543 -0.4289763 -0.2136605 0.8676620
2475.638036 -0.3224485 0.1322306 -0.2155799 0.1527557 -0.4363829 -0.2028942 0.8631741
2476.674364 -0.3267674 0.1385788 -0.2224373 0.1401334 -0.4288707 -0.2081456 0.8678179
2476.924340 -0.3288422 0.1402449 -0.2260762 0.1442438 -0.4297811 -0.2059344 0.8672214
2477.074326 -0.3289340 0.1407296 -0.2263272 0.1459313 -0.4297163 -0.2051323 0.8671613
2477.574277 -0.3286410 0.1411817 -0.2277016 0.1462354 -0.4278902 -0.2043504 0.8681971
2477.824253 -0.3302035 0.1437801 -0.2303978 0.1326416 -0.4216723 -0.2121149 0.8715538
2478.824156 -0.3352137 0.1556958 -0.2339136 0.0675596 -0.3906752 -0.2480638 0.8838965
2479.174122 -0.3375446 0.1582085 -0.2338672 0.0400433 -0.3778428 -0.2639712 0.8865385
2479.524088 -0.3355241 0.1619633 -0.2326330 0.0125811 -0.3694317 -0.2772537 0.8868440
2480.174026 -0.3346650 0.1665738 -0.2314831 -0.0323401 -0.3495816 -0.3011416 0.8866006
2480.274016 -0.3330658 0.1671910 -0.2301885 -0.0368157 -0.3478485 -0.3035115 0.8862995
2480.424001 -0.3317320 0.1671308 -0.2297926 -0.0456354 -0.3426364 -0.3080191 0.8863644
2480.723972 -0.3319486 0.1692973 -0.2298868 -0.0587238 -0.3362379 -0.3154231 0.8854399
