2469.725037 0.0000000 0.0000000 0.0000000 -0.0000000 -0.0000000 -0.0000000 1.0000000
2471.097089 -0.0201239 0.0011397 -0.0014207 -0.0094127 -0.0011970 -0.0006257 0.9999548
2471.197514 -0.0212252 0.0010779 -0.0014899 -0.0081116 -0.0014562 -0.0005308 0.9999659
2471.654562 -0.0259738 0.0015743 -0.0021109 -0.0128960 0.0047822 -0.0008204 0.9999051
2472.005891 -0.0309143 0.0020175 -0.0022980 -0.0230002 0.0067002 -0.0013198 0.9997122
2472.106039 -0.0333044 0.0027246 -0.0021427 -0.0267398 0.0100797 -0.0017997 0.9995900
2472.155896 -0.0337597 0.0030301 -0.0018662 -0.0288671 0.0115524 -0.0020699 0.9995144
2472.555779 -0.0400810 0.0030648 -0.0025618 -0.0310023 0.0082326 -0.0022541 0.9994829
2472.706080 -0.0417763 0.0030353 -0.0032302 -0.0299724 0.0050016 -0.0022165 0.9995357
2473.355662 -0.0504027 -0.0005150 -0.0046781 -0.0023784 -0.0032351 0.0000551 0.9999920
2474.252177 -0.0609262 -0.0071578 -0.0083122 0.0662646 -0.0141399 0.0033620 0.9976963
2474.997107 -0.0688533 -0.0121483 -0.0123802 0.1146312 -0.0184156 0.0050610 0.9932245
2475.145394 -0.0688238 -0.0130836 -0.0130617 0.1226499 -0.0191686 0.0058280 0.9922478
2476.029050 -0.0831936 -0.0136765 -0.0154267 0.1391077 -0.0211009 0.0064390 0.9900315
2476.524379 -0.0853165 -0.0104143 -0.0142986 0.1262221 -0.0142371 0.0072438 0.9918734
2476.774355 -0.0893027 -0.0125019 -0.0144375 0.1338548 -0.0171043 0.0076457 0.9908239
2477.024331 -0.0934734 -0.0133238 -0.0155384 0.1376169 -0.0154497 0.0080382 0.9903324
2477.174316 -0.0936058 -0.0135811 -0.0149515 0.1404061 -0.0151453 0.0082330 0.9899439
2477.574277 -0.0968174 -0.0132854 -0.0140122 0.1382404 -0.0123695 0.0084409 0.9902855
2477.624272 -0.0966901 -0.0142270 -0.0138074 0.1361002 -0.0125795 0.0084139 0.9905795
2478.824156 -0.1116903 -0.0059661 -0.0164323 0.0412542 0.0033597 0.0041362 0.9991345
2479.174122 -0.1170717 -0.0062097 -0.0164497 0.0063058 0.0094315 0.0014407 0.9999346
2479.374103 -0.1164457 -0.0039785 -0.0175295 -0.0120245 0.0100913 -0.0008314 0.9998765
2480.024040 -0.1151799 0.0078366 -0.0137313 -0.0653957 0.0117744 -0.0050295 0.9977773
2480.124030 -0.1152558 0.0075410 -0.0139435 -0.0719649 0.0117426 -0.0050265 0.9973254
2481.073938 -0.1152633 0.0079370 -0.0133564 -0.1129872 0.0181518 -0.0097743 0.9933825
2481.873861 -0.1165513 0.0074384 -0.0154951 -0.1110701 0.0145401 -0.0085186 0.9936697
