2469.725037 0.0000000 0.0000000 0.0000000 -0.0000000 -0.0000000 -0.0000000 1.0000000
2471.349495 -0.0228819 0.0004876 -0.0022022 -0.0074837 -0.0014362 -0.0001564 0.9999710
2471.451994 -0.0238164 0.0012270 -0.0018278 -0.0082447 0.0008665 -0.0003771 0.9999655
2471.854879 -0.0293087 0.0023643 -0.0025751 -0.0198891 0.0062920 -0.0010585 0.9997818
2471.955580 -0.0307596 0.0021081 -0.0025403 -0.0227397 0.0060895 -0.0013221 0.9997220
2472.155896 -0.0344419 0.0029928 -0.0025681 -0.0289109 0.0111680 -0.0019853 0.9995176
2472.656085 -0.0420938 0.0044694 -0.0030209 -0.0298276 0.0056622 -0.0020855 0.9995369
2473.005933 -0.0465406 0.0027779 -0.0035990 -0.0267703 0.0011550 -0.0015766 0.9996397
2473.355662 -0.0511741 -0.0001571 -0.0050049 -0.0022156 -0.0039562 0.0002236 0.9999897
2474.003090 -0.0580192 -0.0059327 -0.0079219 0.0488503 -0.0103624 0.0029317 0.9987481
2474.102764 -0.0592842 -0.0066615 -0.0082326 0.0565852 -0.0110678 0.0032480 0.9983311
2474.202182 -0.0610443 -0.0074304 -0.0087995 0.0639098 -0.0131326 0.0036595 0.9978626
2476.029050 -0.0832319 -0.0138803 -0.0171250 0.1393519 -0.0226790 0.0067938 0.9899599
2476.129395 -0.0841447 -0.0138049 -0.0173235 0.1345830 -0.0212900 0.0067875 0.9906504
2476.624369 -0.0893278 -0.0125345 -0.0165382 0.1296588 -0.0160870 0.0074797 0.9913999
2476.674364 -0.0895308 -0.0122249 -0.0171199 0.1323421 -0.0169772 0.0078200 0.9910278
2476.824350 -0.0923992 -0.0142755 -0.0180257 0.1346548 -0.0175846 0.0079461 0.9907047
2476.924340 -0.0931396 -0.0138660 -0.0175494 0.1367218 -0.0172537 0.0080836 0.9904262
2477.524282 -0.0996237 -0.0140056 -0.0190900 0.1397226 -0.0129437 0.0083079 0.9900712
2477.574277 -0.1000862 -0.0134112 -0.0198029 0.1383804 -0.0132364 0.0084162 0.9902549
2478.824156 -0.1153800 -0.0079115 -0.0208020 0.0407415 0.0026872 0.0030233 0.9991615
2479.274113 -0.1142336 -0.0042478 -0.0214221 -0.0025560 0.0075040 0.0001116 0.9999686
2479.824059 -0.1177524 -0.0060268 -0.0233456 -0.0525801 0.0092055 -0.0021070 0.9985721
2480.124030 -0.1161512 0.0064109 -0.0201351 -0.0725076 0.0099399 -0.0054645 0.9973034
2480.623982 -0.1152146 0.0062577 -0.0186988 -0.1085923 0.0148628 -0.0093330 0.9939315
2481.173929 -0.1152996 0.0064355 -0.0188055 -0.1139855 0.0161187 -0.0094851 0.9933063
2481.623885 -0.1161567 0.0065495 -0.0206473 -0.1131347 0.0141917 -0.0086202 0.9934409
