2444.927438 0.0000000 0.0000000 0.0000000 -0.0000000 -0.0000000 -0.0000000 1.0000000
2449.526993 -0.0152122 0.0021988 0.0023085 -0.0233386 -0.0199487 -0.0013314 0.9995277
2449.626983 -0.0162954 0.0022567 0.0026655 -0.0232938 -0.0223170 -0.0013424 0.9994786
2449.976949 -0.0204504 0.0023428 0.0024556 -0.0205300 -0.0281200 -0.0030211 0.9993892
2450.276920 -0.0248943 0.0014923 0.0025761 -0.0184303 -0.0353581 -0.0075740 0.9991761
2451.226828 -0.0412566 0.0017488 0.0031746 -0.0115753 -0.0601151 -0.0302390 0.9976662
2451.626790 -0.0495317 0.0023181 0.0029132 -0.0113265 -0.0709766 -0.0367933 0.9967349
2452.426712 -0.0601719 0.0025553 0.0021353 -0.0047719 -0.0898816 -0.0454308 0.9949043
2452.726683 -0.0690196 0.0035212 -0.0001671 -0.0033516 -0.1021710 -0.0482466 0.9935905
2452.826673 -0.0733025 0.0035369 -0.0020013 -0.0037685 -0.1112028 -0.0508235 0.9924902
2454.076552 -0.0902342 0.0062631 -0.0025576 -0.0087645 -0.1394604 -0.0754016 0.9873138
2454.776485 -0.1013346 0.0081311 -0.0041249 -0.0065422 -0.1528053 -0.0891763 0.9842029
2454.976465 -0.1009308 0.0080077 -0.0050110 -0.0086482 -0.1611471 -0.0917143 0.9826217
2456.326335 -0.1249030 0.0143288 -0.0092064 -0.0125483 -0.1855051 -0.1216917 0.9749982
2456.726296 -0.1313923 0.0163783 -0.0109736 -0.0144836 -0.1908693 -0.1319140 0.9726037
2457.076262 -0.1397648 0.0188810 -0.0138187 -0.0172376 -0.2012987 -0.1411094 0.9691594
2457.726199 -0.1547617 0.0236095 -0.0206841 -0.0164399 -0.2237007 -0.1595138 0.9613756
2457.976175 -0.1599878 0.0249325 -0.0234992 -0.0160847 -0.2301775 -0.1663190 0.9586958
2458.076165 -0.1602819 0.0251060 -0.0242248 -0.0156137 -0.2323207 -0.1666346 0.9581317
2458.476126 -0.1718412 0.0284086 -0.0315364 0.0041856 -0.2501436 -0.1769687 0.9518890
2458.626112 -0.1775321 0.0303187 -0.0341454 0.0107843 -0.2590171 -0.1787023 0.9491361
2458.980345 -0.1859422 0.0313725 -0.0422286 0.0339307 -0.2771211 -0.1827032 0.9426941
2459.136493 -0.1888899 0.0323459 -0.0445566 0.0463519 -0.2853543 -0.1827741 0.9396904
2459.187575 -0.1900981 0.0327480 -0.0456331 0.0511011 -0.2875716 -0.1832800 0.9386691
2459.438499 -0.1938968 0.0330803 -0.0481521 0.0693102 -0.2972732 -0.1817095 0.9347761
2459.947655 -0.2052779 0.0353793 -0.0573551 0.1039025 -0.3215764 -0.1832560 0.9231523
2460.751923 -0.2149514 0.0371509 -0.0664420 0.1413980 -0.3452947 -0.1784679 0.9104546
2462.451700 -0.2392678 0.0479351 -0.0892295 0.1964313 -0.3903237 -0.1739521 0.8824981
2464.048661 -0.2507601 0.0564501 -0.1045027 0.1953135 -0.4060349 -0.1757090 0.8752798
2465.875410 -0.2684229 0.0750519 -0.1292201 0.1787983 -0.4158601 -0.1879955 0.8716360
2466.075391 -0.2683861 0.0767440 -0.1316145 0.1681159 -0.4131890 -0.1934821 0.8738287
2466.175381 -0.2687832 0.0786785 -0.1321094 0.1614250 -0.4159783 -0.1961970 0.8731614
2466.275371 -0.2720858 0.0818754 -0.1355830 0.1537627 -0.4159935 -0.2001211 0.8736464
2466.375362 -0.2721167 0.0839862 -0.1365782 0.1462849 -0.4127000 -0.2048124 0.8754036
2466.475352 -0.2738079 0.0851261 -0.1356996 0.1380458 -0.4090341 -0.2095658 0.8773350
2468.225183 -0.2856589 0.1048478 -0.1473811 0.0672971 -0.3888270 -0.2492937 0.8843853
2469.325076 -0.2913027 0.1134718 -0.1554189 0.0396944 -0.3837614 -0.2637388 0.8840777
2469.525057 -0.2922969 0.1149272 -0.1566786 0.0347304 -0.3823376 -0.2663500 0.8841207
2469.625047 -0.2930349 0.1147570 -0.1572200 0.0333989 -0.3817112 -0.2665725 0.8843756
2469.925018 -0.2944822 0.1164966 -0.1591419 0.0278687 -0.3765245 -0.2699714 0.8857585
2470.787973 -0.2998344 0.1225389 -0.1670847 0.0219734 -0.3751774 -0.2727898 0.8856325
2471.502878 -0.3045717 0.1268913 -0.1733263 0.0242458 -0.3760267 -0.2714776 0.8856161
2471.804883 -0.3059338 0.1292763 -0.1757448 0.0183001 -0.3707693 -0.2748954 0.8869204
2472.356351 -0.3102851 0.1351755 -0.1814426 0.0084136 -0.3640474 -0.2806582 0.8880483
2472.755937 -0.3123169 0.1370830 -0.1845021 0.0065813 -0.3677675 -0.2807859 0.8864892
2473.504185 -0.3177169 0.1374106 -0.1931959 0.0397958 -0.3884784 -0.2628537 0.8822747
2474.252177 -0.3228269 0.1370618 -0.2016485 0.0853958 -0.4104642 -0.2392647 0.8757734
2474.997107 -0.3267512 0.1354963 -0.2091779 0.1259389 -0.4258567 -0.2182363 0.8689985
2475.145394 -0.3287980 0.1370267 -0.2111494 0.1331511 -0.4274718 -0.2144471 0.8680732
2475.438708 -0.3288370 0.1371462 -0.2140193 0.1448514 -0.4341222 -0.2079347 0.8644762
2475.735893 -0.3297176 0.1378098 -0.2172451 0.1539963 -0.4355038 -0.2028683 0.8634037
2476.924340 -0.3353138 0.1443739 -0.2260940 0.1449259 -0.4289763 -0.2064410 0.8673857
2477.374297 -0.3374443 0.1451819 -0.2278160 0.1508957 -0.4284089 -0.2035047 0.8673420
2477.574277 -0.3374158 0.1470671 -0.2291568 0.1472295 -0.4263982 -0.2054130 0.8685123
2477.924243 -0.3373781 0.1500835 -0.2325053 0.1295301 -0.4188609 -0.2149812 0.8726744
2478.474190 -0.3420039 0.1552555 -0.2340132 0.0940814 -0.4063804 -0.2338707 0.8782415
2478.824156 -0.3422528 0.1593777 -0.2361175 0.0679403 -0.3896393 -0.2485993 0.8841740
2479.574084 -0.3442695 0.1687361 -0.2333606 0.0083815 -0.3660306 -0.2810128 0.8871207
2479.824059 -0.3429771 0.1689933 -0.2331588 -0.0075844 -0.3591227 -0.2890028 0.8873842
2480.424001 -0.3404804 0.1732579 -0.2305413 -0.0446626 -0.3410695 -0.3085459 0.8868350
2480.773967 -0.3398011 0.1747374 -0.2307651 -0.0584478 -0.3344886 -0.3159817 0.8859215
2481.623885 -0.3402652 0.1743844 -0.2310464 -0.0594806 -0.3352872 -0.3159609 0.8855582
2481.773871 -0.3408377 0.1749028 -0.2307349 -0.0593755 -0.3368199 -0.3157485 0.8850592
