2469.725037 0.0000000 0.0000000 0.0000000 -0.0000000 -0.0000000 -0.0000000 1.0000000
2471.247509 -0.0196047 0.0000839 -0.0010598 -0.0081413 -0.0019327 0.0000438 0.9999650
2471.349495 -0.0204826 0.0008253 -0.0012061 -0.0074233 -0.0017741 -0.0000497 0.9999709
2472.055886 -0.0302868 0.0029122 -0.0009605 -0.0243626 0.0073456 -0.0014447 0.9996752
2472.155896 -0.0317304 0.0032006 -0.0008922 -0.0288897 0.0110115 -0.0019444 0.9995201
2472.356351 -0.0353708 0.0030988 -0.0014794 -0.0303149 0.0088284 -0.0021866 0.9994990
2472.755937 -0.0385621 0.0030425 -0.0015496 -0.0309580 0.0038778 -0.0017782 0.9995116
2472.955937 -0.0411112 0.0031703 -0.0020405 -0.0289082 0.0020284 -0.0017188 0.9995785
2473.355662 -0.0466168 0.0004530 -0.0030168 -0.0021011 -0.0043196 0.0003185 0.9999884
2473.504185 -0.0482737 -0.0013051 -0.0041393 0.0110356 -0.0062832 0.0010161 0.9999189
2474.202182 -0.0553853 -0.0055922 -0.0066128 0.0642807 -0.0135104 0.0037594 0.9978333
2475.095616 -0.0643563 -0.0101291 -0.0107109 0.1187738 -0.0192451 0.0054202 0.9927200
2475.145394 -0.0644049 -0.0095569 -0.0102009 0.1237346 -0.0202985 0.0060313 0.9920894
2476.029050 -0.0760504 -0.0123571 -0.0139575 0.1394013 -0.0230565 0.0070265 0.9899426
2476.374393 -0.0801846 -0.0107676 -0.0121927 0.1289444 -0.0175650 0.0068415 0.9914727
2476.674364 -0.0810547 -0.0105044 -0.0136768 0.1325513 -0.0175857 0.0080394 0.9909875
2476.824350 -0.0817002 -0.0095721 -0.0150932 0.1359177 -0.0188161 0.0084837 0.9905051
2476.924340 -0.0816247 -0.0095477 -0.0148125 0.1378312 -0.0185908 0.0088225 0.9902419
2477.224311 -0.0812636 -0.0089069 -0.0139068 0.1434045 -0.0188156 0.0093301 0.9894413
2477.524282 -0.0863981 -0.0103667 -0.0145164 0.1405794 -0.0147297 0.0089572 0.9899193
2478.574180 -0.1028650 -0.0063925 -0.0151643 0.0644627 -0.0055621 0.0045893 0.9978941
2479.924050 -0.1075267 0.0023365 -0.0169618 -0.0605808 0.0096170 -0.0042185 0.9981080
2480.424001 -0.1067846 0.0085097 -0.0132074 -0.0943087 0.0140122 -0.0076939 0.9954147
2481.523895 -0.1070766 0.0107583 -0.0131671 -0.1123646 0.0157812 -0.0093607 0.9934977
2481.723875 -0.1067147 0.0116149 -0.0137110 -0.1104541 0.0132274 -0.0095250 0.9937476
2481.773871 -0.1076464 0.0110611 -0.0127599 -0.1105026 0.0131217 -0.0086012 0.9937520
2481.923856 -0.1062721 0.0120135 -0.0137025 -0.1083811 0.0117993 -0.0085896 0.9940023
