2469.725037 0.0000000 0.0000000 0.0000000 -0.0000000 -0.0000000 -0.0000000 1.0000000
2471.349495 -0.0227701 0.0005479 -0.0025776 -0.0074508 -0.0015291 -0.0001603 0.9999711
2471.654562 -0.0263848 0.0012483 -0.0027729 -0.0130295 0.0043242 -0.0007326 0.9999055
2472.005891 -0.0317038 0.0016111 -0.0034025 -0.0231691 0.0063578 -0.0013316 0.9997105
2472.155896 -0.0344133 0.0025587 -0.0025200 -0.0291307 0.0110863 -0.0018983 0.9995123
2472.306356 -0.0376347 0.0026395 -0.0031664 -0.0299427 0.0092131 -0.0020811 0.9995070
2473.005933 -0.0467052 0.0019482 -0.0042609 -0.0271196 0.0011181 -0.0014886 0.9996305
2473.205498 -0.0501352 0.0019316 -0.0051713 -0.0197498 -0.0018181 -0.0010149 0.9998028
2473.852650 -0.0571284 -0.0050370 -0.0077950 0.0369535 -0.0085228 0.0023014 0.9992780
2474.102764 -0.0598598 -0.0076500 -0.0090989 0.0561693 -0.0109231 0.0032168 0.9983563
2474.202182 -0.0617260 -0.0082750 -0.0098543 0.0635699 -0.0128671 0.0037041 0.9978876
2475.095616 -0.0716072 -0.0148573 -0.0147201 0.1175489 -0.0185776 0.0056298 0.9928774
2475.145394 -0.0723861 -0.0142588 -0.0144746 0.1225336 -0.0194075 0.0059951 0.9922565
2476.574374 -0.0908639 -0.0140464 -0.0183361 0.1280835 -0.0149661 0.0076179 0.9916212
2476.624369 -0.0925058 -0.0143858 -0.0182523 0.1290083 -0.0151573 0.0075199 0.9914992
2476.674364 -0.0914534 -0.0148901 -0.0185624 0.1313950 -0.0163459 0.0079321 0.9911636
2477.024331 -0.0973918 -0.0171622 -0.0204499 0.1366585 -0.0158332 0.0081241 0.9904584
2477.274306 -0.0983164 -0.0165787 -0.0208099 0.1420388 -0.0151071 0.0087837 0.9897068
2477.524282 -0.1013905 -0.0161279 -0.0209523 0.1390608 -0.0123287 0.0083142 0.9901722
2477.574277 -0.1015400 -0.0158703 -0.0208770 0.1376365 -0.0126604 0.0082339 0.9903677
2478.724166 -0.1154367 -0.0084080 -0.0183314 0.0505396 0.0004282 0.0041934 0.9987132
2478.824156 -0.1170551 -0.0085344 -0.0204588 0.0406150 0.0032268 0.0033558 0.9991640
2479.724069 -0.1211369 0.0039615 -0.0154486 -0.0381894 0.0088451 -0.0026787 0.9992278
2480.523992 -0.1205900 0.0104749 -0.0160747 -0.1008154 0.0166265 -0.0086648 0.9947285
2480.573987 -0.1208934 0.0080889 -0.0180121 -0.1045546 0.0168047 -0.0091897 0.9943347
2480.623982 -0.1190643 0.0125925 -0.0150275 -0.1062388 0.0161372 -0.0092290 0.9941669
2481.223924 -0.1190760 0.0106450 -0.0150015 -0.1134727 0.0173254 -0.0092203 0.9933473
