2469.725037 0.0000000 0.0000000 0.0000000 -0.0000000 -0.0000000 -0.0000000 1.0000000
2471.604231 -0.0245702 0.0014434 -0.0030475 -0.0141558 0.0046122 -0.0006918 0.9998890
2471.704715 -0.0264621 0.0004897 -0.0033202 -0.0148722 0.0044632 -0.0008779 0.9998791
2472.106039 -0.0337723 0.0022971 -0.0031761 -0.0269425 0.0096348 -0.0018019 0.9995890
2472.206050 -0.0352988 0.0023643 -0.0033427 -0.0297481 0.0102990 -0.0020254 0.9995023
2472.855789 -0.0437126 0.0019191 -0.0048608 -0.0305763 0.0035515 -0.0019403 0.9995242
2473.005933 -0.0453229 0.0017345 -0.0048836 -0.0271396 0.0007527 -0.0015296 0.9996302
2473.355662 -0.0507971 -0.0017405 -0.0064352 -0.0028281 -0.0040235 0.0001206 0.9999879
2473.603958 -0.0537393 -0.0031175 -0.0076269 0.0192678 -0.0078253 0.0013056 0.9997829
2474.102764 -0.0591215 -0.0078173 -0.0098474 0.0561021 -0.0110502 0.0033288 0.9983584
2474.252177 -0.0612036 -0.0064721 -0.0102653 0.0667109 -0.0150937 0.0035735 0.9976518
2474.848030 -0.0670431 -0.0133021 -0.0149163 0.1082373 -0.0206630 0.0053385 0.9938960
2475.930244 -0.0809778 -0.0159317 -0.0190611 0.1441300 -0.0227596 0.0076686 0.9892673
2476.374393 -0.0865291 -0.0144058 -0.0185987 0.1281237 -0.0173881 0.0070471 0.9915807
2476.524379 -0.0877022 -0.0135495 -0.0188548 0.1253211 -0.0150328 0.0075097 0.9919739
2476.674364 -0.0896521 -0.0146414 -0.0194908 0.1314851 -0.0168140 0.0079822 0.9911434
2476.824350 -0.0911264 -0.0150042 -0.0205608 0.1344049 -0.0177324 0.0082002 0.9907339
2477.024331 -0.0949536 -0.0154884 -0.0202522 0.1370990 -0.0164666 0.0083355 0.9903854
2477.224311 -0.0952047 -0.0159518 -0.0198696 0.1412818 -0.0164331 0.0086002 0.9897957
2477.524282 -0.0992383 -0.0162586 -0.0201958 0.1389628 -0.0129657 0.0084096 0.9901770
2477.624272 -0.0990103 -0.0153000 -0.0212265 0.1358352 -0.0134486 0.0084328 0.9906043
2479.274113 -0.1184322 -0.0040878 -0.0177962 -0.0027491 0.0093473 -0.0005164 0.9999524
2479.574084 -0.1177336 -0.0020049 -0.0209388 -0.0310464 0.0075903 -0.0022005 0.9994867
2480.124030 -0.1163998 0.0000627 -0.0203699 -0.0750022 0.0105666 -0.0055328 0.9971120
2480.623982 -0.1149248 0.0027744 -0.0190837 -0.1097997 0.0149898 -0.0096957 0.9937934
2481.373909 -0.1159012 0.0013071 -0.0198116 -0.1165023 0.0163505 -0.0107999 0.9929971
2481.623885 -0.1163590 0.0011814 -0.0207719 -0.1148470 0.0146009 -0.0096137 0.9932294
