2469.725037 0.0000000 0.0000000 0.0000000 -0.0000000 -0.0000000 -0.0000000 1.0000000
2471.197514 -0.0204901 0.0008276 -0.0020901 -0.0082153 -0.0018570 -0.0004628 0.9999644
2471.349495 -0.0214536 0.0007397 -0.0022788 -0.0074044 -0.0016095 -0.0003352 0.9999713
2471.502878 -0.0231387 0.0005195 -0.0025880 -0.0094525 0.0017648 -0.0004581 0.9999537
2472.106039 -0.0320043 0.0019862 -0.0026734 -0.0271089 0.0094291 -0.0018086 0.9995864
2472.256203 -0.0345909 0.0021363 -0.0033440 -0.0312712 0.0099551 -0.0021401 0.9994591
2472.755937 -0.0399935 0.0022902 -0.0037779 -0.0311558 0.0039833 -0.0020409 0.9995046
2473.852650 -0.0522746 -0.0046126 -0.0074615 0.0370297 -0.0093413 0.0024532 0.9992675
2473.903416 -0.0529182 -0.0048161 -0.0077311 0.0397132 -0.0094269 0.0025478 0.9991634
2474.003090 -0.0541070 -0.0056728 -0.0084328 0.0487942 -0.0108354 0.0029073 0.9987459
2474.202182 -0.0568552 -0.0073672 -0.0096434 0.0637859 -0.0136358 0.0036979 0.9978636
2474.947112 -0.0639253 -0.0119563 -0.0128366 0.1140241 -0.0206779 0.0056284 0.9932469
2475.145394 -0.0657002 -0.0123001 -0.0141862 0.1230735 -0.0205284 0.0064462 0.9921643
2476.624369 -0.0843980 -0.0126864 -0.0165876 0.1293870 -0.0165172 0.0075644 0.9914278
2476.674364 -0.0848180 -0.0132966 -0.0178860 0.1318099 -0.0174608 0.0078776 0.9910899
2476.874345 -0.0887458 -0.0138410 -0.0186647 0.1355438 -0.0174279 0.0082591 0.9905837
2477.024331 -0.0891913 -0.0141139 -0.0181274 0.1374697 -0.0174205 0.0083500 0.9903176
2477.524282 -0.0930527 -0.0144192 -0.0190580 0.1394742 -0.0138279 0.0088165 0.9900899
2477.574277 -0.0941544 -0.0143135 -0.0198789 0.1379926 -0.0138339 0.0085114 0.9903001
2478.824156 -0.1113729 -0.0054747 -0.0168359 0.0413006 0.0027567 0.0036538 0.9991363
2479.724069 -0.1135973 0.0028822 -0.0177269 -0.0383388 0.0078562 -0.0030791 0.9992292
2479.824059 -0.1135688 0.0027023 -0.0212201 -0.0489160 0.0090382 -0.0037212 0.9987551
2481.073938 -0.1126381 0.0094028 -0.0158628 -0.1121006 0.0168719 -0.0112454 0.9934900
2481.323914 -0.1119728 0.0123179 -0.0126535 -0.1125442 0.0162283 -0.0107803 0.9934557
2481.773871 -0.1157196 0.0081051 -0.0175167 -0.1115120 0.0143903 -0.0101667 0.9936069
