2469.725037 0.0000000 0.0000000 0.0000000 -0.0000000 -0.0000000 -0.0000000 1.0000000
2471.349495 -0.0208559 0.0009727 -0.0013331 -0.0073516 -0.0016939 -0.0002849 0.9999715
2471.502878 -0.0223937 0.0013440 -0.0010677 -0.0091623 0.0016696 -0.0004172 0.9999565
2471.804883 -0.0258764 0.0020715 -0.0016135 -0.0171988 0.0050426 -0.0009389 0.9998389
2472.106039 -0.0302871 0.0031559 -0.0013257 -0.0266560 0.0089948 -0.0015572 0.9996030
2472.706080 -0.0382148 0.0034148 -0.0024920 -0.0298135 0.0037641 -0.0019850 0.9995465
2473.005933 -0.0415794 0.0028513 -0.0026221 -0.0267730 0.0003468 -0.0015290 0.9996403
2473.355662 -0.0463444 0.0002052 -0.0038121 -0.0021997 -0.0045888 0.0002206 0.9999871
2473.603958 -0.0490973 -0.0013496 -0.0049060 0.0197574 -0.0084072 0.0013999 0.9997685
2474.053085 -0.0524915 -0.0050921 -0.0072364 0.0507771 -0.0107866 0.0030846 0.9986470
2474.798430 -0.0607978 -0.0086772 -0.0113225 0.1062249 -0.0210344 0.0049290 0.9941074
2475.145394 -0.0632230 -0.0123926 -0.0120309 0.1227933 -0.0210257 0.0061820 0.9921903
2476.524379 -0.0794555 -0.0105356 -0.0145244 0.1261223 -0.0162457 0.0074210 0.9918540
2476.624369 -0.0811083 -0.0115166 -0.0144077 0.1297041 -0.0171754 0.0075465 0.9913753
2476.724360 -0.0810038 -0.0108773 -0.0154857 0.1328908 -0.0185314 0.0078880 0.9909260
2476.824350 -0.0835096 -0.0120523 -0.0161486 0.1351155 -0.0187146 0.0080673 0.9906203
2477.074326 -0.0861116 -0.0118478 -0.0160534 0.1388143 -0.0174929 0.0082639 0.9901294
2477.524282 -0.0904065 -0.0134302 -0.0171756 0.1396585 -0.0141507 0.0082297 0.9900644
2477.624272 -0.0911719 -0.0128592 -0.0172798 0.1364373 -0.0145360 0.0080608 0.9905093
2478.174219 -0.0977934 -0.0095841 -0.0164392 0.0996667 -0.0108555 0.0063409 0.9949415
2480.124030 -0.1060523 0.0090736 -0.0118439 -0.0712676 0.0088953 -0.0063168 0.9973975
2480.324011 -0.1061308 0.0101543 -0.0104391 -0.0872265 0.0116102 -0.0083198 0.9960861
2480.623982 -0.1069772 0.0122200 -0.0105097 -0.1061385 0.0144221 -0.0109141 0.9941869
2481.473900 -0.1052098 0.0112767 -0.0119290 -0.1124385 0.0146794 -0.0115632 0.9934829
