2469.675042 0.0000000 0.0000000 0.0000000 -0.0000000 -0.0000000 -0.0000000 1.0000000
2471.553643 -0.0208254 0.0003524 -0.0022700 -0.0134280 0.0051332 -0.0009064 0.9998963
2471.654562 -0.0211152 0.0003813 -0.0021677 -0.0144875 0.0047569 -0.0007737 0.9998835
2471.704715 -0.0221207 0.0008956 -0.0022071 -0.0157660 0.0052839 -0.0011255 0.9998611
2472.505783 -0.0327067 0.0019287 -0.0027364 -0.0319727 0.0084854 -0.0024905 0.9994496
2472.805794 -0.0356046 0.0018265 -0.0033658 -0.0327224 0.0051502 -0.0023881 0.9994484
2473.255651 -0.0406201 0.0001334 -0.0043413 -0.0160202 -0.0017091 -0.0009484 0.9998698
2473.355662 -0.0410655 -0.0007709 -0.0044967 -0.0036875 -0.0033029 -0.0001257 0.9999878
2473.454862 -0.0421738 -0.0014946 -0.0050824 0.0054322 -0.0039589 0.0003739 0.9999774
2473.852650 -0.0448268 -0.0039442 -0.0061237 0.0358084 -0.0081793 0.0021502 0.9993229
2474.102764 -0.0477149 -0.0060829 -0.0074567 0.0549823 -0.0102587 0.0030059 0.9984301
2474.152601 -0.0483023 -0.0059692 -0.0077364 0.0568701 -0.0107223 0.0031547 0.9983190
2475.145394 -0.0564395 -0.0108392 -0.0118622 0.1215755 -0.0191847 0.0060103 0.9923786
2475.930244 -0.0663346 -0.0125103 -0.0145810 0.1429416 -0.0214075 0.0071927 0.9894735
2476.674364 -0.0715511 -0.0118030 -0.0150556 0.1301898 -0.0160958 0.0077412 0.9913282
2476.824350 -0.0728470 -0.0121697 -0.0162781 0.1330339 -0.0170070 0.0082257 0.9909315
2476.924340 -0.0740878 -0.0126328 -0.0160785 0.1347243 -0.0163082 0.0084698 0.9907127
2477.024331 -0.0746907 -0.0123044 -0.0165114 0.1358752 -0.0161592 0.0083213 0.9905592
2477.574277 -0.0776260 -0.0115756 -0.0163286 0.1367188 -0.0130579 0.0084860 0.9904875
2477.824253 -0.0792089 -0.0118124 -0.0165355 0.1198914 -0.0106513 0.0077898 0.9926993
2478.974142 -0.0921949 -0.0055052 -0.0172969 0.0255477 0.0069500 0.0018103 0.9996479
2479.524088 -0.0938761 -0.0034467 -0.0181291 -0.0265032 0.0081062 -0.0022455 0.9996133
2480.074035 -0.0930165 0.0039347 -0.0155607 -0.0706675 0.0112244 -0.0063726 0.9974164
2480.124030 -0.0932360 0.0042863 -0.0161489 -0.0737851 0.0112787 -0.0053863 0.9971958
2480.224021 -0.0937078 0.0027183 -0.0158803 -0.0837651 0.0127627 -0.0067420 0.9963810
2481.623885 -0.0938823 0.0075416 -0.0151119 -0.1129054 0.0160550 -0.0102047 0.9934236
