2469.725037 0.0000000 0.0000000 0.0000000 -0.0000000 -0.0000000 -0.0000000 1.0000000
2471.247509 -0.0022884 0.0018100 0.0037225 -0.0080655 -0.0092447 0.0033326 0.9999192
2471.654562 -0.0116109 0.0016753 0.0010228 -0.0132543 -0.0008701 0.0012712 0.9999110
2471.955580 -0.0137741 0.0021994 0.0012016 -0.0231736 0.0001331 0.0010766 0.9997309
2472.106039 -0.0164974 0.0023645 0.0011037 -0.0273655 0.0036794 0.0005724 0.9996186
2472.206050 -0.0176503 0.0024344 0.0010636 -0.0301748 0.0042899 0.0002833 0.9995354
2472.706080 -0.0228422 0.0024851 -0.0000372 -0.0305652 -0.0020020 0.0003014 0.9995307
2473.255651 -0.0290372 0.0005484 -0.0011062 -0.0152085 -0.0091262 0.0019608 0.9998408
2473.355662 -0.0291818 0.0003445 -0.0015444 -0.0024800 -0.0107808 0.0028213 0.9999349
2473.653795 -0.0329240 -0.0022959 -0.0031894 0.0244146 -0.0145612 0.0041702 0.9995872
2474.102764 -0.0360436 -0.0054756 -0.0048700 0.0561723 -0.0177826 0.0062556 0.9982432
2474.202182 -0.0365754 -0.0057014 -0.0054442 0.0638324 -0.0201492 0.0067803 0.9977342
2475.783953 -0.0508670 -0.0119544 -0.0124867 0.1453270 -0.0283325 0.0108231 0.9889187
2476.374393 -0.0572516 -0.0114876 -0.0128350 0.1282092 -0.0248521 0.0107588 0.9913774
2476.524379 -0.0591540 -0.0107961 -0.0137023 0.1253634 -0.0221320 0.0110478 0.9918025
2476.624369 -0.0614121 -0.0108063 -0.0133311 0.1293331 -0.0227390 0.0110734 0.9912786
2476.824350 -0.0654281 -0.0117123 -0.0147690 0.1346069 -0.0236263 0.0113601 0.9905522
2476.924340 -0.0655670 -0.0115213 -0.0147130 0.1365963 -0.0234444 0.0115391 0.9902822
2477.574277 -0.0690642 -0.0107499 -0.0156016 0.1384479 -0.0205058 0.0112146 0.9900939
2477.624272 -0.0691681 -0.0107855 -0.0156416 0.1365848 -0.0205418 0.0117705 0.9903455
2477.674268 -0.0690914 -0.0110859 -0.0154972 0.1330908 -0.0200455 0.0120882 0.9908274
2480.124030 -0.0828880 0.0049666 -0.0144295 -0.0728824 0.0021906 -0.0032498 0.9973329
2480.523992 -0.0833698 0.0048340 -0.0133915 -0.1029291 0.0073340 -0.0073739 0.9946343
2481.123934 -0.0835635 0.0050623 -0.0133928 -0.1134664 0.0087689 -0.0089572 0.9934628
2481.623885 -0.0835536 0.0052416 -0.0135998 -0.1134796 0.0065043 -0.0091419 0.9934770
