2469.725037 0.0000000 0.0000000 0.0000000 -0.0000000 -0.0000000 -0.0000000 1.0000000
2471.349495 -0.0229840 0.0011022 -0.0021344 -0.0072158 -0.0014123 -0.0002418 0.9999729
2471.451994 -0.0237336 0.0010520 -0.0020882 -0.0082801 0.0008310 -0.0003278 0.9999653
2471.854879 -0.0292154 0.0019605 -0.0029135 -0.0200151 0.0063030 -0.0011215 0.9997792
2472.106039 -0.0341538 0.0024882 -0.0027265 -0.0268232 0.0097874 -0.0017935 0.9995907
2472.155896 -0.0345162 0.0027053 -0.0022590 -0.0290472 0.0112041 -0.0020756 0.9995131
2472.656085 -0.0416340 0.0028962 -0.0034436 -0.0304417 0.0055346 -0.0019051 0.9995194
2473.005933 -0.0457918 0.0026566 -0.0038267 -0.0267818 0.0009287 -0.0014477 0.9996399
2473.653795 -0.0546059 -0.0025702 -0.0064281 0.0249638 -0.0081352 0.0013667 0.9996544
2473.953411 -0.0567717 -0.0047959 -0.0075527 0.0438911 -0.0094193 0.0025467 0.9989887
2474.152601 -0.0601002 -0.0068515 -0.0087436 0.0583522 -0.0114281 0.0032380 0.9982254
2474.897828 -0.0664327 -0.0105261 -0.0118092 0.1093550 -0.0205859 0.0051205 0.9937764
2475.438708 -0.0850598 -0.0152187 -0.0151155 0.1371388 -0.0201086 0.0048424 0.9903359
2475.881415 -0.0819829 -0.0139314 -0.0153974 0.1457243 -0.0207521 0.0069215 0.9890834
2476.624369 -0.0882536 -0.0128525 -0.0159210 0.1295910 -0.0163416 0.0074775 0.9914047
2476.774355 -0.0915325 -0.0133960 -0.0163788 0.1338947 -0.0180717 0.0076832 0.9908010
2476.974335 -0.0949352 -0.0147925 -0.0163102 0.1366025 -0.0167229 0.0078254 0.9904539
2477.424292 -0.0854381 -0.0132548 -0.0171373 0.1434293 -0.0173849 0.0101891 0.9894554
2477.574277 -0.0957855 -0.0134975 -0.0177720 0.1384026 -0.0143085 0.0085746 0.9902356
2477.624272 -0.0938214 -0.0123442 -0.0187122 0.1368993 -0.0150458 0.0091061 0.9904289
2480.074035 -0.1138121 0.0060223 -0.0144216 -0.0692507 0.0092521 -0.0049204 0.9975443
2480.174026 -0.1163707 0.0085282 -0.0132849 -0.0769541 0.0114978 -0.0061642 0.9969493
2480.424001 -0.1153667 0.0106825 -0.0127215 -0.0937710 0.0142795 -0.0076891 0.9954617
2481.473900 -0.1134188 0.0108967 -0.0142135 -0.1127523 0.0157037 -0.0097939 0.9934508
2481.773871 -0.1148788 0.0121048 -0.0132930 -0.1104291 0.0125618 -0.0081792 0.9937710
