2469.725037 0.0000000 0.0000000 0.0000000 -0.0000000 -0.0000000 -0.0000000 1.0000000
2471.349495 -0.0223010 0.0003892 -0.0025352 -0.0075328 -0.0015932 -0.0002054 0.9999703
2471.451994 -0.0231983 0.0008474 -0.0021940 -0.0083999 0.0006902 -0.0003306 0.9999644
2471.502878 -0.0239658 0.0008490 -0.0023992 -0.0092767 0.0017828 -0.0004147 0.9999553
2472.106039 -0.0331970 0.0020003 -0.0030997 -0.0270538 0.0094721 -0.0017649 0.9995875
2472.155896 -0.0339249 0.0019084 -0.0031185 -0.0293253 0.0110503 -0.0020697 0.9995067
2472.256203 -0.0359815 0.0018376 -0.0038823 -0.0313658 0.0100168 -0.0020575 0.9994557
2472.755937 -0.0418957 0.0020837 -0.0041207 -0.0312231 0.0042387 -0.0019547 0.9995016
2473.653795 -0.0538485 -0.0038287 -0.0076919 0.0244340 -0.0082974 0.0014404 0.9996660
2473.953411 -0.0556469 -0.0060381 -0.0091119 0.0433189 -0.0096429 0.0028165 0.9990108
2474.102764 -0.0571014 -0.0073924 -0.0097347 0.0562762 -0.0115833 0.0035261 0.9983419
2475.145394 -0.0686364 -0.0135929 -0.0159371 0.1227248 -0.0203462 0.0065124 0.9922108
2476.029050 -0.0822239 -0.0157266 -0.0200783 0.1386872 -0.0227033 0.0072678 0.9900493
2476.524379 -0.0857288 -0.0134531 -0.0193298 0.1253841 -0.0155183 0.0077454 0.9919567
2476.674364 -0.0877883 -0.0152834 -0.0198193 0.1312919 -0.0173307 0.0082213 0.9911582
2476.824350 -0.0892563 -0.0150371 -0.0210223 0.1344509 -0.0182637 0.0084359 0.9907160
2476.924340 -0.0900085 -0.0150071 -0.0214774 0.1363701 -0.0178294 0.0087247 0.9904591
2477.024331 -0.0919595 -0.0151321 -0.0211849 0.1372882 -0.0173775 0.0084611 0.9903426
2477.574277 -0.0963707 -0.0145317 -0.0215170 0.1379689 -0.0141361 0.0083825 0.9903002
2477.824253 -0.0964598 -0.0145542 -0.0216069 0.1214186 -0.0123926 0.0077786 0.9924936
2479.524088 -0.1182547 -0.0005060 -0.0231976 -0.0241523 0.0073042 -0.0020950 0.9996794
2479.624079 -0.1165896 0.0027046 -0.0175814 -0.0330354 0.0069969 -0.0030840 0.9994249
2479.824059 -0.1159647 0.0040053 -0.0219027 -0.0482590 0.0085798 -0.0038579 0.9987906
2480.024040 -0.1171657 0.0053517 -0.0190305 -0.0662786 0.0104464 -0.0059898 0.9977285
2480.124030 -0.1152910 0.0073514 -0.0202540 -0.0720267 0.0097580 -0.0058979 0.9973376
2480.923953 -0.1163000 0.0100074 -0.0172937 -0.1128235 0.0159995 -0.0106297 0.9934294
2481.123934 -0.1154741 0.0078686 -0.0183225 -0.1125136 0.0165305 -0.0105055 0.9934571
