2444.927438 0.0000000 0.0000000 0.0000000 -0.0000000 -0.0000000 -0.0000000 1.0000000
2449.526993 -0.0151502 0.0022897 0.0023413 -0.0233349 -0.0199720 -0.0011747 0.9995275
2449.576988 -0.0160061 0.0022685 0.0025733 -0.0227067 -0.0210191 -0.0013030 0.9995204
2449.776969 -0.0178254 0.0022026 0.0022180 -0.0222944 -0.0246727 -0.0016927 0.9994456
2449.976949 -0.0205942 0.0021885 0.0024058 -0.0205964 -0.0280898 -0.0030094 0.9993887
2451.526799 -0.0475553 0.0013672 0.0020546 -0.0102975 -0.0672990 -0.0350834 0.9970627
2451.626790 -0.0491278 0.0018227 0.0025824 -0.0114842 -0.0713020 -0.0367255 0.9967123
2452.426712 -0.0598775 0.0022236 0.0016770 -0.0049074 -0.0901337 -0.0452624 0.9948885
2452.676688 -0.0662764 0.0015207 -0.0005569 -0.0029862 -0.0990668 -0.0479760 0.9939191
2452.726683 -0.0688023 0.0029070 -0.0007887 -0.0035991 -0.1024779 -0.0481906 0.9935608
2452.826673 -0.0731729 0.0035389 -0.0022421 -0.0037800 -0.1115658 -0.0507950 0.9924508
2454.426519 -0.0943448 0.0064985 -0.0040043 -0.0083291 -0.1469271 -0.0809831 0.9857915
2455.776388 -0.1192036 0.0124000 -0.0088289 -0.0113167 -0.1793128 -0.1111618 0.9774262
2456.176349 -0.1231876 0.0134684 -0.0095047 -0.0117751 -0.1848691 -0.1188164 0.9754832
2456.776291 -0.1323910 0.0166496 -0.0115493 -0.0158683 -0.1931317 -0.1322074 0.9720954
2457.126257 -0.1411531 0.0190668 -0.0143517 -0.0163480 -0.2026625 -0.1429513 0.9686204
2457.576214 -0.1509925 0.0224235 -0.0184931 -0.0165929 -0.2195248 -0.1545365 0.9631469
2457.926180 -0.1612987 0.0252031 -0.0247745 -0.0155464 -0.2296249 -0.1661007 0.9588750
2458.126160 -0.1608373 0.0248101 -0.0263546 -0.0138682 -0.2338704 -0.1678912 0.9575619
2458.176155 -0.1607328 0.0245347 -0.0265010 -0.0114395 -0.2356119 -0.1699620 0.9568015
2458.326141 -0.1659556 0.0266801 -0.0290996 -0.0080656 -0.2401515 -0.1724809 0.9552552
2458.376136 -0.1676026 0.0283751 -0.0325072 -0.0022994 -0.2424341 -0.1750803 0.9542365
2458.476126 -0.1720586 0.0292151 -0.0338019 0.0048006 -0.2505638 -0.1768998 0.9517884
2458.728235 -0.1799766 0.0306361 -0.0389303 0.0180282 -0.2661510 -0.1794904 0.9469012
2458.780107 -0.1809141 0.0308519 -0.0401100 0.0202096 -0.2683959 -0.1804054 0.9460493
2459.084542 -0.1885943 0.0325538 -0.0453356 0.0425582 -0.2835830 -0.1822338 0.9405107
2459.287288 -0.1918622 0.0326420 -0.0489006 0.0599539 -0.2932731 -0.1821045 0.9366080
2459.337284 -0.1927258 0.0329628 -0.0497794 0.0629482 -0.2949163 -0.1818710 0.9359406
2460.449424 -0.2119033 0.0361202 -0.0652122 0.1282455 -0.3369060 -0.1810625 0.9150212
2461.552142 -0.2306520 0.0453686 -0.0828333 0.1654961 -0.3716372 -0.1839081 0.8948042
2462.401704 -0.2471093 0.0514821 -0.0948972 0.1962812 -0.3879526 -0.1750553 0.8833585
2462.951493 -0.2460817 0.0529262 -0.0965064 0.1934927 -0.3962902 -0.1759809 0.8800827
2463.701124 -0.2470941 0.0542822 -0.0987797 0.1938215 -0.4055153 -0.1746238 0.8760691
2464.840623 -0.2599456 0.0688373 -0.1189605 0.2019201 -0.4178296 -0.1726196 0.8688205
2465.232505 -0.2716311 0.0755728 -0.1302522 0.2031520 -0.4229883 -0.1750639 0.8655419
2465.825415 -0.2719266 0.0750017 -0.1298845 0.1805316 -0.4175836 -0.1864417 0.8707880
2465.925405 -0.2719337 0.0750687 -0.1300631 0.1761681 -0.4154220 -0.1884966 0.8722720
2466.475352 -0.2678273 0.0804022 -0.1350929 0.1367912 -0.4120168 -0.2076738 0.8765854
2466.675333 -0.2736722 0.0867533 -0.1358525 0.1211173 -0.4023708 -0.2179836 0.8808584
2468.275178 -0.2863872 0.1053659 -0.1499625 0.0651824 -0.3898238 -0.2499380 0.8839229
2468.775129 -0.2882885 0.1089215 -0.1535371 0.0533219 -0.3851281 -0.2562957 0.8849552
2469.175091 -0.2904443 0.1120931 -0.1555024 0.0432212 -0.3843091 -0.2613438 0.8843856
2469.525057 -0.2927698 0.1151117 -0.1589307 0.0346417 -0.3834030 -0.2658488 0.8838137
2469.725037 -0.2957123 0.1168298 -0.1603703 0.0320265 -0.3809741 -0.2673939 0.8844962
2470.686165 -0.3012661 0.1243249 -0.1678066 0.0228145 -0.3749903 -0.2722631 0.8858525
2471.247509 -0.3056758 0.1279063 -0.1740322 0.0250512 -0.3803686 -0.2705205 0.8840310
2471.854879 -0.3085899 0.1321367 -0.1788260 0.0165812 -0.3699003 -0.2756864 0.8870715
2472.805794 -0.3149580 0.1397820 -0.1874669 0.0066609 -0.3686315 -0.2808608 0.8861059
2473.005933 -0.3161362 0.1403528 -0.1894207 0.0094852 -0.3727632 -0.2787322 0.8850232
2473.355662 -0.3193750 0.1404064 -0.1935709 0.0292556 -0.3839220 -0.2681893 0.8830756
2473.752897 -0.3213722 0.1392255 -0.1974586 0.0548856 -0.3961952 -0.2546625 0.8804340
2474.252177 -0.3253070 0.1390419 -0.2046868 0.0856570 -0.4112709 -0.2390614 0.8754249
2476.624369 -0.3358539 0.1446457 -0.2286032 0.1391112 -0.4270502 -0.2096927 0.8685074
2476.824350 -0.3360724 0.1454658 -0.2306978 0.1433854 -0.4297269 -0.2068881 0.8671636
2477.374297 -0.3395250 0.1474040 -0.2339830 0.1513592 -0.4287617 -0.2031370 0.8671731
2477.524282 -0.3397193 0.1465580 -0.2340050 0.1482310 -0.4271257 -0.2042482 0.8682591
2477.674268 -0.3388504 0.1475639 -0.2349429 0.1427149 -0.4254212 -0.2069680 0.8693753
2477.974239 -0.3395054 0.1512014 -0.2353369 0.1258100 -0.4194468 -0.2156507 0.8727720
2478.224214 -0.3408936 0.1535219 -0.2376081 0.1117097 -0.4145184 -0.2237933 0.8749925
2479.174122 -0.3447064 0.1629943 -0.2375740 0.0403040 -0.3784919 -0.2624145 0.8867120
2479.524088 -0.3445065 0.1673293 -0.2381514 0.0131035 -0.3691483 -0.2773696 0.8869182
2480.074035 -0.3427871 0.1713562 -0.2363017 -0.0249314 -0.3532510 -0.2973266 0.8866730
2480.473997 -0.3416016 0.1741617 -0.2350651 -0.0470568 -0.3410349 -0.3092472 0.8864802
2480.823963 -0.3403545 0.1742867 -0.2346928 -0.0603774 -0.3349848 -0.3166071 0.8853812
2481.823866 -0.3393899 0.1737552 -0.2346685 -0.0595827 -0.3392346 -0.3149014 0.8844247
