2444.927438 0.0000000 0.0000000 0.0000000 -0.0000000 -0.0000000 -0.0000000 1.0000000
2449.526993 -0.0147974 0.0019472 0.0018565 -0.0234303 -0.0199192 -0.0013629 0.9995261
2449.626983 -0.0156498 0.0020688 0.0022287 -0.0233277 -0.0224192 -0.0014061 0.9994755
2449.976949 -0.0200781 0.0021496 0.0020532 -0.0205727 -0.0280628 -0.0031766 0.9993894
2450.326915 -0.0241350 0.0012456 0.0020481 -0.0179959 -0.0370416 -0.0091385 0.9991099
2450.476901 -0.0271081 0.0012771 0.0022791 -0.0166798 -0.0421139 -0.0133741 0.9988840
2450.676882 -0.0304137 0.0008482 0.0021639 -0.0139556 -0.0466749 -0.0187250 0.9986371
2451.326819 -0.0415020 0.0014351 0.0023084 -0.0113982 -0.0627573 -0.0322561 0.9974423
2452.426712 -0.0584393 0.0018522 0.0013665 -0.0050660 -0.0900132 -0.0456797 0.9948795
2452.726683 -0.0664344 0.0026763 -0.0006286 -0.0036449 -0.1025555 -0.0485939 0.9935330
2452.826673 -0.0710327 0.0030837 -0.0028116 -0.0039151 -0.1114134 -0.0511015 0.9924517
2454.226538 -0.0893135 0.0059570 -0.0039405 -0.0093877 -0.1423931 -0.0775104 0.9867260
2455.776388 -0.1151193 0.0115061 -0.0091776 -0.0116228 -0.1793666 -0.1113532 0.9773909
2456.326335 -0.1203566 0.0128202 -0.0102883 -0.0130212 -0.1862248 -0.1217824 0.9748435
2456.826286 -0.1289284 0.0157522 -0.0125316 -0.0162449 -0.1948308 -0.1342006 0.9714769
2457.576214 -0.1460286 0.0207692 -0.0194151 -0.0170639 -0.2195072 -0.1550122 0.9630663
2457.876184 -0.1521191 0.0221624 -0.0237787 -0.0168788 -0.2292826 -0.1644677 0.9592158
2458.176155 -0.1581794 0.0239087 -0.0261089 -0.0113793 -0.2347218 -0.1707049 0.9568887
2458.276146 -0.1578480 0.0227099 -0.0271277 -0.0106877 -0.2384953 -0.1715301 0.9558155
2458.376136 -0.1616354 0.0252292 -0.0285276 -0.0035745 -0.2436936 -0.1744219 0.9540324
2458.476126 -0.1667766 0.0265731 -0.0329014 0.0039671 -0.2507012 -0.1769227 0.9517519
2458.676502 -0.1728955 0.0281441 -0.0361228 0.0162161 -0.2642211 -0.1793428 0.9475023
2459.136493 -0.1825941 0.0293758 -0.0449269 0.0456731 -0.2866746 -0.1824651 0.9393818
2459.187575 -0.1834821 0.0301375 -0.0459914 0.0505906 -0.2889367 -0.1828275 0.9383658
2459.337284 -0.1857441 0.0301818 -0.0472792 0.0622513 -0.2957870 -0.1815788 0.9357692
2459.796524 -0.1955866 0.0323368 -0.0552616 0.0919664 -0.3162650 -0.1836061 0.9261790
2459.947655 -0.1986034 0.0322826 -0.0574305 0.1031969 -0.3229130 -0.1825799 0.9228988
2460.147715 -0.2007681 0.0321864 -0.0593312 0.1160396 -0.3313128 -0.1806134 0.9187739
2461.102502 -0.2140040 0.0370304 -0.0732386 0.1536238 -0.3583037 -0.1789880 0.9033170
2463.051681 -0.2394886 0.0503185 -0.0961198 0.1926623 -0.3975463 -0.1759188 0.8797106
2463.351316 -0.2400135 0.0510686 -0.0977354 0.1929027 -0.4000783 -0.1752688 0.8786391
2463.950073 -0.2379316 0.0528190 -0.0991387 0.1941433 -0.4086488 -0.1737440 0.8747157
2465.725424 -0.2590778 0.0713359 -0.1270997 0.1839071 -0.4204572 -0.1839492 0.8692276
2465.925405 -0.2619936 0.0729365 -0.1298514 0.1760743 -0.4155861 -0.1883256 0.8722497
2465.975400 -0.2621744 0.0725807 -0.1295852 0.1726235 -0.4144361 -0.1897645 0.8731743
2466.475352 -0.2585062 0.0773632 -0.1343337 0.1363067 -0.4123108 -0.2071218 0.8766532
2466.625337 -0.2635613 0.0803722 -0.1352822 0.1234957 -0.4048778 -0.2156021 0.8799651
2469.075100 -0.2784231 0.1046691 -0.1522312 0.0432375 -0.3829248 -0.2607227 0.8851683
2469.375071 -0.2816212 0.1080692 -0.1558012 0.0371823 -0.3855160 -0.2635675 0.8834744
2469.625047 -0.2837363 0.1098818 -0.1568180 0.0326147 -0.3837422 -0.2659973 0.8836989
2470.025008 -0.2857301 0.1132016 -0.1593104 0.0262678 -0.3791944 -0.2698643 0.8847005
2470.787973 -0.2908306 0.1179738 -0.1666770 0.0213860 -0.3771122 -0.2722749 0.8849833
2470.891756 -0.2912791 0.1187139 -0.1682028 0.0214253 -0.3794735 -0.2720743 0.8840342
2472.656085 -0.3022149 0.1310156 -0.1838241 0.0064324 -0.3689268 -0.2803865 0.8861349
2472.955937 -0.3038559 0.1323192 -0.1863569 0.0067492 -0.3720241 -0.2798046 0.8850209
2473.305508 -0.3066700 0.1328041 -0.1905484 0.0223055 -0.3824376 -0.2713214 0.8829659
2473.454862 -0.3077108 0.1320380 -0.1926452 0.0356497 -0.3882663 -0.2642671 0.8821232
2474.749304 -0.3152909 0.1309228 -0.2064874 0.1146473 -0.4259555 -0.2230710 0.8692855
2474.997107 -0.3153820 0.1299533 -0.2085752 0.1250869 -0.4282178 -0.2172443 0.8682095
2475.145394 -0.3151047 0.1300142 -0.2105380 0.1320671 -0.4303932 -0.2131551 0.8671130
2476.924340 -0.3243869 0.1388517 -0.2276558 0.1438631 -0.4308940 -0.2055669 0.8668195
2477.174316 -0.3259885 0.1394473 -0.2280030 0.1474771 -0.4312300 -0.2038727 0.8664451
2477.574277 -0.3255096 0.1402616 -0.2293921 0.1459021 -0.4286448 -0.2039922 0.8679651
2477.974239 -0.3272024 0.1446051 -0.2338675 0.1248729 -0.4203309 -0.2155468 0.8725070
2478.274210 -0.3294065 0.1485074 -0.2347890 0.1074962 -0.4135379 -0.2255028 0.8755453
2478.574180 -0.3309744 0.1494185 -0.2356991 0.0835813 -0.4044348 -0.2373610 0.8792647
2478.824156 -0.3306541 0.1525564 -0.2368930 0.0666496 -0.3920408 -0.2475524 0.8835042
2479.174122 -0.3323703 0.1555223 -0.2355420 0.0389803 -0.3793634 -0.2627822 0.8862898
2479.824059 -0.3303118 0.1608318 -0.2382366 -0.0092722 -0.3611194 -0.2885658 0.8866999
2480.124030 -0.3291401 0.1630535 -0.2345293 -0.0292192 -0.3535227 -0.2985079 0.8860368
2480.374006 -0.3289027 0.1633122 -0.2341978 -0.0432805 -0.3457304 -0.3063728 0.8858516
2480.473997 -0.3290673 0.1643860 -0.2344174 -0.0489775 -0.3420508 -0.3096627 0.8858395
2480.723972 -0.3286874 0.1646010 -0.2350635 -0.0603418 -0.3366193 -0.3159906 0.8849838
