2444.927438 0.0000000 0.0000000 0.0000000 -0.0000000 -0.0000000 -0.0000000 1.0000000
2449.526993 -0.0148160 0.0022799 0.0022890 -0.0232861 -0.0199023 -0.0012988 0.9995299
2449.576988 -0.0152631 0.0019962 0.0023989 -0.0228514 -0.0210935 -0.0014689 0.9995152
2449.726974 -0.0168199 0.0018220 0.0021965 -0.0231738 -0.0237303 -0.0015771 0.9994485
2450.026944 -0.0207630 0.0017358 0.0024939 -0.0199322 -0.0289734 -0.0040196 0.9993734
2450.576891 -0.0290597 0.0013901 0.0026870 -0.0158348 -0.0444557 -0.0151804 0.9987705
2451.526799 -0.0462660 0.0015527 0.0022163 -0.0102472 -0.0671140 -0.0354062 0.9970642
2451.576794 -0.0467593 0.0013602 0.0021831 -0.0109305 -0.0692763 -0.0359808 0.9968885
2452.076746 -0.0539654 0.0018310 0.0018346 -0.0090339 -0.0838470 -0.0417644 0.9955621
2452.426712 -0.0581773 0.0009272 0.0007447 -0.0054362 -0.0899219 -0.0455546 0.9948916
2452.726683 -0.0661340 0.0026792 -0.0008945 -0.0036615 -0.1025731 -0.0482668 0.9935470
2452.826673 -0.0705389 0.0030941 -0.0024330 -0.0039925 -0.1115339 -0.0508299 0.9924518
2455.776388 -0.1152023 0.0118994 -0.0080469 -0.0114533 -0.1792686 -0.1111798 0.9774306
2456.776291 -0.1276946 0.0163996 -0.0102290 -0.0157794 -0.1933387 -0.1320881 0.9720719
2457.126257 -0.1364948 0.0192706 -0.0127219 -0.0160537 -0.2026722 -0.1428081 0.9686445
2457.476223 -0.1437844 0.0213286 -0.0156329 -0.0168575 -0.2155240 -0.1502162 0.9647281
2457.776194 -0.1500043 0.0241582 -0.0191380 -0.0160941 -0.2266355 -0.1612913 0.9603971
2457.826189 -0.1515038 0.0239950 -0.0201515 -0.0159909 -0.2281608 -0.1624136 0.9598483
2458.326141 -0.1605286 0.0266385 -0.0245039 -0.0080000 -0.2405799 -0.1720730 0.9552215
2458.476126 -0.1665196 0.0295208 -0.0286427 0.0050609 -0.2507853 -0.1765985 0.9517847
2458.526122 -0.1657410 0.0291945 -0.0285472 0.0059654 -0.2548063 -0.1762242 0.9507803
2458.676502 -0.1728735 0.0299190 -0.0331828 0.0168196 -0.2639492 -0.1792092 0.9475928
2458.728235 -0.1785660 0.0316674 -0.0349786 0.0184832 -0.2647172 -0.1805004 0.9471024
2458.880493 -0.1778698 0.0312566 -0.0372628 0.0272531 -0.2725374 -0.1815708 0.9444643
2459.136493 -0.1771503 0.0296482 -0.0410733 0.0459220 -0.2884412 -0.1810812 0.9390966
2459.387891 -0.1862600 0.0321847 -0.0451739 0.0648427 -0.2961046 -0.1819298 0.9354245
2459.846519 -0.1957513 0.0343361 -0.0527397 0.0958886 -0.3181747 -0.1832661 0.9251940
2460.198480 -0.2020827 0.0345801 -0.0571065 0.1197278 -0.3324984 -0.1805951 0.9178755
2460.550758 -0.2052741 0.0358555 -0.0602770 0.1316917 -0.3401819 -0.1802337 0.9134820
2461.302502 -0.2170636 0.0401476 -0.0716255 0.1587700 -0.3638753 -0.1806299 0.8998665
2463.201508 -0.2387467 0.0501732 -0.0917080 0.1927338 -0.3995248 -0.1756134 0.8788592
2463.651129 -0.2477191 0.0556725 -0.0991869 0.1947853 -0.4022716 -0.1764657 0.8769813
2464.592938 -0.2459144 0.0596199 -0.1038885 0.1982005 -0.4162393 -0.1718454 0.8705921
2465.525819 -0.2602538 0.0721159 -0.1236269 0.1917314 -0.4234817 -0.1805164 0.8667849
2465.775420 -0.2604134 0.0716050 -0.1232407 0.1827160 -0.4194508 -0.1850897 0.8697228
2465.875410 -0.2598450 0.0724878 -0.1240069 0.1788054 -0.4173000 -0.1870489 0.8711498
2465.975400 -0.2598153 0.0722468 -0.1239907 0.1729533 -0.4149063 -0.1897599 0.8728867
2466.375362 -0.2572745 0.0782964 -0.1306862 0.1456066 -0.4155333 -0.2030773 0.8745802
2466.675333 -0.2631731 0.0839251 -0.1295296 0.1211235 -0.4027885 -0.2178608 0.8806970
2467.525250 -0.2714165 0.0942888 -0.1389225 0.0899747 -0.3928662 -0.2363830 0.8841288
2467.925211 -0.2735060 0.0970704 -0.1405081 0.0782043 -0.3845444 -0.2433536 0.8870112
2468.525153 -0.2774317 0.1049927 -0.1455546 0.0586866 -0.3878527 -0.2535748 0.8842093
2469.325076 -0.2819214 0.1100275 -0.1511099 0.0397566 -0.3850123 -0.2633621 0.8836432
2469.625047 -0.2819827 0.1102322 -0.1528084 0.0332226 -0.3834994 -0.2660770 0.8837576
2469.925018 -0.2843283 0.1132489 -0.1536118 0.0280230 -0.3783148 -0.2694491 0.8851497
2470.839706 -0.2903881 0.1193825 -0.1625836 0.0220332 -0.3780990 -0.2723515 0.8845227
2471.804883 -0.2953446 0.1249907 -0.1696801 0.0182038 -0.3727345 -0.2744913 0.8862236
2472.656085 -0.3013755 0.1321658 -0.1779338 0.0071540 -0.3687968 -0.2803279 0.8862020
2473.255651 -0.3052761 0.1342737 -0.1839909 0.0185958 -0.3804426 -0.2734025 0.8832716
2473.752897 -0.3079280 0.1328314 -0.1889183 0.0544766 -0.3971550 -0.2545023 0.8800732
2474.947112 -0.3144700 0.1310086 -0.2022796 0.1250177 -0.4282180 -0.2174033 0.8681796
2475.145394 -0.3162839 0.1316693 -0.2059084 0.1327614 -0.4294734 -0.2136491 0.8673414
2476.974335 -0.3246481 0.1403071 -0.2218004 0.1451600 -0.4305035 -0.2062143 0.8666435
2477.424292 -0.3250443 0.1408445 -0.2230388 0.1509300 -0.4297109 -0.2029242 0.8668278
2477.574277 -0.3245160 0.1415245 -0.2237389 0.1470004 -0.4284347 -0.2047392 0.8677076
2477.674268 -0.3246949 0.1418409 -0.2251680 0.1425910 -0.4266844 -0.2067060 0.8688388
2478.574180 -0.3294080 0.1510699 -0.2286366 0.0848660 -0.4043889 -0.2373674 0.8791611
2479.174122 -0.3313319 0.1572968 -0.2286212 0.0405133 -0.3791713 -0.2630111 0.8862352
2479.524088 -0.3307827 0.1612715 -0.2292080 0.0131853 -0.3700045 -0.2775241 0.8865118
2479.824059 -0.3305646 0.1638428 -0.2285488 -0.0075504 -0.3609156 -0.2888846 0.8866954
2480.124030 -0.3286912 0.1651318 -0.2272826 -0.0278085 -0.3530125 -0.2987205 0.8862138
2480.424001 -0.3281890 0.1667668 -0.2258619 -0.0450775 -0.3428963 -0.3084964 0.8861265
2480.773967 -0.3278302 0.1683062 -0.2269461 -0.0587479 -0.3359747 -0.3161224 0.8852888
2481.323914 -0.3277514 0.1686649 -0.2272443 -0.0604187 -0.3341362 -0.3172599 0.8854653
2481.923856 -0.3278345 0.1665936 -0.2274512 -0.0590896 -0.3397799 -0.3148370 0.8842713
