2444.927438 0.0000000 0.0000000 0.0000000 -0.0000000 -0.0000000 -0.0000000 1.0000000
2449.526993 -0.0151503 0.0019415 0.0019577 -0.0234442 -0.0197455 -0.0013429 0.9995292
2449.726974 -0.0172150 0.0019430 0.0020393 -0.0231357 -0.0235521 -0.0015914 0.9994536
2449.776969 -0.0179283 0.0020035 0.0020841 -0.0223595 -0.0243583 -0.0018091 0.9994516
2450.076940 -0.0223030 0.0018049 0.0022740 -0.0199417 -0.0301922 -0.0043192 0.9993358
2450.976852 -0.0361185 0.0009888 0.0020599 -0.0123980 -0.0532417 -0.0250932 0.9981893
2451.126838 -0.0384687 0.0014079 0.0024285 -0.0114635 -0.0571736 -0.0287452 0.9978845
2451.676785 -0.0492396 0.0015506 0.0023758 -0.0119682 -0.0718687 -0.0374027 0.9966407
2452.426712 -0.0590841 0.0021787 0.0014944 -0.0049057 -0.0896117 -0.0455664 0.9949218
2452.726683 -0.0676145 0.0029276 -0.0004366 -0.0035676 -0.1019962 -0.0485031 0.9935952
2453.176639 -0.0783818 0.0043573 -0.0033309 -0.0095162 -0.1249135 -0.0597107 0.9903235
2453.826577 -0.0855090 0.0052049 -0.0031363 -0.0080843 -0.1350690 -0.0693277 0.9883748
2455.576407 -0.1132848 0.0111755 -0.0076423 -0.0101218 -0.1761786 -0.1083071 0.9783293
2456.776291 -0.1298399 0.0164414 -0.0114927 -0.0158266 -0.1924016 -0.1324983 0.9722013
2457.476223 -0.1454115 0.0209402 -0.0168981 -0.0171614 -0.2148446 -0.1503790 0.9648489
2457.576214 -0.1474300 0.0223526 -0.0177900 -0.0164873 -0.2189290 -0.1548423 0.9632353
2457.826189 -0.1532625 0.0239012 -0.0212653 -0.0161531 -0.2275813 -0.1626606 0.9599413
2457.876184 -0.1544116 0.0241463 -0.0220028 -0.0162200 -0.2285544 -0.1647027 0.9593607
2458.126160 -0.1618567 0.0265619 -0.0243053 -0.0132523 -0.2315377 -0.1690714 0.9579298
2458.276146 -0.1611216 0.0264756 -0.0258659 -0.0092691 -0.2368285 -0.1719156 0.9561754
2458.326141 -0.1604490 0.0261866 -0.0260439 -0.0082903 -0.2404667 -0.1715644 0.9553390
2458.476126 -0.1677856 0.0278566 -0.0306123 0.0041537 -0.2503005 -0.1768563 0.9518689
2458.576117 -0.1717529 0.0291205 -0.0325129 0.0080967 -0.2562041 -0.1779974 0.9500583
2458.676502 -0.1752675 0.0298829 -0.0346427 0.0165640 -0.2629949 -0.1793902 0.9478283
2459.187575 -0.1864101 0.0322620 -0.0450586 0.0510255 -0.2873830 -0.1832300 0.9387408
2459.287288 -0.1877159 0.0313405 -0.0456088 0.0593691 -0.2926237 -0.1820587 0.9368572
2459.387891 -0.1893759 0.0327746 -0.0468425 0.0647485 -0.2947091 -0.1822087 0.9358174
2459.489521 -0.1903987 0.0316254 -0.0480492 0.0725715 -0.3001761 -0.1815810 0.9336252
2459.594331 -0.1933265 0.0325295 -0.0499816 0.0794340 -0.3048217 -0.1820579 0.9314660
2460.298471 -0.2061508 0.0350410 -0.0604794 0.1248340 -0.3335792 -0.1807209 0.9167777
2461.051855 -0.2170117 0.0401137 -0.0715131 0.1529779 -0.3551520 -0.1796449 0.9045399
2461.402690 -0.2211743 0.0408288 -0.0742759 0.1605773 -0.3653488 -0.1819790 0.8986762
2463.551494 -0.2462706 0.0552202 -0.0981333 0.1940767 -0.3995912 -0.1762194 0.8784121
2463.900552 -0.2456498 0.0555275 -0.0982668 0.1943395 -0.4053833 -0.1757960 0.8757810
2464.987724 -0.2584027 0.0651984 -0.1153822 0.2069530 -0.4210826 -0.1706225 0.8664571
2465.925405 -0.2660874 0.0753769 -0.1275356 0.1766605 -0.4138601 -0.1890141 0.8728027
2465.975400 -0.2671303 0.0745211 -0.1269902 0.1732312 -0.4124709 -0.1908185 0.8737546
2466.375362 -0.2634813 0.0796243 -0.1319734 0.1453163 -0.4139152 -0.2035252 0.8752913
2466.525347 -0.2686690 0.0830675 -0.1331588 0.1344662 -0.4080246 -0.2110754 0.8779988
2466.875313 -0.2704038 0.0884431 -0.1334542 0.1131745 -0.3971867 -0.2230611 0.8829938
2467.925211 -0.2778990 0.0984581 -0.1418840 0.0780769 -0.3831789 -0.2437667 0.8874997
2469.325076 -0.2855690 0.1107370 -0.1528336 0.0394748 -0.3837727 -0.2635307 0.8841447
2470.280080 -0.2920676 0.1180830 -0.1596551 0.0229189 -0.3770584 -0.2720000 0.8850524
2470.483498 -0.2920064 0.1187047 -0.1602079 0.0222317 -0.3738456 -0.2725051 0.8862766
2471.097089 -0.2969430 0.1232423 -0.1664347 0.0233372 -0.3789870 -0.2715791 0.8843467
2471.854879 -0.3007628 0.1279621 -0.1724610 0.0162677 -0.3688834 -0.2759944 0.8874050
2472.206050 -0.3037249 0.1318697 -0.1756674 0.0094773 -0.3625780 -0.2801110 0.8888111
2473.355662 -0.3119510 0.1356114 -0.1879340 0.0288024 -0.3825364 -0.2688048 0.8835046
2473.603958 -0.3127937 0.1350563 -0.1902774 0.0465306 -0.3920680 -0.2592245 0.8814308
2473.703475 -0.3125981 0.1349701 -0.1903408 0.0522428 -0.3946287 -0.2560520 0.8808952
2474.897828 -0.3200405 0.1342078 -0.2048741 0.1210582 -0.4247023 -0.2207880 0.8696123
2475.145394 -0.3203098 0.1334918 -0.2071366 0.1329515 -0.4279834 -0.2140763 0.8679432
2476.674364 -0.3289017 0.1412171 -0.2216373 0.1409355 -0.4270027 -0.2089195 0.8684230
2476.774355 -0.3288032 0.1415949 -0.2215560 0.1421485 -0.4288324 -0.2077795 0.8675969
2477.274306 -0.3294432 0.1414910 -0.2234003 0.1499793 -0.4295252 -0.2029095 0.8670883
2477.874248 -0.3286987 0.1448765 -0.2276904 0.1310457 -0.4203943 -0.2132087 0.8721455
2478.824156 -0.3367308 0.1570887 -0.2302052 0.0680877 -0.3895800 -0.2486045 0.8841874
2479.174122 -0.3385557 0.1603506 -0.2311436 0.0405636 -0.3763208 -0.2644644 0.8870151
2479.724069 -0.3359005 0.1660583 -0.2283421 0.0013105 -0.3634162 -0.2839387 0.8873025
2480.124030 -0.3332566 0.1675134 -0.2277912 -0.0277079 -0.3515759 -0.2986832 0.8868005
2480.773967 -0.3335564 0.1698646 -0.2282573 -0.0590236 -0.3340974 -0.3163363 0.8859044
2481.523895 -0.3339018 0.1711970 -0.2265480 -0.0598769 -0.3333774 -0.3167975 0.8859535
2481.723875 -0.3333674 0.1705175 -0.2267538 -0.0594820 -0.3362742 -0.3159639 0.8851827
2481.923856 -0.3331299 0.1707350 -0.2281363 -0.0584100 -0.3378302 -0.3147561 0.8850919
