2469.725037 0.0000000 0.0000000 0.0000000 -0.0000000 -0.0000000 -0.0000000 1.0000000
2470.891756 -0.0152024 0.0015302 -0.0012656 -0.0109782 -0.0002609 -0.0004229 0.9999396
2470.995143 -0.0173366 0.0011054 -0.0015660 -0.0105085 -0.0014687 -0.0005416 0.9999436
2471.604231 -0.0225475 0.0019879 -0.0019973 -0.0139009 0.0047423 -0.0006603 0.9998919
2471.904874 -0.0267291 0.0030525 -0.0019382 -0.0209565 0.0059405 -0.0011789 0.9997621
2472.855789 -0.0392090 0.0029198 -0.0029934 -0.0301141 0.0035199 -0.0017383 0.9995388
2472.905942 -0.0399032 0.0027927 -0.0031334 -0.0305029 0.0031705 -0.0017944 0.9995281
2473.105646 -0.0426879 0.0028621 -0.0035385 -0.0249094 -0.0003865 -0.0013546 0.9996887
2473.255651 -0.0454880 0.0015121 -0.0039362 -0.0143258 -0.0023066 -0.0007060 0.9998945
2473.355662 -0.0457810 -0.0000009 -0.0043336 -0.0022171 -0.0039101 0.0001210 0.9999899
2474.053085 -0.0521072 -0.0053015 -0.0074366 0.0506223 -0.0100085 0.0031122 0.9986629
2474.102764 -0.0526442 -0.0056384 -0.0075426 0.0566777 -0.0111907 0.0033945 0.9983240
2475.145394 -0.0632376 -0.0118630 -0.0116938 0.1228198 -0.0197601 0.0064482 0.9922113
2476.374393 -0.0767086 -0.0121289 -0.0149126 0.1284499 -0.0176554 0.0072262 0.9915325
2476.524379 -0.0782642 -0.0122324 -0.0150801 0.1252775 -0.0151221 0.0078002 0.9919758
2476.674364 -0.0806184 -0.0126147 -0.0153321 0.1316764 -0.0167527 0.0080421 0.9911186
2476.824350 -0.0827015 -0.0125093 -0.0168020 0.1347942 -0.0174986 0.0082581 0.9906847
2477.024331 -0.0840074 -0.0133440 -0.0169614 0.1374274 -0.0168810 0.0085923 0.9903307
2477.324302 -0.0863520 -0.0125828 -0.0167544 0.1421605 -0.0151295 0.0085354 0.9896912
2477.424292 -0.0874635 -0.0134149 -0.0171889 0.1429007 -0.0138480 0.0087011 0.9896019
2478.424195 -0.0969599 -0.0072996 -0.0164972 0.0810878 -0.0082157 0.0068497 0.9966496
2480.074035 -0.1040842 0.0059031 -0.0136797 -0.0691558 0.0102254 -0.0048519 0.9975417
2480.523992 -0.1038395 0.0098168 -0.0121108 -0.1005945 0.0150951 -0.0078092 0.9947823
2481.523895 -0.1042593 0.0088256 -0.0127550 -0.1129577 0.0161160 -0.0089305 0.9934290
2481.623885 -0.1042931 0.0088993 -0.0131890 -0.1118597 0.0146387 -0.0083074 0.9935815
