2444.927438 0.0000000 0.0000000 0.0000000 -0.0000000 -0.0000000 -0.0000000 1.0000000
2449.526993 -0.0150063 0.0017268 0.0019576 -0.0235651 -0.0198957 -0.0011439 0.9995236
2449.626983 -0.0157790 0.0019469 0.0023314 -0.0233792 -0.0224464 -0.0011793 0.9994739
2449.776969 -0.0175805 0.0019012 0.0021723 -0.0223859 -0.0245907 -0.0017846 0.9994454
2450.576891 -0.0297140 0.0012312 0.0024280 -0.0158466 -0.0443358 -0.0149927 0.9987785
2450.976852 -0.0361055 0.0006047 0.0019468 -0.0125316 -0.0533733 -0.0250143 0.9981827
2452.076746 -0.0549419 0.0015008 0.0014941 -0.0091352 -0.0837415 -0.0416541 0.9955747
2452.226731 -0.0563359 0.0011904 0.0012941 -0.0082573 -0.0870266 -0.0434463 0.9952239
2452.726683 -0.0675485 0.0020175 -0.0016402 -0.0039421 -0.1023066 -0.0482689 0.9935733
2452.826673 -0.0720206 0.0023900 -0.0030484 -0.0042204 -0.1113287 -0.0509098 0.9924698
2453.376620 -0.0797481 0.0039191 -0.0033504 -0.0078582 -0.1283105 -0.0631116 0.9896927
2454.076552 -0.0885971 0.0052002 -0.0033748 -0.0091065 -0.1397641 -0.0755727 0.9872547
2456.176349 -0.1204851 0.0126957 -0.0094857 -0.0119653 -0.1849344 -0.1184686 0.9755108
2456.326335 -0.1218422 0.0128244 -0.0098644 -0.0129767 -0.1862901 -0.1213794 0.9748819
2456.726296 -0.1283726 0.0145500 -0.0116791 -0.0150623 -0.1915372 -0.1317547 0.9724852
2457.176252 -0.1399546 0.0184387 -0.0151732 -0.0170700 -0.2043171 -0.1452247 0.9679220
2457.476223 -0.1462879 0.0200612 -0.0176675 -0.0174864 -0.2152462 -0.1502204 0.9647783
2457.726199 -0.1512728 0.0218708 -0.0211756 -0.0169184 -0.2246200 -0.1594528 0.9611631
2457.876184 -0.1552655 0.0226245 -0.0233907 -0.0168167 -0.2289863 -0.1644795 0.9592857
2458.126160 -0.1591356 0.0230423 -0.0259387 -0.0145533 -0.2335173 -0.1680672 0.9576071
2458.376136 -0.1661552 0.0265065 -0.0292806 -0.0029835 -0.2428629 -0.1755062 0.9540473
2458.426131 -0.1680981 0.0258343 -0.0301967 0.0001120 -0.2469277 -0.1750509 0.9530918
2458.576117 -0.1733287 0.0277668 -0.0342163 0.0076634 -0.2566512 -0.1780850 0.9499248
2458.780107 -0.1782599 0.0278462 -0.0386956 0.0190097 -0.2684976 -0.1804756 0.9460319
2459.031960 -0.1839269 0.0294338 -0.0428025 0.0379851 -0.2805879 -0.1826109 0.9415311
2459.136493 -0.1862282 0.0312420 -0.0449546 0.0462521 -0.2859782 -0.1827708 0.9395063
2459.387891 -0.1899798 0.0302424 -0.0485379 0.0638382 -0.2957742 -0.1821212 0.9355609
2459.594331 -0.1933690 0.0299093 -0.0517465 0.0786904 -0.3059741 -0.1819658 0.9311692
2460.601148 -0.2099804 0.0331529 -0.0658874 0.1314938 -0.3402212 -0.1804483 0.9134536
2460.651143 -0.2098452 0.0333788 -0.0661991 0.1346195 -0.3420240 -0.1798840 0.9124358
2461.502147 -0.2243875 0.0420394 -0.0791201 0.1627612 -0.3702639 -0.1834510 0.8959683
2462.451700 -0.2367607 0.0460252 -0.0896179 0.1957593 -0.3910685 -0.1733922 0.8824278
2463.151691 -0.2425963 0.0498019 -0.0958628 0.1927477 -0.3990420 -0.1752722 0.8791436
2465.085364 -0.2659981 0.0679311 -0.1219631 0.2082893 -0.4242703 -0.1708227 0.8645403
2465.925405 -0.2645339 0.0716003 -0.1286976 0.1754101 -0.4158561 -0.1883090 0.8722585
2465.975400 -0.2651000 0.0708505 -0.1293253 0.1719096 -0.4144101 -0.1899510 0.8732868
2466.075391 -0.2630734 0.0729639 -0.1304140 0.1671036 -0.4146083 -0.1919547 0.8736874
2466.375362 -0.2607381 0.0751709 -0.1400998 0.1441446 -0.4148559 -0.2036260 0.8750162
2467.925211 -0.2772526 0.0953017 -0.1465931 0.0769054 -0.3845808 -0.2430928 0.8871804
2468.775129 -0.2822968 0.1037297 -0.1541255 0.0522824 -0.3850480 -0.2565297 0.8849843
2469.775032 -0.2891287 0.1120251 -0.1566252 0.0303111 -0.3808085 -0.2675151 0.8845914
2470.635558 -0.2947137 0.1179800 -0.1646270 0.0214219 -0.3750305 -0.2723360 0.8858478
2470.943687 -0.2974400 0.1212629 -0.1689162 0.0213650 -0.3794525 -0.2718891 0.8841017
2472.356351 -0.3063603 0.1321300 -0.1806649 0.0077942 -0.3654151 -0.2803013 0.8876048
2473.205498 -0.3115212 0.1354813 -0.1894326 0.0135579 -0.3776992 -0.2757532 0.8838098
2473.355662 -0.3135224 0.1342837 -0.1913250 0.0278973 -0.3841681 -0.2683698 0.8829577
2473.504185 -0.3130167 0.1343505 -0.1922844 0.0391325 -0.3900575 -0.2622271 0.8817941
2475.638036 -0.3253299 0.1329467 -0.2166559 0.1525151 -0.4365588 -0.2027853 0.8631533
2476.974335 -0.3311536 0.1406236 -0.2270982 0.1441667 -0.4302779 -0.2056606 0.8670529
2477.074326 -0.3313583 0.1410565 -0.2280048 0.1455635 -0.4300085 -0.2049713 0.8671164
2477.424292 -0.3322281 0.1415386 -0.2290294 0.1500494 -0.4292259 -0.2025065 0.8673186
2477.874248 -0.3323045 0.1445238 -0.2321824 0.1304343 -0.4211830 -0.2129949 0.8719088
2478.074229 -0.3335132 0.1470689 -0.2328804 0.1201474 -0.4181010 -0.2186499 0.8734691
2478.274210 -0.3347898 0.1490670 -0.2331885 0.1074880 -0.4130214 -0.2256697 0.8757470
2478.474190 -0.3361872 0.1513587 -0.2332716 0.0934517 -0.4079240 -0.2327783 0.8778833
2479.524088 -0.3375871 0.1623023 -0.2340595 0.0124522 -0.3696152 -0.2774543 0.8867067
2479.774064 -0.3377699 0.1626855 -0.2340007 -0.0052041 -0.3622180 -0.2865359 0.8869432
2480.024040 -0.3363322 0.1663669 -0.2326875 -0.0228544 -0.3541981 -0.2960155 0.8867899
2480.773967 -0.3342559 0.1705986 -0.2300666 -0.0590072 -0.3360783 -0.3154100 0.8854863
2480.873958 -0.3334646 0.1700863 -0.2295367 -0.0615284 -0.3351694 -0.3167012 0.8851984
2481.623885 -0.3334104 0.1701823 -0.2294464 -0.0598674 -0.3375408 -0.3152679 0.8849227
