2469.725037 0.0000000 0.0000000 0.0000000 -0.0000000 -0.0000000 -0.0000000 1.0000000
2471.247509 -0.0212868 0.0008319 -0.0013882 -0.0078191 -0.0014959 -0.0002914 0.9999683
2471.349495 -0.0216445 0.0011440 -0.0018313 -0.0072368 -0.0015084 -0.0002371 0.9999726
2471.502878 -0.0234803 0.0011281 -0.0016711 -0.0092313 0.0019305 -0.0004185 0.9999554
2472.106039 -0.0326194 0.0023613 -0.0022303 -0.0269604 0.0097127 -0.0018291 0.9995877
2472.155896 -0.0330861 0.0029877 -0.0021073 -0.0289217 0.0112247 -0.0020410 0.9995166
2472.955937 -0.0429884 0.0028272 -0.0033823 -0.0290415 0.0022683 -0.0016896 0.9995742
2473.105646 -0.0460643 0.0025180 -0.0036884 -0.0251781 -0.0003084 -0.0016327 0.9996816
2473.355662 -0.0490492 -0.0003031 -0.0043398 -0.0023475 -0.0039311 0.0001279 0.9999895
2473.504185 -0.0508177 -0.0016673 -0.0051552 0.0109707 -0.0058856 0.0007901 0.9999222
2473.852650 -0.0540473 -0.0036278 -0.0064724 0.0374170 -0.0086706 0.0023580 0.9992594
2474.252177 -0.0594347 -0.0072125 -0.0084622 0.0662323 -0.0149512 0.0035355 0.9976860
2474.650598 -0.0628725 -0.0094195 -0.0110409 0.0922937 -0.0200781 0.0044876 0.9955193
2475.145394 -0.0681651 -0.0122863 -0.0130569 0.1229976 -0.0197657 0.0058177 0.9921930
2476.524379 -0.0826317 -0.0103084 -0.0154765 0.1261751 -0.0155078 0.0075185 0.9918583
2476.674364 -0.0848801 -0.0130382 -0.0166370 0.1317216 -0.0171533 0.0080363 0.9911058
2476.924340 -0.0897329 -0.0131239 -0.0170181 0.1366261 -0.0169536 0.0082255 0.9904435
2477.024331 -0.0906642 -0.0131430 -0.0173712 0.1376102 -0.0167659 0.0080769 0.9903116
2477.474287 -0.0928247 -0.0137203 -0.0166727 0.1418726 -0.0136435 0.0084389 0.9897549
2477.724263 -0.0943089 -0.0128290 -0.0171090 0.1297564 -0.0125643 0.0081683 0.9914327
2478.174219 -0.0984245 -0.0079504 -0.0163689 0.1001285 -0.0104339 0.0069020 0.9948959
2479.174122 -0.1116252 -0.0070330 -0.0180825 0.0062335 0.0074892 0.0011675 0.9999518
2479.424098 -0.1119385 0.0003281 -0.0141580 -0.0142885 0.0080335 -0.0005207 0.9998655
2480.024040 -0.1131252 0.0070354 -0.0148617 -0.0659586 0.0109804 -0.0052635 0.9977481
2480.124030 -0.1121589 0.0081011 -0.0174057 -0.0716723 0.0107530 -0.0050982 0.9973572
2480.324011 -0.1122570 0.0077406 -0.0162087 -0.0884079 0.0135499 -0.0066236 0.9959702
2480.723972 -0.1132280 0.0069338 -0.0151081 -0.1119959 0.0161631 -0.0095597 0.9935312
