2469.725037 0.0000000 0.0000000 0.0000000 -0.0000000 -0.0000000 -0.0000000 1.0000000
2471.349495 -0.0234819 0.0000511 -0.0017026 -0.0077624 -0.0014933 -0.0001347 0.9999688
2471.451994 -0.0246698 0.0014564 -0.0013286 -0.0082724 0.0008913 -0.0004329 0.9999653
2471.804883 -0.0293452 0.0020419 -0.0017735 -0.0173051 0.0053799 -0.0010313 0.9998353
2471.854879 -0.0300968 0.0020733 -0.0022555 -0.0201252 0.0062807 -0.0010603 0.9997772
2472.106039 -0.0349806 0.0030433 -0.0016810 -0.0267971 0.0097066 -0.0016628 0.9995924
2472.155896 -0.0354084 0.0033636 -0.0014641 -0.0289377 0.0111615 -0.0019753 0.9995170
2472.656085 -0.0430810 0.0037519 -0.0022217 -0.0302853 0.0056321 -0.0018849 0.9995236
2473.005933 -0.0473145 0.0033403 -0.0025039 -0.0267123 0.0009853 -0.0015071 0.9996416
2474.102764 -0.0609796 -0.0052051 -0.0062945 0.0569902 -0.0109453 0.0031783 0.9983097
2474.202182 -0.0631479 -0.0049882 -0.0069352 0.0647706 -0.0129202 0.0034496 0.9978106
2474.252177 -0.0631094 -0.0050682 -0.0071772 0.0671515 -0.0150305 0.0036298 0.9976230
2475.245739 -0.0763618 -0.0113291 -0.0119444 0.1271404 -0.0227426 0.0051427 0.9916106
2475.438708 -0.0773508 -0.0111126 -0.0133983 0.1385488 -0.0230256 0.0060449 0.9900694
2476.524379 -0.0908227 -0.0112952 -0.0139707 0.1260992 -0.0147537 0.0071802 0.9918819
2476.974335 -0.0996099 -0.0121556 -0.0141806 0.1373968 -0.0157254 0.0077617 0.9903609
2477.074326 -0.0998853 -0.0119112 -0.0145258 0.1390266 -0.0153644 0.0078832 0.9901381
2477.524282 -0.0997301 -0.0120667 -0.0143801 0.1402982 -0.0133026 0.0086496 0.9899821
2477.574277 -0.0998703 -0.0118793 -0.0145809 0.1388737 -0.0135196 0.0087893 0.9901788
2479.124127 -0.1221249 0.0009314 -0.0125321 0.0148485 0.0080487 0.0005044 0.9998572
2479.524088 -0.1191752 0.0048150 -0.0102959 -0.0227917 0.0071543 -0.0002447 0.9997146
2480.124030 -0.1202686 0.0116560 -0.0128549 -0.0707244 0.0107147 -0.0046086 0.9974277
2480.473997 -0.1177155 0.0148916 -0.0109944 -0.0949544 0.0141957 -0.0064302 0.9953597
2480.623982 -0.1177194 0.0195429 -0.0078388 -0.1040679 0.0151403 -0.0081177 0.9944218
2481.073938 -0.1192428 0.0194487 -0.0072029 -0.1090407 0.0170116 -0.0096545 0.9938448
