2469.725037 0.0000000 0.0000000 0.0000000 -0.0000000 -0.0000000 -0.0000000 1.0000000
2471.349495 -0.0218357 0.0009749 -0.0015509 -0.0073290 -0.0015081 -0.0003323 0.9999720
2471.451994 -0.0229328 0.0012594 -0.0012727 -0.0082480 0.0008951 -0.0004561 0.9999655
2471.704715 -0.0254191 0.0015003 -0.0018456 -0.0145554 0.0044520 -0.0008132 0.9998838
2472.106039 -0.0321068 0.0032258 -0.0013696 -0.0266081 0.0094675 -0.0017410 0.9995996
2472.455927 -0.0372777 0.0035613 -0.0017856 -0.0297871 0.0072720 -0.0021003 0.9995276
2472.656085 -0.0395660 0.0032663 -0.0023682 -0.0303522 0.0053314 -0.0020144 0.9995230
2472.755937 -0.0408510 0.0031120 -0.0023134 -0.0309200 0.0043444 -0.0020211 0.9995104
2473.355662 -0.0484133 -0.0000142 -0.0040729 -0.0022348 -0.0041754 0.0000625 0.9999888
2473.504185 -0.0504393 -0.0015810 -0.0051283 0.0109959 -0.0060136 0.0008867 0.9999211
2474.102764 -0.0556394 -0.0057756 -0.0076696 0.0567589 -0.0114493 0.0033043 0.9983168
2474.202182 -0.0574664 -0.0059863 -0.0075741 0.0643107 -0.0134883 0.0036386 0.9978322
2475.095616 -0.0665397 -0.0114433 -0.0122342 0.1185006 -0.0192415 0.0054691 0.9927525
2475.438708 -0.0695537 -0.0130540 -0.0139972 0.1376814 -0.0239500 0.0063017 0.9901670
2476.524379 -0.0835922 -0.0113043 -0.0148345 0.1259470 -0.0153268 0.0071018 0.9918932
2476.624369 -0.0850307 -0.0120340 -0.0149958 0.1295790 -0.0162755 0.0072620 0.9914089
2476.824350 -0.0887310 -0.0131195 -0.0164292 0.1348104 -0.0175366 0.0077562 0.9906859
2477.024331 -0.0918920 -0.0133647 -0.0161442 0.1376452 -0.0163908 0.0078016 0.9903153
2477.224311 -0.0921492 -0.0135859 -0.0161209 0.1418947 -0.0163052 0.0081392 0.9897140
2477.524282 -0.0934075 -0.0127447 -0.0170497 0.1399918 -0.0134953 0.0084182 0.9900249
2477.624272 -0.0926558 -0.0127665 -0.0171038 0.1365859 -0.0142442 0.0083234 0.9904909
2479.424098 -0.1110073 0.0024767 -0.0110588 -0.0136015 0.0074391 -0.0013965 0.9998789
2479.824059 -0.1131117 0.0037269 -0.0167519 -0.0489112 0.0095467 -0.0031005 0.9987527
2480.074035 -0.1115632 0.0077242 -0.0140556 -0.0687317 0.0101295 -0.0056124 0.9975680
2480.973948 -0.1105698 0.0131120 -0.0129296 -0.1110047 0.0157178 -0.0105819 0.9936392
