2469.725037 0.0000000 0.0000000 0.0000000 -0.0000000 -0.0000000 -0.0000000 1.0000000
2471.349495 -0.0238613 -0.0007033 -0.0046347 -0.0077542 -0.0011715 -0.0004998 0.9999691
2471.854879 -0.0303984 -0.0002263 -0.0060898 -0.0206413 0.0066213 -0.0013551 0.9997641
2472.106039 -0.0346162 -0.0001270 -0.0063241 -0.0276342 0.0098221 -0.0019335 0.9995680
2472.155896 -0.0356280 0.0004748 -0.0060879 -0.0296100 0.0114960 -0.0024335 0.9994925
2472.656085 -0.0429220 -0.0001984 -0.0077118 -0.0313574 0.0057958 -0.0023134 0.9994888
2472.755937 -0.0432616 -0.0003002 -0.0079293 -0.0318445 0.0044240 -0.0019962 0.9994811
2473.355662 -0.0520446 -0.0038856 -0.0104359 -0.0032748 -0.0037963 0.0000375 0.9999874
2473.903416 -0.0622130 -0.0085701 -0.0133606 0.0388653 -0.0072532 0.0017278 0.9992167
2474.003090 -0.0592461 -0.0097587 -0.0137974 0.0477343 -0.0101176 0.0030419 0.9988042
2474.202182 -0.0616827 -0.0117317 -0.0156663 0.0626954 -0.0130529 0.0039353 0.9979396
2474.451427 -0.0657630 -0.0128656 -0.0178886 0.0790457 -0.0213650 0.0043256 0.9966326
2475.145394 -0.0711961 -0.0177372 -0.0206985 0.1215141 -0.0198902 0.0063842 0.9923699
2475.930244 -0.0851398 -0.0199632 -0.0278318 0.1430833 -0.0219802 0.0075235 0.9894379
2476.624369 -0.0900207 -0.0189821 -0.0280801 0.1277909 -0.0161301 0.0080228 0.9916375
2476.674364 -0.0900090 -0.0192996 -0.0277396 0.1302473 -0.0170332 0.0083293 0.9913002
2476.874345 -0.0904217 -0.0197024 -0.0279477 0.1340302 -0.0180723 0.0090058 0.9907715
2477.024331 -0.0927810 -0.0189516 -0.0293581 0.1361968 -0.0174534 0.0091738 0.9904855
2477.524282 -0.0967979 -0.0190063 -0.0299491 0.1382279 -0.0139420 0.0092751 0.9902589
2477.574277 -0.0969561 -0.0188392 -0.0301726 0.1367958 -0.0142599 0.0095441 0.9904506
2479.724069 -0.1139835 -0.0064213 -0.0323988 -0.0408848 0.0066350 -0.0023732 0.9991390
2479.824059 -0.1147565 -0.0062934 -0.0340884 -0.0514067 0.0079719 -0.0032742 0.9986407
2480.374006 -0.1144025 -0.0067770 -0.0322237 -0.0945726 0.0116139 -0.0077609 0.9954200
2480.973948 -0.1139983 -0.0065439 -0.0326695 -0.1176729 0.0146880 -0.0106894 0.9928862
2481.873861 -0.1143119 -0.0063685 -0.0338320 -0.1154722 0.0109919 -0.0091707 0.9932076
