2469.725037 0.0000000 0.0000000 0.0000000 -0.0000000 -0.0000000 -0.0000000 1.0000000
2471.197514 -0.0210567 0.0004949 -0.0020155 -0.0083175 -0.0016356 -0.0004640 0.9999640
2471.349495 -0.0224493 0.0002632 -0.0022583 -0.0075494 -0.0011918 -0.0003829 0.9999707
2471.553643 -0.0244608 0.0005749 -0.0025602 -0.0121979 0.0045302 -0.0007538 0.9999151
2471.654562 -0.0253250 0.0006841 -0.0022049 -0.0132667 0.0043125 -0.0007750 0.9999024
2472.755937 -0.0408803 0.0017670 -0.0037946 -0.0313423 0.0043798 -0.0019778 0.9994972
2473.005933 -0.0438045 0.0016050 -0.0040704 -0.0271980 0.0008335 -0.0016672 0.9996284
2473.355662 -0.0489653 -0.0012278 -0.0052931 -0.0026686 -0.0039790 0.0001353 0.9999885
2473.852650 -0.0538708 -0.0051670 -0.0078745 0.0368639 -0.0087975 0.0024054 0.9992787
2473.953411 -0.0546912 -0.0056711 -0.0085028 0.0434766 -0.0093911 0.0026518 0.9990068
2474.749304 -0.0632275 -0.0117080 -0.0131002 0.1022045 -0.0207694 0.0048097 0.9945350
2475.145394 -0.0668535 -0.0136173 -0.0144996 0.1225203 -0.0202114 0.0062074 0.9922408
2475.687479 -0.0741743 -0.0160107 -0.0186450 0.1462823 -0.0220178 0.0071776 0.9889718
2476.524379 -0.0819900 -0.0119059 -0.0184071 0.1257364 -0.0158151 0.0079421 0.9919059
2476.624369 -0.0849805 -0.0136121 -0.0182643 0.1290741 -0.0163467 0.0075807 0.9914712
2476.674364 -0.0855079 -0.0143335 -0.0189879 0.1314161 -0.0171327 0.0079607 0.9911473
2476.824350 -0.0884576 -0.0151366 -0.0204582 0.1341865 -0.0176222 0.0081405 0.9907659
2477.024331 -0.0927542 -0.0160331 -0.0203950 0.1367836 -0.0163010 0.0080492 0.9904342
2477.524282 -0.0951391 -0.0160507 -0.0207443 0.1388703 -0.0132462 0.0083039 0.9901872
2477.674268 -0.0936781 -0.0149449 -0.0220073 0.1326746 -0.0138226 0.0085928 0.9910260
2479.824059 -0.1127149 0.0039340 -0.0213128 -0.0483934 0.0095225 -0.0031573 0.9987780
2479.924050 -0.1133158 0.0034284 -0.0210049 -0.0600805 0.0104703 -0.0041986 0.9981298
2480.124030 -0.1119692 0.0053137 -0.0203646 -0.0726071 0.0102260 -0.0047237 0.9972970
2480.274016 -0.1117513 0.0062139 -0.0166800 -0.0837469 0.0113843 -0.0070074 0.9963974
2480.823963 -0.1121783 0.0092287 -0.0181579 -0.1132478 0.0159511 -0.0099372 0.9933891
2481.873861 -0.1119795 0.0098992 -0.0157224 -0.1098400 0.0122498 -0.0097390 0.9938261
