2461.452330 0.0000000 0.0000000 0.0000000 -0.0000000 -0.0000000 -0.0000000 1.0000000
2462.701517 -0.0107987 -0.0012023 0.0008779 0.0401270 -0.0206939 -0.0033118 0.9989748
2462.751513 -0.0108965 -0.0011549 0.0007987 0.0399166 -0.0218177 -0.0031343 0.9989599
2462.951493 -0.0110091 -0.0011068 0.0005380 0.0385933 -0.0258775 -0.0027309 0.9989161
2464.395328 -0.0213072 -0.0013176 -0.0011975 0.0464399 -0.0400742 -0.0023327 0.9981142
2465.282184 -0.0330610 -0.0012674 -0.0027289 0.0534256 -0.0547974 -0.0042671 0.9970580
2465.925405 -0.0339613 -0.0005791 -0.0047922 0.0238668 -0.0505062 -0.0067149 0.9984159
2466.075391 -0.0341461 -0.0002678 -0.0054722 0.0144775 -0.0509776 -0.0072308 0.9985687
2466.225376 -0.0340387 -0.0003496 -0.0054810 0.0044579 -0.0570538 -0.0072176 0.9983351
2469.725037 -0.0592545 0.0077574 -0.0082651 -0.1431720 -0.0538376 -0.0277828 0.9878418
2470.891756 -0.0664297 0.0083423 -0.0097394 -0.1542725 -0.0538667 -0.0289557 0.9861338
2471.502878 -0.0692779 0.0082327 -0.0102735 -0.1524111 -0.0520710 -0.0289174 0.9865208
2471.654562 -0.0702602 0.0086335 -0.0105222 -0.1558296 -0.0494310 -0.0297806 0.9860968
2471.804883 -0.0711262 0.0086710 -0.0106708 -0.1601626 -0.0483671 -0.0304436 0.9854348
2472.805794 -0.0775412 0.0093699 -0.0119980 -0.1739022 -0.0491564 -0.0321978 0.9830081
2472.955937 -0.0779510 0.0092552 -0.0120652 -0.1717917 -0.0512586 -0.0313731 0.9832985
2473.105646 -0.0794399 0.0091125 -0.0124929 -0.1679826 -0.0537105 -0.0306385 0.9838488
2473.355662 -0.0808035 0.0080184 -0.0125679 -0.1455488 -0.0577339 -0.0272533 0.9872890
2473.504185 -0.0815111 0.0073781 -0.0127958 -0.1324816 -0.0600255 -0.0255502 0.9890363
2474.897828 -0.0878976 0.0028103 -0.0152574 -0.0353940 -0.0759133 -0.0138527 0.9963897
2476.474384 -0.0956934 0.0019154 -0.0180585 -0.0185911 -0.0718214 -0.0112563 0.9971808
2476.574374 -0.0957974 0.0018130 -0.0181792 -0.0159312 -0.0719652 -0.0108103 0.9972213
2476.874345 -0.0989719 0.0013046 -0.0186654 -0.0087417 -0.0728164 -0.0102900 0.9972540
2476.974335 -0.0990929 0.0014463 -0.0188137 -0.0073786 -0.0728327 -0.0100425 0.9972664
2477.524282 -0.1002843 0.0013658 -0.0195752 -0.0045223 -0.0694422 -0.0093680 0.9975318
2477.624272 -0.1002459 0.0015140 -0.0196216 -0.0076374 -0.0698567 -0.0094663 0.9974829
2477.824253 -0.1004396 0.0016118 -0.0193487 -0.0225083 -0.0674763 -0.0110208 0.9974061
2478.074229 -0.1033603 0.0026733 -0.0202650 -0.0370099 -0.0661749 -0.0136745 0.9970277
2478.974142 -0.1070698 0.0072232 -0.0191209 -0.1150416 -0.0487853 -0.0247211 0.9918540
2479.824059 -0.1071819 0.0102559 -0.0211123 -0.1899624 -0.0450994 -0.0344124 0.9801511
2480.573987 -0.1073050 0.0134602 -0.0207372 -0.2433079 -0.0373603 -0.0440760 0.9682267
2480.973948 -0.1072067 0.0137390 -0.0208395 -0.2511939 -0.0367513 -0.0453050 0.9661772
2481.123934 -0.1072135 0.0139530 -0.0203614 -0.2506461 -0.0359538 -0.0454240 0.9663439
