2470.686165 0.0000000 0.0000000 0.0000000 -0.0000000 -0.0000000 -0.0000000 1.0000000
2471.904874 -0.0112819 0.0019121 -0.0001062 -0.0088990 0.0020418 -0.0005004 0.9999582
2472.005891 -0.0122152 0.0019642 -0.0000110 -0.0104425 0.0022249 -0.0003550 0.9999430
2472.356351 -0.0166534 0.0026228 0.0000660 -0.0177999 0.0045290 -0.0011228 0.9998307
2472.855789 -0.0202149 0.0026127 -0.0001299 -0.0177209 -0.0010384 -0.0009226 0.9998420
2473.105646 -0.0229625 0.0026335 -0.0006230 -0.0124773 -0.0050429 -0.0005325 0.9999093
2473.205498 -0.0250058 0.0014969 -0.0004569 -0.0075251 -0.0061748 -0.0004323 0.9999526
2473.355662 -0.0250273 0.0012398 -0.0008160 0.0107359 -0.0087823 0.0010075 0.9999033
2473.953411 -0.0258906 0.0017308 -0.0032483 0.0590105 -0.0158811 0.0042126 0.9981222
2474.053085 -0.0294064 -0.0025049 -0.0034870 0.0638770 -0.0152271 0.0039460 0.9978338
2474.997107 -0.0367456 -0.0069040 -0.0072824 0.1280730 -0.0250545 0.0062548 0.9914285
2476.229050 -0.0468607 -0.0070880 -0.0094864 0.1449203 -0.0259025 0.0083877 0.9890686
2476.524379 -0.0493912 -0.0063955 -0.0091839 0.1392002 -0.0211301 0.0085523 0.9900019
2476.674364 -0.0491029 -0.0078072 -0.0096031 0.1450635 -0.0236823 0.0094164 0.9890941
2477.374297 -0.0569878 -0.0094691 -0.0107459 0.1557696 -0.0203173 0.0098130 0.9875357
2477.574277 -0.0580744 -0.0087075 -0.0104093 0.1510244 -0.0194900 0.0093648 0.9882935
2478.724166 -0.0627310 -0.0036318 -0.0070030 0.0633631 -0.0091664 0.0080888 0.9979157
2478.824156 -0.0702095 -0.0012656 -0.0107993 0.0552115 -0.0033001 0.0031141 0.9984643
2479.724069 -0.0727036 0.0054249 -0.0096380 -0.0248666 0.0024595 -0.0039278 0.9996800
2480.723972 -0.0726349 0.0035381 -0.0099036 -0.1005640 0.0102200 -0.0092047 0.9948356
2480.873958 -0.0722111 0.0061173 -0.0097260 -0.1025233 0.0107228 -0.0103795 0.9946187
2481.623885 -0.0721589 0.0061546 -0.0092674 -0.1005586 0.0089796 -0.0098251 0.9948421
