2469.725037 0.0000000 0.0000000 0.0000000 -0.0000000 -0.0000000 -0.0000000 1.0000000
2471.349495 -0.0223122 0.0011292 -0.0015872 -0.0073215 -0.0014862 -0.0001929 0.9999721
2471.804883 -0.0272318 0.0015679 -0.0023616 -0.0173791 0.0051198 -0.0009087 0.9998355
2472.106039 -0.0328653 0.0024506 -0.0022500 -0.0269487 0.0095404 -0.0017191 0.9995898
2472.155896 -0.0335911 0.0027267 -0.0019619 -0.0290403 0.0111143 -0.0020695 0.9995143
2472.455927 -0.0385001 0.0029886 -0.0026486 -0.0300302 0.0074961 -0.0021175 0.9995186
2473.255651 -0.0492379 0.0010177 -0.0046292 -0.0145812 -0.0025232 -0.0006213 0.9998903
2473.405519 -0.0503715 -0.0009073 -0.0055133 0.0015253 -0.0044565 0.0004318 0.9999889
2473.454862 -0.0506954 -0.0012841 -0.0055935 0.0067411 -0.0049121 0.0008297 0.9999649
2473.653795 -0.0528755 -0.0030769 -0.0065492 0.0246735 -0.0084179 0.0015326 0.9996589
2473.852650 -0.0546724 -0.0042915 -0.0068943 0.0372257 -0.0089135 0.0024898 0.9992641
2474.202182 -0.0591448 -0.0070859 -0.0087897 0.0639540 -0.0133013 0.0037689 0.9978571
2475.145394 -0.0682275 -0.0128211 -0.0132573 0.1228282 -0.0201591 0.0060927 0.9922045
2475.438708 -0.0734436 -0.0145998 -0.0154650 0.1372054 -0.0232243 0.0062884 0.9902503
2476.374393 -0.0847016 -0.0137065 -0.0170291 0.1282753 -0.0175139 0.0070106 0.9915592
2476.724360 -0.0889115 -0.0135802 -0.0179240 0.1321199 -0.0170034 0.0077777 0.9910574
2476.824350 -0.0905968 -0.0142626 -0.0184292 0.1346013 -0.0173993 0.0083572 0.9907119
2477.024331 -0.0932219 -0.0144164 -0.0184586 0.1373914 -0.0164249 0.0085739 0.9903436
2477.424292 -0.0977240 -0.0142802 -0.0179669 0.1428599 -0.0133921 0.0083057 0.9896175
2477.624272 -0.0982246 -0.0138284 -0.0187990 0.1361780 -0.0132351 0.0086161 0.9905585
2477.824253 -0.1002937 -0.0135586 -0.0201099 0.1213398 -0.0107218 0.0078923 0.9925218
2479.374103 -0.1155907 -0.0003787 -0.0160247 -0.0110119 0.0085430 -0.0005618 0.9999027
2479.824059 -0.1186568 0.0047936 -0.0185753 -0.0486362 0.0102560 -0.0044384 0.9987540
2481.023943 -0.1156147 0.0091814 -0.0141496 -0.1117286 0.0166423 -0.0095559 0.9935535
2481.373909 -0.1149699 0.0108990 -0.0145566 -0.1129843 0.0168052 -0.0105037 0.9933991
2481.723875 -0.1139456 0.0090739 -0.0162604 -0.1119206 0.0134916 -0.0090647 0.9935842
