2444.927438 0.0000000 0.0000000 0.0000000 -0.0000000 -0.0000000 -0.0000000 1.0000000
2449.526993 -0.0145854 0.0020421 0.0019540 -0.0233616 -0.0199941 -0.0012954 0.9995263
2449.576988 -0.0149914 0.0018517 0.0021841 -0.0228537 -0.0212292 -0.0014060 0.9995124
2449.826964 -0.0174537 0.0019141 0.0024486 -0.0218572 -0.0257900 -0.0020089 0.9994264
2450.326915 -0.0242023 0.0011406 0.0017783 -0.0180182 -0.0369289 -0.0090188 0.9991148
2450.976852 -0.0352298 0.0009230 0.0019791 -0.0123758 -0.0535568 -0.0249542 0.9981762
2451.826770 -0.0509914 0.0019802 0.0020534 -0.0104392 -0.0762813 -0.0403087 0.9962165
2452.076746 -0.0536847 0.0019091 0.0016730 -0.0089268 -0.0839234 -0.0417390 0.9955577
2452.426712 -0.0575015 0.0020267 0.0015494 -0.0049004 -0.0902310 -0.0454514 0.9948711
2452.676688 -0.0637886 0.0023146 -0.0000664 -0.0026616 -0.0990763 -0.0480233 0.9939168
2452.726683 -0.0659676 0.0027516 -0.0010849 -0.0036067 -0.1025371 -0.0482216 0.9935532
2452.826673 -0.0702436 0.0033611 -0.0020798 -0.0038345 -0.1116190 -0.0508874 0.9924399
2455.026460 -0.0991645 0.0087905 -0.0048078 -0.0093261 -0.1634355 -0.0937603 0.9820442
2456.126354 -0.1173821 0.0125759 -0.0091845 -0.0117339 -0.1844619 -0.1178741 0.9756750
2456.776291 -0.1265287 0.0163445 -0.0105582 -0.0156706 -0.1935836 -0.1322602 0.9720016
2457.476223 -0.1420901 0.0205397 -0.0163055 -0.0170195 -0.2159982 -0.1502635 0.9646118
2457.776194 -0.1484353 0.0237416 -0.0190759 -0.0160782 -0.2271297 -0.1613650 0.9602682
2457.876184 -0.1549533 0.0236443 -0.0227534 -0.0162409 -0.2277690 -0.1659151 0.9593381
2457.976175 -0.1547965 0.0235915 -0.0230941 -0.0162628 -0.2305963 -0.1667891 0.9585105
2458.426131 -0.1540462 0.0236151 -0.0272086 -0.0003345 -0.2513937 -0.1727488 0.9523439
2458.476126 -0.1535465 0.0240337 -0.0279824 0.0031960 -0.2558565 -0.1744108 0.9508460
2458.576117 -0.1624897 0.0264105 -0.0314725 0.0075904 -0.2597067 -0.1766375 0.9493650
2459.031960 -0.1736194 0.0281661 -0.0397780 0.0380978 -0.2834634 -0.1816551 0.9408498
2459.136493 -0.1757439 0.0286625 -0.0427958 0.0458041 -0.2887262 -0.1815504 0.9389242
2459.287288 -0.1785167 0.0287552 -0.0446004 0.0590757 -0.2959693 -0.1809220 0.9360446
2459.337284 -0.1785162 0.0287689 -0.0447315 0.0619438 -0.2981484 -0.1803768 0.9352726
2460.147715 -0.1939501 0.0315827 -0.0563999 0.1162392 -0.3333912 -0.1796341 0.9181886
2460.499834 -0.1982876 0.0326907 -0.0605224 0.1297671 -0.3411270 -0.1793403 0.9135808
2460.651143 -0.1996748 0.0325518 -0.0617148 0.1348701 -0.3446792 -0.1784932 0.9116724
2462.901498 -0.2309642 0.0484409 -0.0896352 0.1937135 -0.3984928 -0.1738615 0.8794605
2463.351316 -0.2306042 0.0489845 -0.0902380 0.1928793 -0.4031488 -0.1735606 0.8775793
2465.725424 -0.2540040 0.0713317 -0.1235031 0.1845957 -0.4217653 -0.1835484 0.8685324
2465.925405 -0.2537904 0.0715243 -0.1236276 0.1764451 -0.4180878 -0.1874299 0.8711715
2466.025395 -0.2534222 0.0719161 -0.1242324 0.1700951 -0.4162686 -0.1904903 0.8726406
2466.125386 -0.2521394 0.0738631 -0.1258412 0.1648843 -0.4184042 -0.1928028 0.8721113
2466.325366 -0.2518080 0.0734038 -0.1262189 0.1499041 -0.4209361 -0.1991764 0.8721642
2467.925211 -0.2652628 0.0934097 -0.1382468 0.0775418 -0.3875570 -0.2422332 0.8860643
2468.025202 -0.2656323 0.0954306 -0.1395949 0.0736498 -0.3910989 -0.2445413 0.8842041
2468.325173 -0.2686349 0.0994159 -0.1415982 0.0618889 -0.3916335 -0.2507878 0.8831186
2469.225086 -0.2727264 0.1056604 -0.1475646 0.0418390 -0.3881339 -0.2613117 0.8827898
2469.525057 -0.2734018 0.1069072 -0.1497569 0.0340398 -0.3870532 -0.2649456 0.8825163
2470.891756 -0.2824109 0.1166965 -0.1619463 0.0220194 -0.3820138 -0.2714615 0.8831134
2471.854879 -0.2876326 0.1226130 -0.1696004 0.0160953 -0.3737543 -0.2750406 0.8856643
2472.155896 -0.2894660 0.1254476 -0.1716205 0.0098686 -0.3671822 -0.2788501 0.8873119
2472.656085 -0.2930546 0.1287858 -0.1766181 0.0071486 -0.3716669 -0.2798743 0.8851457
2473.355662 -0.2978431 0.1297532 -0.1841797 0.0285647 -0.3877860 -0.2677167 0.8815520
2473.504185 -0.2985770 0.1299821 -0.1857328 0.0396960 -0.3931717 -0.2617142 0.8805373
2474.352365 -0.3037685 0.1288449 -0.1967710 0.0902799 -0.4201414 -0.2349006 0.8718673
2475.145394 -0.3074302 0.1288574 -0.2039882 0.1328055 -0.4324296 -0.2125275 0.8661405
2475.438708 -0.3085391 0.1290696 -0.2066385 0.1442921 -0.4388179 -0.2061339 0.8626282
2476.424389 -0.3118886 0.1341493 -0.2146790 0.1365080 -0.4312953 -0.2096651 0.8668278
2476.924340 -0.3154764 0.1366932 -0.2184835 0.1445019 -0.4335013 -0.2047581 0.8656039
2477.024331 -0.3154396 0.1366700 -0.2184875 0.1453413 -0.4337427 -0.2040807 0.8655023
2477.574277 -0.3159836 0.1369793 -0.2200407 0.1460405 -0.4316092 -0.2030666 0.8666890
2477.874248 -0.3162807 0.1399200 -0.2243769 0.1307016 -0.4246636 -0.2121973 0.8703736
2477.974239 -0.3168238 0.1417137 -0.2238787 0.1254148 -0.4234341 -0.2149221 0.8710816
2478.124224 -0.3177006 0.1418420 -0.2247552 0.1160555 -0.4202239 -0.2201599 0.8726240
2478.824156 -0.3222902 0.1507038 -0.2263153 0.0676418 -0.3946871 -0.2476138 0.8822324
2479.524088 -0.3226711 0.1563634 -0.2266884 0.0125121 -0.3731370 -0.2771225 0.8853335
2479.824059 -0.3194059 0.1600381 -0.2252124 -0.0076782 -0.3649875 -0.2876706 0.8854212
2480.424001 -0.3186589 0.1623421 -0.2231943 -0.0452938 -0.3464017 -0.3081956 0.8848559
2480.723972 -0.3185325 0.1638853 -0.2229860 -0.0585183 -0.3400804 -0.3154036 0.8839918
2481.523895 -0.3186646 0.1641775 -0.2227306 -0.0602357 -0.3387828 -0.3162161 0.8840844
