2461.502147 0.0000000 0.0000000 0.0000000 -0.0000000 -0.0000000 -0.0000000 1.0000000
2462.701517 -0.0081828 -0.0010480 0.0007145 0.0385255 -0.0168880 -0.0034110 0.9991091
2462.751513 -0.0081752 -0.0010757 0.0008359 0.0382352 -0.0180897 -0.0032969 0.9990996
2463.701124 -0.0086068 -0.0007698 -0.0000645 0.0403177 -0.0321336 -0.0009750 0.9986696
2464.345787 -0.0131275 -0.0010479 -0.0004782 0.0450454 -0.0368737 -0.0016485 0.9983028
2465.085364 -0.0184483 -0.0006696 -0.0018105 0.0612799 -0.0510876 -0.0009495 0.9968119
2465.232505 -0.0183887 -0.0008830 -0.0015110 0.0532650 -0.0530479 -0.0014543 0.9971694
2465.925405 -0.0230226 -0.0008298 -0.0025322 0.0219829 -0.0474246 -0.0061386 0.9986141
2465.975400 -0.0233298 -0.0005381 -0.0030941 0.0184580 -0.0465333 -0.0065353 0.9987248
2466.125386 -0.0231872 -0.0006023 -0.0030741 0.0092646 -0.0501941 -0.0061846 0.9986774
2466.175381 -0.0231806 -0.0005746 -0.0031920 0.0059030 -0.0523188 -0.0060635 0.9985946
2466.225376 -0.0232487 -0.0004388 -0.0034754 0.0028158 -0.0542522 -0.0058054 0.9985065
2466.425357 -0.0235983 -0.0008281 -0.0038082 -0.0163305 -0.0536007 -0.0069379 0.9984048
2469.675042 -0.0393232 0.0046551 -0.0054009 -0.1438232 -0.0519674 -0.0260448 0.9878947
2469.825028 -0.0398310 0.0051405 -0.0052830 -0.1459332 -0.0496676 -0.0268340 0.9876825
2470.635558 -0.0430396 0.0053486 -0.0060975 -0.1565633 -0.0474269 -0.0282262 0.9861247
2470.787973 -0.0439447 0.0054645 -0.0061857 -0.1563690 -0.0488520 -0.0280343 0.9860914
2470.891756 -0.0445800 0.0052739 -0.0063964 -0.1558140 -0.0511340 -0.0276414 0.9860747
2472.256203 -0.0503385 0.0061202 -0.0073866 -0.1747919 -0.0403867 -0.0317041 0.9832658
2472.955937 -0.0526311 0.0061018 -0.0079713 -0.1730341 -0.0481715 -0.0301190 0.9832759
2473.155503 -0.0536859 0.0059607 -0.0081278 -0.1673448 -0.0514530 -0.0288162 0.9841331
2473.255651 -0.0540403 0.0055149 -0.0081963 -0.1590270 -0.0532861 -0.0275048 0.9854515
2474.501066 -0.0584918 0.0025137 -0.0096686 -0.0632473 -0.0734953 -0.0150438 0.9951743
2475.145394 -0.0610582 0.0006944 -0.0102264 -0.0232457 -0.0716817 -0.0116821 0.9970883
2475.390431 -0.0611526 0.0006104 -0.0109024 -0.0143375 -0.0759300 -0.0105332 0.9969544
2476.674364 -0.0653237 0.0005265 -0.0119995 -0.0142351 -0.0697033 -0.0092683 0.9974232
2476.924340 -0.0666589 0.0008659 -0.0119997 -0.0089919 -0.0696009 -0.0086710 0.9974967
2477.324302 -0.0669509 0.0009741 -0.0120478 -0.0032421 -0.0684218 -0.0080527 0.9976187
2477.624272 -0.0676012 0.0006905 -0.0125296 -0.0092738 -0.0667510 -0.0082930 0.9976921
2478.574180 -0.0710706 0.0027365 -0.0120991 -0.0813039 -0.0576173 -0.0169171 0.9948788
2478.674171 -0.0714451 0.0030913 -0.0128558 -0.0903588 -0.0544185 -0.0184963 0.9942493
2478.974142 -0.0719316 0.0043447 -0.0123677 -0.1167240 -0.0460050 -0.0232717 0.9918253
2479.174122 -0.0722212 0.0045670 -0.0125752 -0.1359855 -0.0449926 -0.0257024 0.9893548
2480.224021 -0.0727206 0.0070215 -0.0137302 -0.2240321 -0.0382996 -0.0384581 0.9730693
2480.573987 -0.0720151 0.0077675 -0.0136906 -0.2457912 -0.0347968 -0.0420070 0.9677868
2480.823963 -0.0720432 0.0078999 -0.0135749 -0.2545411 -0.0337471 -0.0433450 0.9655005
