2444.927438 0.0000000 0.0000000 0.0000000 -0.0000000 -0.0000000 -0.0000000 1.0000000
2449.526993 -0.0145619 0.0018112 0.0019898 -0.0234719 -0.0199442 -0.0013004 0.9995247
2449.576988 -0.0151944 0.0021067 0.0023252 -0.0227578 -0.0210293 -0.0014404 0.9995188
2450.026944 -0.0205766 0.0019425 0.0026448 -0.0198668 -0.0290086 -0.0039812 0.9993738
2450.276920 -0.0238102 0.0010782 0.0022560 -0.0186647 -0.0354405 -0.0075051 0.9991693
2450.576891 -0.0287242 0.0012009 0.0025635 -0.0158964 -0.0445196 -0.0149975 0.9987695
2451.426809 -0.0433208 0.0011390 0.0022066 -0.0117954 -0.0651375 -0.0329409 0.9972627
2451.926760 -0.0521537 0.0012901 0.0016288 -0.0108810 -0.0797974 -0.0411576 0.9959016
2452.426712 -0.0577983 0.0015621 0.0008908 -0.0051956 -0.0899893 -0.0453899 0.9948943
2452.726683 -0.0660678 0.0021493 -0.0012957 -0.0039219 -0.1025035 -0.0483172 0.9935508
2452.826673 -0.0702971 0.0026970 -0.0028139 -0.0041240 -0.1115593 -0.0509968 0.9924399
2454.076552 -0.0864615 0.0049807 -0.0035532 -0.0091833 -0.1399858 -0.0755567 0.9872238
2454.226538 -0.0886580 0.0057791 -0.0038768 -0.0094525 -0.1423604 -0.0771293 0.9867600
2454.776485 -0.0951533 0.0065780 -0.0046760 -0.0070538 -0.1542488 -0.0884879 0.9840363
2455.026460 -0.0995278 0.0079542 -0.0056357 -0.0097294 -0.1632583 -0.0936853 0.9820769
2456.326335 -0.1194414 0.0125346 -0.0099612 -0.0130532 -0.1863945 -0.1214990 0.9748460
2457.426228 -0.1409265 0.0196290 -0.0168353 -0.0178196 -0.2142738 -0.1492548 0.9651384
2457.576214 -0.1446988 0.0210357 -0.0181747 -0.0168611 -0.2197459 -0.1543916 0.9631151
2457.876184 -0.1515833 0.0221464 -0.0239162 -0.0167656 -0.2291889 -0.1644268 0.9592472
2458.076165 -0.1565666 0.0227266 -0.0269790 -0.0161881 -0.2318254 -0.1670837 0.9581639
2458.276146 -0.1561410 0.0222920 -0.0289710 -0.0107386 -0.2383099 -0.1711369 0.9559316
2458.376136 -0.1553344 0.0222819 -0.0303540 -0.0048922 -0.2452049 -0.1729643 0.9539046
2458.626112 -0.1675747 0.0257593 -0.0372450 0.0095696 -0.2605841 -0.1776868 0.9489108
2458.780107 -0.1721533 0.0271616 -0.0402794 0.0190654 -0.2690826 -0.1797184 0.9460087
2459.031960 -0.1779947 0.0280123 -0.0442674 0.0377770 -0.2811991 -0.1819864 0.9414781
2459.136493 -0.1801697 0.0286633 -0.0467044 0.0455610 -0.2866412 -0.1821631 0.9394560
2459.337284 -0.1831592 0.0281738 -0.0489756 0.0615132 -0.2959449 -0.1811543 0.9358503
2459.438499 -0.1846355 0.0284131 -0.0503565 0.0680714 -0.2987021 -0.1808195 0.9345842
2459.541946 -0.1864027 0.0294266 -0.0519541 0.0771537 -0.3046199 -0.1807021 0.9319876
2459.796524 -0.1926413 0.0310045 -0.0568553 0.0915033 -0.3163077 -0.1831632 0.9262979
2461.752795 -0.2230564 0.0418714 -0.0831545 0.1744041 -0.3801611 -0.1825071 0.8898044
2463.051681 -0.2371063 0.0482337 -0.0971382 0.1919985 -0.3974550 -0.1753958 0.8800014
2463.651129 -0.2357754 0.0481008 -0.0987553 0.1926805 -0.4053171 -0.1742745 0.8764820
2465.429799 -0.2569633 0.0680631 -0.1279318 0.1935255 -0.4249227 -0.1786133 0.8660750
2465.975400 -0.2562174 0.0691101 -0.1294766 0.1719925 -0.4150659 -0.1891240 0.8731387
2466.025395 -0.2560568 0.0695490 -0.1299844 0.1689308 -0.4144273 -0.1907623 0.8736831
2466.125386 -0.2548249 0.0710524 -0.1312410 0.1636005 -0.4166386 -0.1929595 0.8731632
2466.775323 -0.2614722 0.0818957 -0.1360478 0.1159694 -0.3998265 -0.2193533 0.8823685
2467.925211 -0.2708012 0.0944088 -0.1434986 0.0770660 -0.3850758 -0.2420321 0.8872417
2470.839706 -0.2883390 0.1163720 -0.1671393 0.0210322 -0.3782117 -0.2716783 0.8847058
2471.604231 -0.2924024 0.1212182 -0.1729818 0.0199977 -0.3738448 -0.2724568 0.8863450
2471.955580 -0.2948701 0.1237574 -0.1765186 0.0129481 -0.3703080 -0.2763039 0.8867697
2472.805794 -0.2999132 0.1299711 -0.1842434 0.0051993 -0.3697159 -0.2800930 0.8859069
2473.305508 -0.3038087 0.1310948 -0.1897208 0.0220868 -0.3821898 -0.2705978 0.8833007
2473.454862 -0.3046401 0.1299016 -0.1915403 0.0353357 -0.3880924 -0.2635502 0.8824267
2474.352365 -0.3120803 0.1292412 -0.2046543 0.0895481 -0.4166329 -0.2357536 0.8733948
2475.145394 -0.3106978 0.1288176 -0.2082444 0.1319724 -0.4305497 -0.2118186 0.8673772
2476.474384 -0.3197091 0.1358069 -0.2209242 0.1350036 -0.4270810 -0.2102593 0.8690034
2476.724360 -0.3214403 0.1362225 -0.2244688 0.1400945 -0.4294307 -0.2074178 0.8677216
2477.374297 -0.3243479 0.1372695 -0.2283055 0.1498069 -0.4297452 -0.2022004 0.8671747
2477.524282 -0.3240575 0.1388731 -0.2297964 0.1472912 -0.4276995 -0.2033936 0.8683372
2477.624272 -0.3233022 0.1385815 -0.2292161 0.1441771 -0.4278157 -0.2045729 0.8685256
2477.824253 -0.3221974 0.1396668 -0.2310400 0.1320033 -0.4226948 -0.2108895 0.8714528
2479.174122 -0.3332355 0.1556185 -0.2317764 0.0399191 -0.3785517 -0.2633156 0.8864368
2479.524088 -0.3290748 0.1584285 -0.2336834 0.0121251 -0.3701567 -0.2764634 0.8867948
2479.924050 -0.3289558 0.1618378 -0.2321050 -0.0177514 -0.3567342 -0.2926123 0.8870196
2480.224021 -0.3284242 0.1646602 -0.2314723 -0.0353841 -0.3487568 -0.3019007 0.8865510
2480.473997 -0.3258297 0.1650332 -0.2299210 -0.0480789 -0.3423710 -0.3083278 0.8862305
2481.323914 -0.3276234 0.1663786 -0.2304861 -0.0615606 -0.3342725 -0.3160930 0.8857524
2481.873861 -0.3269546 0.1665466 -0.2315001 -0.0596860 -0.3391381 -0.3145897 0.8845657
