2461.502147 0.0000000 0.0000000 0.0000000 -0.0000000 -0.0000000 -0.0000000 1.0000000
2462.701517 -0.0093107 -0.0017435 0.0017116 0.0377571 -0.0166556 -0.0038020 0.9991409
2462.751513 -0.0093351 -0.0017034 0.0016883 0.0375659 -0.0178866 -0.0038637 0.9991266
2463.999377 -0.0100758 -0.0011576 0.0002510 0.0409702 -0.0346446 -0.0008295 0.9985592
2464.048661 -0.0100609 -0.0011747 0.0002030 0.0420574 -0.0350411 -0.0005994 0.9985003
2464.395328 -0.0103649 -0.0009003 -0.0003871 0.0449766 -0.0404908 0.0008147 0.9981668
2465.925405 -0.0246512 -0.0013814 -0.0019847 0.0212980 -0.0476539 -0.0063548 0.9986166
2466.125386 -0.0250481 -0.0011846 -0.0026587 0.0085860 -0.0502019 -0.0068878 0.9986784
2466.325366 -0.0253730 -0.0007588 -0.0036891 -0.0061051 -0.0555227 -0.0072994 0.9984121
2466.875313 -0.0283971 0.0003476 -0.0043360 -0.0533809 -0.0456721 -0.0143577 0.9974259
2467.525250 -0.0323572 -0.0006427 -0.0053999 -0.0820028 -0.0463824 -0.0188387 0.9953740
2467.575245 -0.0325340 -0.0005901 -0.0054789 -0.0853025 -0.0453200 -0.0194922 0.9951330
2469.775032 -0.0416147 0.0049581 -0.0048174 -0.1462361 -0.0511798 -0.0265651 0.9875677
2470.075398 -0.0432569 0.0050129 -0.0053640 -0.1519524 -0.0507506 -0.0272514 0.9867077
2470.943687 -0.0471816 0.0051607 -0.0061445 -0.1562503 -0.0527508 -0.0272413 0.9859316
2471.502878 -0.0491622 0.0050656 -0.0065297 -0.1545334 -0.0497917 -0.0276162 0.9863456
2472.155896 -0.0520727 0.0057280 -0.0070702 -0.1736377 -0.0403175 -0.0314715 0.9834806
2472.755937 -0.0547215 0.0058568 -0.0075735 -0.1756258 -0.0468429 -0.0307290 0.9828617
2473.105646 -0.0561587 0.0056508 -0.0080503 -0.1701167 -0.0518171 -0.0291182 0.9836298
2473.205498 -0.0564584 0.0055460 -0.0082171 -0.1647423 -0.0535772 -0.0279818 0.9844829
2474.102764 -0.0596219 0.0027999 -0.0089809 -0.0896039 -0.0637880 -0.0185238 0.9937601
2475.438708 -0.0643073 0.0000780 -0.0107540 -0.0091154 -0.0770793 -0.0093418 0.9969395
2476.524379 -0.0682379 0.0004300 -0.0119997 -0.0209169 -0.0686390 -0.0100195 0.9973719
2476.724360 -0.0691184 0.0000517 -0.0123567 -0.0143426 -0.0706775 -0.0091589 0.9973541
2476.924340 -0.0696137 0.0000717 -0.0121851 -0.0098932 -0.0709413 -0.0084554 0.9973956
2477.574277 -0.0710302 0.0004111 -0.0127192 -0.0078571 -0.0676370 -0.0084291 0.9976435
2478.024234 -0.0726097 0.0002836 -0.0139191 -0.0375112 -0.0642564 -0.0117588 0.9971589
2478.224214 -0.0731516 0.0005511 -0.0140437 -0.0506552 -0.0635347 -0.0132065 0.9966058
2478.574180 -0.0744774 0.0011570 -0.0136571 -0.0827659 -0.0588141 -0.0166755 0.9946923
2479.624079 -0.0766743 0.0050950 -0.0141268 -0.1780150 -0.0447118 -0.0313573 0.9825112
2480.074035 -0.0764686 0.0057810 -0.0143143 -0.2136121 -0.0409507 -0.0368509 0.9753640
2480.174026 -0.0763456 0.0062852 -0.0145012 -0.2213245 -0.0398802 -0.0378141 0.9736505
2480.424001 -0.0765657 0.0058790 -0.0141398 -0.2386106 -0.0362464 -0.0409558 0.9695741
2481.073938 -0.0763864 0.0070699 -0.0143990 -0.2550973 -0.0336331 -0.0440213 0.9653271
2481.923856 -0.0760736 0.0067656 -0.0145316 -0.2525230 -0.0384649 -0.0419268 0.9659165
