2444.927438 0.0000000 0.0000000 0.0000000 -0.0000000 -0.0000000 -0.0000000 1.0000000
2449.526993 -0.0155404 0.0022986 0.0019626 -0.0232598 -0.0196947 -0.0013000 0.9995346
2449.676978 -0.0167443 0.0020690 0.0022647 -0.0227327 -0.0232098 -0.0014381 0.9994711
2449.726974 -0.0174463 0.0020539 0.0020547 -0.0230677 -0.0235892 -0.0015121 0.9994544
2449.976949 -0.0206745 0.0021501 0.0020993 -0.0205638 -0.0278793 -0.0030833 0.9993950
2450.276920 -0.0248057 0.0018257 0.0025301 -0.0183167 -0.0353817 -0.0075478 0.9991775
2451.576794 -0.0485294 0.0016704 0.0022147 -0.0107915 -0.0689721 -0.0360350 0.9969092
2451.776775 -0.0519715 0.0019647 0.0021694 -0.0108307 -0.0744500 -0.0389892 0.9964034
2451.926760 -0.0540045 0.0017520 0.0019267 -0.0107023 -0.0796149 -0.0410163 0.9959240
2452.426712 -0.0599670 0.0018233 0.0010223 -0.0050562 -0.0897687 -0.0453776 0.9949155
2452.726683 -0.0682169 0.0024699 -0.0010771 -0.0037805 -0.1022832 -0.0481101 0.9935840
2452.826673 -0.0727959 0.0028908 -0.0025405 -0.0040550 -0.1112326 -0.0507717 0.9924883
2454.026557 -0.0896008 0.0055114 -0.0038146 -0.0089082 -0.1383872 -0.0741911 0.9875552
2454.076552 -0.0897657 0.0056365 -0.0035240 -0.0089633 -0.1395228 -0.0755693 0.9872904
2456.176349 -0.1227009 0.0130051 -0.0104006 -0.0119844 -0.1843816 -0.1187359 0.9755827
2456.326335 -0.1243826 0.0131439 -0.0108958 -0.0130251 -0.1855334 -0.1217280 0.9749821
2457.576214 -0.1505897 0.0221951 -0.0193263 -0.0167401 -0.2189186 -0.1546366 0.9632663
2457.726199 -0.1546830 0.0229390 -0.0218031 -0.0167543 -0.2236872 -0.1595996 0.9613591
2458.126160 -0.1651683 0.0253094 -0.0271694 -0.0139467 -0.2313187 -0.1688684 0.9580086
2458.326141 -0.1650605 0.0253706 -0.0284177 -0.0087390 -0.2399509 -0.1717657 0.9554286
2458.476126 -0.1722987 0.0280404 -0.0327579 0.0041938 -0.2497614 -0.1767355 0.9520327
2458.576117 -0.1760048 0.0293114 -0.0347793 0.0080628 -0.2559094 -0.1778639 0.9501631
2458.676502 -0.1792788 0.0296020 -0.0367287 0.0162772 -0.2628663 -0.1790766 0.9479282
2458.880493 -0.1840252 0.0303250 -0.0413396 0.0263689 -0.2714192 -0.1813209 0.9448593
2459.136493 -0.1901462 0.0319178 -0.0467788 0.0462264 -0.2846876 -0.1828426 0.9398855
2459.287288 -0.1928489 0.0313037 -0.0487273 0.0592749 -0.2921779 -0.1822255 0.9369698
2459.337284 -0.1925453 0.0311621 -0.0488018 0.0619802 -0.2943504 -0.1816100 0.9362340
2459.695586 -0.2003506 0.0336116 -0.0541593 0.0856185 -0.3100926 -0.1830690 0.9289768
2460.499834 -0.2137410 0.0349119 -0.0655906 0.1297824 -0.3370540 -0.1811619 0.9147303
2461.952242 -0.2380770 0.0462636 -0.0858852 0.1820111 -0.3787686 -0.1812421 0.8891331
2463.051681 -0.2462357 0.0510785 -0.0935645 0.1923626 -0.3969103 -0.1756235 0.8801224
2465.332179 -0.2687166 0.0723721 -0.1258488 0.1989786 -0.4245440 -0.1762728 0.8655044
2465.775420 -0.2686589 0.0731932 -0.1267540 0.1823074 -0.4184631 -0.1846672 0.8703738
2465.925405 -0.2708398 0.0743596 -0.1304569 0.1759328 -0.4141827 -0.1887165 0.8728611
2466.475352 -0.2766601 0.0860568 -0.1366982 0.1379893 -0.4083095 -0.2088545 0.8778509
2466.875313 -0.2759867 0.0876962 -0.1400031 0.1123082 -0.3968625 -0.2228878 0.8832939
2467.925211 -0.2849764 0.1004426 -0.1451010 0.0777518 -0.3831388 -0.2430325 0.8877469
2468.325173 -0.2881750 0.1065251 -0.1502787 0.0621566 -0.3866830 -0.2517309 0.8850110
2469.175091 -0.2913408 0.1117748 -0.1554817 0.0430509 -0.3828098 -0.2614557 0.8850109
2469.825028 -0.2960661 0.1161314 -0.1589544 0.0308373 -0.3781999 -0.2677202 0.8856296
2470.534303 -0.3001199 0.1214621 -0.1650539 0.0220057 -0.3732650 -0.2724324 0.8865492
2471.247509 -0.3061459 0.1263720 -0.1728280 0.0244937 -0.3791340 -0.2703456 0.8846303
2471.754572 -0.3081231 0.1298794 -0.1761902 0.0196902 -0.3717213 -0.2734203 0.8869482
2471.854879 -0.3085511 0.1304138 -0.1772076 0.0159577 -0.3689625 -0.2754076 0.8875600
2473.355662 -0.3197331 0.1388397 -0.1926302 0.0287496 -0.3827012 -0.2680185 0.8836738
2474.053085 -0.3233145 0.1371172 -0.2006502 0.0727929 -0.4018421 -0.2451095 0.8792869
2474.749304 -0.3275549 0.1359634 -0.2089183 0.1150118 -0.4236267 -0.2231646 0.8703507
2475.930244 -0.3339421 0.1393710 -0.2228415 0.1504448 -0.4347020 -0.2037760 0.8642198
2476.674364 -0.3372277 0.1431572 -0.2275753 0.1403859 -0.4270228 -0.2084498 0.8686150
2476.774355 -0.3381236 0.1442945 -0.2290303 0.1418954 -0.4283318 -0.2077279 0.8678979
2477.074326 -0.3387980 0.1454041 -0.2306119 0.1461730 -0.4282428 -0.2049599 0.8678899
2477.924243 -0.3381562 0.1490215 -0.2362408 0.1288643 -0.4186293 -0.2140318 0.8731173
2478.124224 -0.3399599 0.1512061 -0.2377378 0.1165044 -0.4145890 -0.2212472 0.8749813
2479.174122 -0.3435674 0.1633990 -0.2382670 0.0402123 -0.3770692 -0.2618667 0.8874840
2479.724069 -0.3445011 0.1686310 -0.2378995 0.0007234 -0.3626457 -0.2836670 0.8877053
2479.824059 -0.3431131 0.1691586 -0.2389254 -0.0080387 -0.3586574 -0.2881911 0.8878323
2480.074035 -0.3436735 0.1702849 -0.2376714 -0.0253286 -0.3512793 -0.2976753 0.8873279
2480.224021 -0.3436450 0.1714976 -0.2376073 -0.0350971 -0.3461640 -0.3031796 0.8871420
2480.523992 -0.3415577 0.1722495 -0.2359647 -0.0512450 -0.3373405 -0.3114460 0.8868916
2480.723972 -0.3415664 0.1736594 -0.2359501 -0.0586635 -0.3340710 -0.3155770 0.8862090
