2444.927438 0.0000000 0.0000000 0.0000000 -0.0000000 -0.0000000 -0.0000000 1.0000000
2449.526993 -0.0153495 0.0019744 0.0019097 -0.0234185 -0.0197176 -0.0013075 0.9995304
2449.626983 -0.0161837 0.0020284 0.0021606 -0.0233510 -0.0222221 -0.0012742 0.9994795
2449.776969 -0.0178542 0.0020710 0.0020625 -0.0223401 -0.0244733 -0.0017583 0.9994493
2450.276920 -0.0250165 0.0013233 0.0021060 -0.0184610 -0.0351214 -0.0076416 0.9991834
2450.576891 -0.0297518 0.0015118 0.0025808 -0.0157565 -0.0442844 -0.0148877 0.9987838
2451.526799 -0.0473441 0.0014500 0.0019425 -0.0102898 -0.0668876 -0.0351474 0.9970882
2451.926760 -0.0538404 0.0021264 0.0024457 -0.0105566 -0.0795305 -0.0411048 0.9959286
2452.426712 -0.0599891 0.0021410 0.0015773 -0.0049398 -0.0895496 -0.0455534 0.9949278
2452.726683 -0.0684295 0.0027825 -0.0007234 -0.0036439 -0.1019067 -0.0483573 0.9936113
2452.826673 -0.0729585 0.0036309 -0.0019703 -0.0037436 -0.1109134 -0.0511634 0.9925052
2454.076552 -0.0893782 0.0058808 -0.0030186 -0.0088597 -0.1393835 -0.0756465 0.9873051
2454.976465 -0.1023651 0.0083529 -0.0055393 -0.0084585 -0.1598960 -0.0925177 0.9827524
2455.626402 -0.1158601 0.0110243 -0.0090426 -0.0101187 -0.1771013 -0.1093263 0.9780493
2456.726296 -0.1302428 0.0158926 -0.0113637 -0.0145953 -0.1906080 -0.1320176 0.9726391
2456.876281 -0.1337458 0.0163934 -0.0127897 -0.0153001 -0.1956971 -0.1360860 0.9710557
2457.776194 -0.1545042 0.0241001 -0.0210702 -0.0164154 -0.2254253 -0.1614456 0.9606505
2457.876184 -0.1574511 0.0238404 -0.0232027 -0.0165096 -0.2276852 -0.1648093 0.9595441
2458.176155 -0.1623908 0.0246903 -0.0268292 -0.0113591 -0.2332403 -0.1708828 0.9572194
2458.326141 -0.1657209 0.0256205 -0.0293665 -0.0085853 -0.2386848 -0.1727415 0.9555712
2458.376136 -0.1696064 0.0278356 -0.0316025 -0.0027344 -0.2404520 -0.1759232 0.9545818
2458.576117 -0.1749862 0.0281990 -0.0356647 0.0076879 -0.2551762 -0.1783393 0.9502743
2458.780107 -0.1802276 0.0295512 -0.0399060 0.0194841 -0.2667649 -0.1806722 0.9464747
2459.084542 -0.1877667 0.0307919 -0.0452898 0.0418055 -0.2818767 -0.1827400 0.9409591
2459.187575 -0.1894280 0.0309293 -0.0475701 0.0504129 -0.2866159 -0.1837012 0.9389163
2459.337284 -0.1920425 0.0310970 -0.0495118 0.0621681 -0.2933254 -0.1825358 0.9363632
2459.695586 -0.1986572 0.0325478 -0.0545164 0.0852676 -0.3095537 -0.1834696 0.9291098
2460.550758 -0.2121346 0.0358788 -0.0656177 0.1311503 -0.3379201 -0.1812438 0.9141993
2460.651143 -0.2133643 0.0365183 -0.0664252 0.1354288 -0.3399961 -0.1805085 0.9129504
2461.502147 -0.2276480 0.0432013 -0.0801390 0.1629725 -0.3681836 -0.1843068 0.8966113
2462.202435 -0.2387722 0.0471270 -0.0885279 0.1901720 -0.3821350 -0.1777502 0.8866862
2463.551494 -0.2491406 0.0542709 -0.1001925 0.1935408 -0.3991559 -0.1764548 0.8786810
2464.889946 -0.2601075 0.0638550 -0.1188127 0.2021076 -0.4173065 -0.1729683 0.8689590
2465.825415 -0.2718710 0.0749888 -0.1306116 0.1806335 -0.4149085 -0.1878531 0.8717418
2465.925405 -0.2716711 0.0755786 -0.1311473 0.1764127 -0.4125196 -0.1898499 0.8733059
2466.425357 -0.2670891 0.0794962 -0.1352934 0.1417437 -0.4116694 -0.2056816 0.8764315
2466.575342 -0.2663667 0.0811125 -0.1370115 0.1275857 -0.4043344 -0.2140735 0.8800046
2466.675333 -0.2719887 0.0851338 -0.1349752 0.1206465 -0.4001853 -0.2186727 0.8817474
2468.775129 -0.2870723 0.1066938 -0.1521225 0.0528278 -0.3828056 -0.2570352 0.8857777
2469.275081 -0.2896569 0.1111116 -0.1559398 0.0403346 -0.3826442 -0.2629130 0.8847787
2469.625047 -0.2928492 0.1136285 -0.1577877 0.0330364 -0.3803492 -0.2667532 0.8849214
2470.534303 -0.2981687 0.1198822 -0.1638958 0.0217073 -0.3721428 -0.2730426 0.8868407
2470.787973 -0.3002612 0.1217584 -0.1669527 0.0216542 -0.3736770 -0.2728802 0.8862466
2471.097089 -0.3027849 0.1243529 -0.1701158 0.0229622 -0.3776597 -0.2718549 0.8848394
2471.854879 -0.3063256 0.1292023 -0.1759715 0.0159283 -0.3677095 -0.2760728 0.8878738
2472.656085 -0.3121965 0.1356422 -0.1843286 0.0069881 -0.3652695 -0.2808578 0.8874955
2473.405519 -0.3176823 0.1364378 -0.1926706 0.0316319 -0.3827120 -0.2670909 0.8838515
2473.504185 -0.3177332 0.1363400 -0.1932503 0.0394746 -0.3869492 -0.2629915 0.8829200
2474.749304 -0.3246738 0.1346910 -0.2073213 0.1150570 -0.4224578 -0.2239165 0.8707197
2475.438708 -0.3283674 0.1354598 -0.2150858 0.1444217 -0.4326063 -0.2081488 0.8652562
2476.574374 -0.3326954 0.1410591 -0.2236804 0.1376804 -0.4245172 -0.2107083 0.8697306
2476.824350 -0.3344697 0.1430731 -0.2267223 0.1429447 -0.4274031 -0.2074462 0.8682508
2477.374297 -0.3378164 0.1450292 -0.2304479 0.1510049 -0.4263482 -0.2039335 0.8682372
2477.574277 -0.3374987 0.1456433 -0.2312240 0.1469036 -0.4245044 -0.2057993 0.8694032
2477.674268 -0.3377861 0.1454626 -0.2314558 0.1424940 -0.4229408 -0.2079210 0.8703938
2477.774258 -0.3371029 0.1457157 -0.2330119 0.1357259 -0.4198429 -0.2112550 0.8721707
2478.474190 -0.3420138 0.1539499 -0.2336955 0.0938639 -0.4048930 -0.2334289 0.8790690
2479.524088 -0.3427936 0.1659299 -0.2349620 0.0131900 -0.3664987 -0.2777560 0.8878943
2480.074035 -0.3411044 0.1695524 -0.2334453 -0.0250569 -0.3504983 -0.2975973 0.8876706
2480.424001 -0.3391199 0.1707717 -0.2326259 -0.0453342 -0.3394294 -0.3084767 0.8874540
2480.823963 -0.3398451 0.1725895 -0.2329314 -0.0606338 -0.3316039 -0.3167758 0.8865752
2481.073938 -0.3406066 0.1727366 -0.2333316 -0.0598760 -0.3308639 -0.3167295 0.8869196
2481.673880 -0.3400910 0.1729447 -0.2325676 -0.0595588 -0.3337632 -0.3160057 0.8861125
