2444.927438 0.0000000 0.0000000 0.0000000 -0.0000000 -0.0000000 -0.0000000 1.0000000
2449.526993 -0.0151067 0.0018680 0.0020874 -0.0234900 -0.0198443 -0.0012139 0.9995264
2449.626983 -0.0160047 0.0022166 0.0024502 -0.0232592 -0.0223594 -0.0012043 0.9994787
2449.676978 -0.0164282 0.0019551 0.0023512 -0.0227746 -0.0233604 -0.0014767 0.9994666
2450.276920 -0.0243493 0.0009118 0.0021293 -0.0186925 -0.0354629 -0.0075516 0.9991676
2450.576891 -0.0293512 0.0011818 0.0024733 -0.0158891 -0.0445108 -0.0149029 0.9987714
2450.976852 -0.0358227 0.0010681 0.0020802 -0.0123354 -0.0535375 -0.0249314 0.9981784
2451.276823 -0.0413418 0.0012036 0.0024479 -0.0119062 -0.0613063 -0.0307502 0.9975742
2451.926760 -0.0527914 0.0018934 0.0021445 -0.0106319 -0.0800261 -0.0410650 0.9958898
2452.426712 -0.0583339 0.0014716 0.0010781 -0.0051537 -0.0902809 -0.0454316 0.9948663
2452.726683 -0.0665844 0.0027449 -0.0004492 -0.0036182 -0.1028528 -0.0482530 0.9935189
2452.826673 -0.0707000 0.0035135 -0.0015068 -0.0037810 -0.1119546 -0.0506870 0.9924126
2454.026557 -0.0873504 0.0060726 -0.0025743 -0.0086013 -0.1390802 -0.0742014 0.9874598
2454.326528 -0.0932589 0.0077308 -0.0024480 -0.0076167 -0.1439323 -0.0816112 0.9861872
2454.676494 -0.0921371 0.0068655 -0.0031692 -0.0087010 -0.1542277 -0.0836155 0.9844524
2456.176349 -0.1194001 0.0135392 -0.0087672 -0.0115661 -0.1854091 -0.1187790 0.9753878
2457.426228 -0.1424987 0.0207936 -0.0156987 -0.0173642 -0.2146787 -0.1492933 0.9650508
2457.576214 -0.1457282 0.0222483 -0.0166946 -0.0163627 -0.2204279 -0.1542387 0.9629924
2457.826189 -0.1518839 0.0244479 -0.0197004 -0.0158036 -0.2288859 -0.1622375 0.9597085
2457.876184 -0.1541587 0.0236777 -0.0219791 -0.0163556 -0.2292552 -0.1648244 0.9591702
2458.176155 -0.1528669 0.0242728 -0.0211466 -0.0112907 -0.2379649 -0.1688221 0.9564227
2458.426131 -0.1631896 0.0256048 -0.0274729 0.0002930 -0.2489453 -0.1742735 0.9527093
2458.676502 -0.1720621 0.0284374 -0.0342418 0.0165340 -0.2651371 -0.1790470 0.9472967
2459.187575 -0.1836183 0.0310947 -0.0432166 0.0513069 -0.2897284 -0.1830736 0.9380348
2459.746055 -0.1945226 0.0332351 -0.0500438 0.0896330 -0.3153993 -0.1826636 0.9268890
2460.147715 -0.2022739 0.0346954 -0.0556835 0.1170747 -0.3319686 -0.1804188 0.9184440
2460.751923 -0.2090816 0.0367859 -0.0619317 0.1418330 -0.3475967 -0.1775655 0.9096870
2461.352873 -0.2187673 0.0406164 -0.0716320 0.1617857 -0.3665489 -0.1802698 0.8983152
2461.952242 -0.2290912 0.0460695 -0.0794577 0.1828012 -0.3816939 -0.1803994 0.8878905
2464.889946 -0.2611533 0.0675526 -0.1154456 0.2039163 -0.4189048 -0.1728978 0.8677807
2465.625434 -0.2582163 0.0714653 -0.1199984 0.1879450 -0.4235005 -0.1815319 0.8673927
2465.775420 -0.2580428 0.0716940 -0.1202350 0.1830201 -0.4215448 -0.1841597 0.8688434
2466.275371 -0.2550182 0.0755650 -0.1243258 0.1531193 -0.4213274 -0.1968148 0.8719528
2466.575342 -0.2617379 0.0810955 -0.1319367 0.1285296 -0.4072582 -0.2137424 0.8785985
2468.525153 -0.2755682 0.1031495 -0.1451336 0.0582895 -0.3897452 -0.2533086 0.8834794
2469.075100 -0.2776213 0.1065102 -0.1463638 0.0445872 -0.3840922 -0.2606521 0.8846161
2469.475061 -0.2805252 0.1100192 -0.1512844 0.0359093 -0.3861696 -0.2646409 0.8829206
2469.625047 -0.2834533 0.1121315 -0.1513194 0.0338346 -0.3847090 -0.2657988 0.8832923
2469.725037 -0.2841768 0.1122717 -0.1508263 0.0321434 -0.3835021 -0.2669557 0.8835313
2470.839706 -0.2907591 0.1199811 -0.1610284 0.0224864 -0.3797266 -0.2721974 0.8838612
2471.854879 -0.2964564 0.1267167 -0.1695259 0.0166701 -0.3723648 -0.2755323 0.8860861
2472.256203 -0.2995250 0.1308491 -0.1730635 0.0085050 -0.3661612 -0.2803209 0.8872845
2472.706080 -0.3019009 0.1327963 -0.1770522 0.0076477 -0.3715432 -0.2801197 0.8851159
2473.305508 -0.3060765 0.1345667 -0.1833914 0.0233631 -0.3838526 -0.2709231 0.8824466
2473.454862 -0.3069002 0.1339573 -0.1850166 0.0368381 -0.3898040 -0.2639224 0.8814992
2475.145394 -0.3172688 0.1319962 -0.2045979 0.1330661 -0.4310404 -0.2134986 0.8665540
2475.979054 -0.3206654 0.1356249 -0.2141574 0.1479452 -0.4376162 -0.2046758 0.8629671
2476.474384 -0.3222480 0.1390796 -0.2145748 0.1362168 -0.4287715 -0.2107630 0.8678589
2476.724360 -0.3258796 0.1415150 -0.2190481 0.1417362 -0.4304150 -0.2081207 0.8667985
2476.824350 -0.3253234 0.1415187 -0.2203244 0.1437119 -0.4316325 -0.2066281 0.8662246
2477.024331 -0.3252718 0.1414081 -0.2205383 0.1461730 -0.4320572 -0.2049514 0.8659995
2477.224311 -0.3251007 0.1415472 -0.2211739 0.1497893 -0.4329800 -0.2029740 0.8653861
2478.174219 -0.3251038 0.1467327 -0.2258714 0.1146313 -0.4187154 -0.2215839 0.8731768
2478.474190 -0.3244857 0.1473750 -0.2275515 0.0935616 -0.4111001 -0.2316834 0.8766788
2478.574180 -0.3246433 0.1474235 -0.2284742 0.0839387 -0.4071659 -0.2360051 0.8783346
2479.474093 -0.3292614 0.1607903 -0.2283767 0.0161253 -0.3721970 -0.2760473 0.8860064
2480.124030 -0.3262269 0.1638240 -0.2262963 -0.0278690 -0.3553742 -0.2984031 0.8853746
2480.473997 -0.3250723 0.1659964 -0.2254167 -0.0471598 -0.3443669 -0.3093010 0.8851668
2480.723972 -0.3257143 0.1671347 -0.2248493 -0.0582764 -0.3388678 -0.3156327 0.8843916
2481.673880 -0.3251685 0.1673887 -0.2240436 -0.0594101 -0.3401901 -0.3155861 0.8838249
2481.923856 -0.3250173 0.1670868 -0.2247573 -0.0584327 -0.3424700 -0.3145753 0.8833698
