2469.725037 0.0000000 0.0000000 0.0000000 -0.0000000 -0.0000000 -0.0000000 1.0000000
2471.349495 -0.0204246 0.0012123 -0.0014228 -0.0072726 -0.0018416 -0.0002208 0.9999719
2471.451994 -0.0213116 0.0014616 -0.0012988 -0.0081667 0.0005067 -0.0003835 0.9999665
2471.502878 -0.0220966 0.0014550 -0.0012028 -0.0091035 0.0015844 -0.0004814 0.9999572
2472.106039 -0.0301072 0.0031742 -0.0013726 -0.0266323 0.0089980 -0.0016732 0.9996034
2472.155896 -0.0307831 0.0033627 -0.0011948 -0.0287939 0.0105806 -0.0019848 0.9995274
2472.306356 -0.0338012 0.0031366 -0.0015907 -0.0298254 0.0087996 -0.0021709 0.9995140
2472.755937 -0.0385579 0.0036105 -0.0020961 -0.0306703 0.0038484 -0.0018960 0.9995204
2473.603958 -0.0488632 -0.0014647 -0.0049994 0.0197442 -0.0083675 0.0013822 0.9997691
2474.053085 -0.0526847 -0.0053277 -0.0071919 0.0506521 -0.0106467 0.0030268 0.9986550
2474.102764 -0.0534815 -0.0051392 -0.0068166 0.0568968 -0.0118005 0.0032260 0.9983051
2475.342530 -0.0669886 -0.0118334 -0.0129075 0.1300255 -0.0243866 0.0056402 0.9911947
2475.979054 -0.0753723 -0.0119624 -0.0140892 0.1417707 -0.0232261 0.0072681 0.9896004
2476.524379 -0.0800215 -0.0111416 -0.0143080 0.1258901 -0.0158596 0.0073488 0.9918902
2476.674364 -0.0814874 -0.0120488 -0.0153023 0.1321140 -0.0177634 0.0078810 0.9910440
2476.824350 -0.0829518 -0.0125280 -0.0157216 0.1349721 -0.0187127 0.0081172 0.9906394
2477.024331 -0.0854475 -0.0129425 -0.0156655 0.1376809 -0.0178784 0.0080041 0.9902830
2477.524282 -0.0895298 -0.0124506 -0.0151978 0.1399016 -0.0142703 0.0081355 0.9900292
2477.624272 -0.0906117 -0.0112266 -0.0164149 0.1369527 -0.0144855 0.0082307 0.9904375
2478.824156 -0.1047845 -0.0051425 -0.0146070 0.0413925 0.0019306 0.0033860 0.9991354
2480.473997 -0.1029953 0.0114436 -0.0106097 -0.0957110 0.0120212 -0.0079204 0.9953051
2480.573987 -0.1030117 0.0110931 -0.0102873 -0.1034018 0.0128993 -0.0092362 0.9945132
2480.823963 -0.1035627 0.0123362 -0.0112341 -0.1121304 0.0137953 -0.0098031 0.9935494
2481.073938 -0.1046277 0.0129407 -0.0107165 -0.1110163 0.0148541 -0.0099363 0.9936579
