2444.927438 0.0000000 0.0000000 0.0000000 -0.0000000 -0.0000000 -0.0000000 1.0000000
2449.526993 -0.0148999 0.0020587 0.0021372 -0.0234043 -0.0199861 -0.0012695 0.9995255
2449.576988 -0.0151669 0.0023706 0.0027077 -0.0226889 -0.0212639 -0.0013190 0.9995155
2449.976949 -0.0201807 0.0020561 0.0021889 -0.0206222 -0.0280593 -0.0030564 0.9993889
2450.276920 -0.0240843 0.0013042 0.0022718 -0.0185427 -0.0356009 -0.0074647 0.9991662
2450.976852 -0.0361102 0.0011900 0.0022818 -0.0122807 -0.0534461 -0.0250352 0.9981813
2451.226828 -0.0404844 0.0014617 0.0029081 -0.0117018 -0.0602253 -0.0303244 0.9976555
2451.626790 -0.0482246 0.0017032 0.0023226 -0.0115304 -0.0713056 -0.0367550 0.9967104
2452.676688 -0.0652180 0.0021925 -0.0003587 -0.0027215 -0.0990601 -0.0479179 0.9939233
2452.726683 -0.0674596 0.0026592 -0.0010060 -0.0037005 -0.1025638 -0.0481943 0.9935514
2452.826673 -0.0716825 0.0033800 -0.0022995 -0.0038092 -0.1116603 -0.0508040 0.9924396
2454.226538 -0.0933041 0.0068837 -0.0036550 -0.0090581 -0.1412123 -0.0781006 0.9868522
2454.676494 -0.0923394 0.0062325 -0.0042590 -0.0089805 -0.1542598 -0.0835780 0.9844481
2456.226344 -0.1212637 0.0123912 -0.0106103 -0.0123822 -0.1851519 -0.1197011 0.9753138
2456.326335 -0.1218728 0.0129864 -0.0102449 -0.0129029 -0.1864515 -0.1215456 0.9748313
2457.026267 -0.1355311 0.0181310 -0.0136165 -0.0164765 -0.2007257 -0.1389794 0.9695991
2457.726199 -0.1511712 0.0226641 -0.0210060 -0.0166429 -0.2249404 -0.1594702 0.9610901
2457.826189 -0.1537681 0.0232082 -0.0221478 -0.0163798 -0.2283678 -0.1623304 0.9598066
2457.876184 -0.1545814 0.0229452 -0.0231918 -0.0166425 -0.2294725 -0.1644580 0.9591762
2457.976175 -0.1569075 0.0228200 -0.0241071 -0.0167563 -0.2313051 -0.1659155 0.9584828
2458.376136 -0.1670794 0.0273940 -0.0281926 -0.0027022 -0.2426501 -0.1751774 0.9541627
2458.426131 -0.1690718 0.0264639 -0.0300534 0.0003487 -0.2468457 -0.1751283 0.9530988
2458.626112 -0.1747436 0.0278558 -0.0346289 0.0100664 -0.2599075 -0.1782299 0.9489894
2458.676502 -0.1774425 0.0289181 -0.0364372 0.0165288 -0.2633752 -0.1797812 0.9476492
2458.728235 -0.1782730 0.0285435 -0.0371239 0.0174407 -0.2662022 -0.1799689 0.9468070
2459.187575 -0.1886743 0.0304729 -0.0467644 0.0506020 -0.2879783 -0.1834568 0.9385369
2459.337284 -0.1908262 0.0308882 -0.0479395 0.0622648 -0.2949351 -0.1821059 0.9359347
2459.846519 -0.2014107 0.0333075 -0.0558680 0.0953209 -0.3175192 -0.1840017 0.9253318
2460.198480 -0.2071861 0.0336774 -0.0600940 0.1191459 -0.3319992 -0.1809891 0.9180543
2460.550758 -0.2105312 0.0347550 -0.0643813 0.1310105 -0.3395729 -0.1806946 0.9137155
2461.152497 -0.2206136 0.0381509 -0.0738624 0.1546278 -0.3579170 -0.1799158 0.9031146
2461.352873 -0.2235266 0.0403210 -0.0757326 0.1610562 -0.3648910 -0.1807295 0.8990285
2464.592938 -0.2573671 0.0610790 -0.1121630 0.1979439 -0.4139086 -0.1732271 0.8714874
2465.975400 -0.2680984 0.0739961 -0.1320468 0.1727351 -0.4132681 -0.1908315 0.8734732
2466.075391 -0.2688096 0.0762480 -0.1331147 0.1679500 -0.4129275 -0.1931594 0.8740556
2466.175381 -0.2674376 0.0781523 -0.1348125 0.1612520 -0.4158151 -0.1958362 0.8733521
2466.425357 -0.2675328 0.0780798 -0.1350600 0.1415237 -0.4129430 -0.2051597 0.8759901
2466.675333 -0.2703767 0.0850227 -0.1365063 0.1206667 -0.4017264 -0.2180757 0.8811915
2466.875313 -0.2739914 0.0880541 -0.1384088 0.1127144 -0.3973865 -0.2230924 0.8829548
2467.925211 -0.2805254 0.0973549 -0.1480514 0.0775261 -0.3834806 -0.2438768 0.8873874
2469.725037 -0.2926223 0.1136673 -0.1588089 0.0312436 -0.3805419 -0.2674298 0.8846995
2470.280080 -0.2958832 0.1182625 -0.1641039 0.0224588 -0.3777537 -0.2716699 0.8848691
2471.247509 -0.3021593 0.1240937 -0.1725543 0.0241969 -0.3799578 -0.2705238 0.8842304
2471.604231 -0.3036218 0.1265044 -0.1747502 0.0206044 -0.3722807 -0.2732281 0.8867519
2472.356351 -0.3095074 0.1334948 -0.1824925 0.0079638 -0.3642308 -0.2804840 0.8880323
2472.805794 -0.3117791 0.1358800 -0.1864559 0.0058647 -0.3679288 -0.2810350 0.8863483
2473.255651 -0.3151582 0.1366796 -0.1912766 0.0181818 -0.3787915 -0.2737617 0.8838784
2473.953411 -0.3187121 0.1347932 -0.1985946 0.0666724 -0.4003105 -0.2483897 0.8795503
2474.102764 -0.3206766 0.1347001 -0.2007831 0.0773314 -0.4048113 -0.2429702 0.8781306
2475.145394 -0.3260603 0.1340002 -0.2132335 0.1323880 -0.4280082 -0.2139405 0.8680506
2476.624369 -0.3323020 0.1414322 -0.2256804 0.1384882 -0.4266641 -0.2095048 0.8688421
2476.774355 -0.3335133 0.1418385 -0.2272245 0.1416010 -0.4293294 -0.2075969 0.8674843
2477.524282 -0.3358546 0.1440100 -0.2324365 0.1477967 -0.4264656 -0.2044788 0.8686033
2477.774258 -0.3359953 0.1466049 -0.2347821 0.1359679 -0.4215488 -0.2108345 0.8714116
2478.124224 -0.3380849 0.1509629 -0.2357654 0.1167796 -0.4150455 -0.2215234 0.8746583
2478.374200 -0.3391068 0.1529903 -0.2380087 0.1015853 -0.4093879 -0.2297953 0.8770839
2479.174122 -0.3433192 0.1637290 -0.2378414 0.0410850 -0.3764921 -0.2638855 0.8870909
2479.624079 -0.3423209 0.1672743 -0.2374457 0.0052336 -0.3651004 -0.2818270 0.8872699
2480.124030 -0.3392296 0.1693918 -0.2360907 -0.0278303 -0.3510272 -0.2991062 0.8868714
2480.424001 -0.3387267 0.1715636 -0.2351124 -0.0449600 -0.3408613 -0.3084860 0.8869209
2480.923953 -0.3380810 0.1728172 -0.2345614 -0.0604317 -0.3336216 -0.3162370 0.8860242
