371.451611 0.0000000 0.0000000 0.0000000 -0.0000000 -0.0000000 -0.0000000 1.0000000
371.651591 -0.0250858 -0.0001471 0.0010399 0.0001706 -0.0053668 0.0002588 0.9999856
371.701586 -0.0310788 -0.0006616 0.0017639 -0.0000001 -0.0057809 0.0003662 0.9999833
372.301528 -0.0942267 0.0002037 0.0017286 0.0002814 -0.0095514 0.0006838 0.9999541
372.601499 -0.1255149 -0.0006295 -0.0003717 -0.0000933 -0.0078050 0.0003434 0.9999695
373.251436 -0.2051129 -0.0000901 -0.0036230 0.0004913 -0.0142117 0.0008672 0.9998985
373.451417 -0.2268697 -0.0010856 -0.0040194 0.0006827 -0.0133318 0.0009456 0.9999105
373.701393 -0.2650647 -0.0010375 -0.0067644 0.0011027 -0.0108353 0.0018699 0.9999390
374.701296 -0.4137374 -0.0002617 -0.0031051 -0.0016572 -0.0344934 0.0007615 0.9994033
374.951272 -0.4407115 0.0009562 -0.0050430 -0.0000548 -0.0239945 0.0014325 0.9997111
375.001267 -0.4478293 -0.0001081 -0.0076731 -0.0003918 -0.0227075 0.0016622 0.9997407
375.601209 -0.4972409 0.0001787 -0.0086530 -0.0003869 -0.0229741 0.0010738 0.9997354
376.251146 -0.5529665 0.0011105 -0.0068784 -0.0000116 -0.0298819 0.0010143 0.9995530
376.751098 -0.5821146 -0.0004692 -0.0096312 -0.0017089 -0.0267113 0.0015137 0.9996406
378.100967 -0.6961315 0.0002028 -0.0184413 -0.0011533 -0.0132410 0.0004583 0.9999116
378.200957 -0.6966127 -0.0000170 -0.0190075 -0.0013836 -0.0164333 0.0009344 0.9998636
378.800899 -0.7554582 0.0021612 -0.0250423 -0.0016924 -0.0216546 -0.0001802 0.9997641
378.950885 -0.7646458 0.0013491 -0.0291442 -0.0022525 -0.0231894 -0.0002531 0.9997286
379.100870 -0.7801312 0.0013384 -0.0330880 -0.0023284 -0.0241501 -0.0006335 0.9997054
379.150865 -0.7801057 0.0011588 -0.0344901 -0.0023652 -0.0273771 0.0000548 0.9996224
379.500831 -0.8232610 0.0018214 -0.0401787 -0.0023131 -0.0281350 -0.0012114 0.9996008
379.550826 -0.8242657 0.0024586 -0.0427408 -0.0021418 -0.0299758 -0.0013352 0.9995475
379.650817 -0.8237841 0.0016643 -0.0393034 -0.0021647 -0.0366074 -0.0014937 0.9993263
379.850797 -0.8603722 0.0020669 -0.0488001 -0.0023212 -0.0368536 -0.0024774 0.9993149
380.100773 -0.8608564 0.0011292 -0.0457091 -0.0026403 -0.0469911 -0.0027088 0.9988881
380.150768 -0.8606517 0.0011108 -0.0454446 -0.0026642 -0.0486125 -0.0023067 0.9988115
380.350749 -0.8658259 0.0018233 -0.0447040 -0.0029680 -0.0554175 -0.0022438 0.9984564
380.600725 -0.8694596 0.0014814 -0.0460238 -0.0036305 -0.0679582 -0.0016106 0.9976803
380.650720 -0.8687785 0.0014605 -0.0463776 -0.0039162 -0.0705753 -0.0018621 0.9974971
381.350652 -0.8588801 0.0015320 -0.0479792 -0.0068716 -0.1117735 -0.0026180 0.9937065
381.450642 -0.8587214 0.0014400 -0.0475549 -0.0078912 -0.1110669 -0.0025356 0.9937784
381.550633 -0.8585443 0.0013360 -0.0470994 -0.0094561 -0.1111489 0.0003850 0.9937587
381.600628 -0.8582209 0.0012182 -0.0465593 -0.0110218 -0.1131355 0.0051823 0.9935049
381.650623 -0.8579313 0.0009866 -0.0459480 -0.0125614 -0.1146066 0.0095487 0.9932857
381.700618 -0.8589525 0.0013356 -0.0403950 -0.0149965 -0.1187053 0.0177660 0.9926573
381.750613 -0.8666183 0.0046640 -0.0528818 -0.0140623 -0.1189609 0.0203247 0.9925913
