371.451611 0.0000000 0.0000000 0.0000000 -0.0000000 -0.0000000 -0.0000000 1.0000000
371.651591 -0.0395677 0.0000325 0.0003039 0.0001183 -0.0056483 0.0002765 0.9999840
372.201538 -0.1382843 -0.0005904 0.0019926 0.0000418 -0.0086542 0.0005165 0.9999624
372.301528 -0.1530633 -0.0001130 0.0016068 0.0000828 -0.0097905 0.0004510 0.9999520
372.451514 -0.1786533 -0.0003558 0.0022754 0.0001145 -0.0100930 0.0005129 0.9999489
373.601402 -0.4058023 0.0028509 -0.0083262 0.0019573 -0.0101807 0.0009401 0.9999458
373.751388 -0.4453525 -0.0000362 -0.0122706 0.0015003 -0.0126729 0.0010688 0.9999180
374.101354 -0.5345381 0.0025226 -0.0075271 0.0013787 -0.0199382 0.0009845 0.9997998
374.251339 -0.5687650 0.0032081 -0.0052581 0.0012212 -0.0230820 0.0008905 0.9997324
374.601306 -0.6552296 0.0020074 -0.0030973 -0.0001106 -0.0402377 -0.0003768 0.9991900
374.651301 -0.6656156 0.0027225 -0.0041980 -0.0004170 -0.0388145 -0.0005889 0.9992462
374.751291 -0.6834652 0.0048503 -0.0033191 -0.0002867 -0.0342351 -0.0005055 0.9994136
375.051262 -0.7451977 0.0053416 -0.0081748 0.0014535 -0.0231759 0.0009386 0.9997299
376.601112 -0.9377087 0.0000380 -0.0134130 -0.0023559 -0.0247023 0.0000332 0.9996921
376.651107 -0.9373384 -0.0000064 -0.0135899 -0.0023396 -0.0263901 0.0001676 0.9996490
377.751001 -1.0763669 -0.0012409 -0.0203278 -0.0010798 -0.0240566 0.0005597 0.9997099
377.950981 -1.1141970 -0.0007998 -0.0275614 -0.0016921 -0.0158440 0.0006183 0.9998729
378.150962 -1.1397232 -0.0024022 -0.0322927 -0.0023988 -0.0159252 0.0004575 0.9998702
378.550923 -1.2064315 -0.0010161 -0.0428791 -0.0034448 -0.0163441 0.0004311 0.9998604
378.650914 -1.2130812 -0.0012516 -0.0385507 -0.0033638 -0.0208279 0.0005307 0.9997773
379.050875 -1.2826167 -0.0014839 -0.0487883 -0.0035222 -0.0206264 0.0003851 0.9997810
379.100870 -1.2870768 -0.0006845 -0.0481786 -0.0032087 -0.0222828 0.0005111 0.9997464
379.150865 -1.2898636 0.0002534 -0.0535211 -0.0030742 -0.0248239 0.0005468 0.9996870
380.050778 -1.4541610 -0.0020226 -0.0734279 -0.0036137 -0.0347475 -0.0004382 0.9993895
380.150768 -1.4518220 -0.0020167 -0.0708727 -0.0036023 -0.0383784 -0.0003348 0.9992567
380.250759 -1.4573798 -0.0028193 -0.0721977 -0.0039476 -0.0411601 0.0006528 0.9991446
380.350749 -1.4597455 -0.0039137 -0.0677934 -0.0040790 -0.0456086 0.0010084 0.9989506
381.050681 -1.4537036 -0.0045497 -0.0628221 -0.0048611 -0.0851686 -0.0008392 0.9963543
381.250662 -1.4519856 -0.0037823 -0.0634728 -0.0053368 -0.1007620 -0.0027513 0.9948924
381.350652 -1.4504205 -0.0046173 -0.0619074 -0.0058620 -0.1011545 -0.0037361 0.9948465
381.450642 -1.4492568 -0.0051470 -0.0600370 -0.0064040 -0.1008789 -0.0043879 0.9948685
381.550633 -1.4494276 -0.0052335 -0.0599831 -0.0073208 -0.1004949 -0.0040392 0.9949024
381.600628 -1.4495555 -0.0052402 -0.0598283 -0.0073050 -0.1011393 -0.0031338 0.9948405
381.650623 -1.4497241 -0.0053467 -0.0594150 -0.0079728 -0.1024297 0.0006453 0.9947081
381.700618 -1.4512589 -0.0056704 -0.0578658 -0.0108971 -0.1058437 0.0092440 0.9942801
381.750613 -1.4550524 -0.0069907 -0.0535157 -0.0100712 -0.1080217 0.0095485 0.9940517
381.800609 -1.4587358 -0.0082494 -0.0490993 -0.0106630 -0.1107980 0.0104614 0.9937307
