371.451611 0.0000000 0.0000000 0.0000000 -0.0000000 -0.0000000 -0.0000000 1.0000000
371.651591 -0.0234675 0.0008468 0.0008289 0.0004762 -0.0052188 0.0001918 0.9999863
372.201538 -0.0789476 0.0003309 0.0015249 0.0002806 -0.0083605 0.0001038 0.9999650
372.501509 -0.1071310 0.0009506 0.0019223 0.0004811 -0.0093315 -0.0000923 0.9999564
372.601499 -0.1162558 0.0003090 0.0009582 0.0001567 -0.0079312 -0.0000695 0.9999686
373.001461 -0.1621006 0.0010244 -0.0015122 0.0008197 -0.0112193 -0.0000580 0.9999368
373.251436 -0.1922453 0.0012662 -0.0015872 0.0010559 -0.0139777 0.0000638 0.9999018
373.301431 -0.1948240 0.0014544 -0.0024051 0.0011794 -0.0164430 0.0002336 0.9998641
374.201344 -0.3159992 0.0031402 -0.0041736 0.0017611 -0.0216221 0.0008839 0.9997643
374.651301 -0.3763998 0.0029289 -0.0013816 0.0000326 -0.0393301 -0.0005837 0.9992261
374.701296 -0.3811070 0.0038521 -0.0013703 0.0002683 -0.0369119 -0.0004446 0.9993184
374.901277 -0.3997665 0.0025600 -0.0022830 0.0001180 -0.0291777 0.0001296 0.9995742
375.001267 -0.4111983 0.0030915 -0.0040951 0.0008278 -0.0260496 0.0007384 0.9996600
376.901083 -0.5484110 0.0020359 -0.0074946 -0.0006230 -0.0329237 0.0015112 0.9994565
378.150962 -0.6610620 0.0029959 -0.0212757 -0.0002646 -0.0115595 -0.0000462 0.9999332
378.200957 -0.6610190 0.0029929 -0.0213431 -0.0003814 -0.0130754 0.0001239 0.9999145
378.500928 -0.6644089 0.0041541 -0.0275287 -0.0007213 -0.0246635 0.0004222 0.9996955
378.600918 -0.6656196 0.0046347 -0.0301488 -0.0007809 -0.0304435 0.0008783 0.9995358
378.900889 -0.6657397 0.0050413 -0.0321210 -0.0006728 -0.0440571 -0.0007627 0.9990285
378.950885 -0.6655083 0.0049826 -0.0318540 -0.0005542 -0.0453146 -0.0009050 0.9989722
379.350846 -0.6696726 0.0100496 -0.0527176 -0.0002362 -0.0607381 -0.0058392 0.9981366
379.450836 -0.6715965 0.0092450 -0.0496539 -0.0002259 -0.0647161 -0.0053735 0.9978892
379.550826 -0.6716645 0.0093323 -0.0501839 -0.0000306 -0.0691215 -0.0062258 0.9975888
379.850797 -0.6735770 0.0125219 -0.0627056 0.0002932 -0.0863367 -0.0096917 0.9962189
379.900793 -0.6733294 0.0124316 -0.0634199 0.0002193 -0.0895999 -0.0100134 0.9959275
379.950788 -0.6734243 0.0121474 -0.0626372 0.0001822 -0.0917582 -0.0104148 0.9957269
380.550730 -0.6729025 0.0128346 -0.0649724 -0.0006594 -0.1173273 -0.0116753 0.9930245
380.600725 -0.6736593 0.0126507 -0.0641184 -0.0006134 -0.1193182 -0.0119925 0.9927835
381.050681 -0.6776193 0.0164415 -0.0812071 -0.0009964 -0.1408544 -0.0155480 0.9899077
381.250662 -0.6771200 0.0166061 -0.0814878 -0.0022297 -0.1574873 -0.0143707 0.9874139
381.350652 -0.6766628 0.0169011 -0.0819474 -0.0026436 -0.1576976 -0.0146638 0.9873750
381.400647 -0.6760303 0.0170526 -0.0827703 -0.0030659 -0.1587133 -0.0144344 0.9872144
381.550633 -0.6758882 0.0171032 -0.0829050 -0.0062492 -0.1584740 -0.0087539 0.9873046
381.600628 -0.6757148 0.0169007 -0.0825359 -0.0076899 -0.1601149 -0.0065736 0.9870465
381.650623 -0.6767091 0.0164108 -0.0806021 -0.0095688 -0.1612800 -0.0005112 0.9868622
381.750613 -0.6775499 0.0161513 -0.0788165 -0.0132657 -0.1696271 0.0138368 0.9853219
381.800609 -0.6777821 0.0159773 -0.0782019 -0.0141508 -0.1725727 0.0158383 0.9847678
