371.451611 0.0000000 0.0000000 0.0000000 -0.0000000 -0.0000000 -0.0000000 1.0000000
371.651591 -0.0290907 -0.0011796 0.0006155 -0.0001722 -0.0050160 -0.0001440 0.9999874
371.751582 -0.0416813 -0.0010666 0.0014663 -0.0001143 -0.0051884 0.0001095 0.9999865
372.301528 -0.1052975 -0.0000855 0.0014793 0.0000041 -0.0097300 -0.0000694 0.9999527
372.601499 -0.1404033 -0.0003377 -0.0001528 -0.0001233 -0.0079247 -0.0003316 0.9999685
373.001461 -0.1951296 0.0008915 -0.0027498 0.0008775 -0.0113949 -0.0000058 0.9999347
373.351427 -0.2437182 -0.0002917 -0.0013881 0.0006124 -0.0162840 0.0000099 0.9998673
373.401422 -0.2492399 0.0002258 -0.0022441 0.0009538 -0.0153422 0.0001836 0.9998819
374.501315 -0.4285357 0.0024696 -0.0026204 0.0007856 -0.0417032 -0.0001969 0.9991297
375.051262 -0.5049790 0.0010571 -0.0063029 0.0003068 -0.0252041 0.0003298 0.9996822
375.401228 -0.5429335 -0.0002335 -0.0051211 0.0003858 -0.0305636 0.0004015 0.9995327
375.751194 -0.5652818 0.0007167 -0.0062998 -0.0005088 -0.0257176 -0.0003671 0.9996691
375.851185 -0.5754709 0.0009918 -0.0076767 0.0000375 -0.0282812 0.0002546 0.9996000
376.551117 -0.6369389 0.0054461 -0.0066903 0.0000716 -0.0269536 -0.0008978 0.9996363
377.651010 -0.7188078 0.0054336 -0.0099647 0.0014637 -0.0313776 0.0001281 0.9995065
378.350943 -0.7921481 0.0018641 -0.0276731 -0.0017101 -0.0198281 -0.0000493 0.9998019
378.400938 -0.7923278 0.0019805 -0.0286922 -0.0019718 -0.0215408 0.0002078 0.9997660
378.600918 -0.8115008 0.0027427 -0.0316513 -0.0022333 -0.0264109 0.0003273 0.9996486
378.700909 -0.8209557 0.0013309 -0.0327128 -0.0027287 -0.0283191 -0.0000511 0.9995952
379.000880 -0.8577431 0.0015901 -0.0380081 -0.0026977 -0.0267236 -0.0005199 0.9996391
379.050875 -0.8580793 0.0018093 -0.0400698 -0.0027370 -0.0297501 -0.0003681 0.9995536
379.100870 -0.8576787 0.0019862 -0.0410565 -0.0025774 -0.0325977 -0.0001283 0.9994652
379.950788 -0.9748304 0.0031244 -0.0601139 -0.0024112 -0.0415601 -0.0017013 0.9991317
380.150768 -0.9724161 0.0029766 -0.0595551 -0.0024286 -0.0488214 -0.0017000 0.9988031
380.250759 -0.9712943 0.0024670 -0.0588387 -0.0028782 -0.0530179 -0.0015695 0.9985882
380.300754 -0.9693750 0.0018729 -0.0550376 -0.0032280 -0.0554827 -0.0017753 0.9984528
380.500734 -0.9794043 0.0022046 -0.0584928 -0.0031858 -0.0646934 -0.0010603 0.9978995
381.250662 -0.9674969 0.0041567 -0.0620931 -0.0049782 -0.1124808 -0.0033533 0.9936358
381.500638 -0.9648299 0.0022306 -0.0616929 -0.0083938 -0.1133728 -0.0004387 0.9935170
381.550633 -0.9698361 0.0033840 -0.0709400 -0.0094672 -0.1124482 0.0027719 0.9936087
381.600628 -0.9699857 0.0024676 -0.0714886 -0.0113648 -0.1140415 0.0065801 0.9933892
381.650623 -0.9653372 -0.0032696 -0.0556708 -0.0142300 -0.1184172 0.0151223 0.9927468
381.700618 -0.9673209 0.0020313 -0.0506335 -0.0146140 -0.1207171 0.0201138 0.9923756
381.750613 -0.9753487 0.0070583 -0.0582151 -0.0137721 -0.1215533 0.0214567 0.9922574
