371.451611 0.0000000 0.0000000 0.0000000 -0.0000000 -0.0000000 -0.0000000 1.0000000
371.651591 -0.0223120 -0.0007157 0.0000848 -0.0000835 -0.0050013 0.0000777 0.9999875
371.751582 -0.0331232 -0.0011927 0.0011189 -0.0002293 -0.0048932 0.0002615 0.9999880
372.451514 -0.0980153 -0.0006529 0.0014588 -0.0000385 -0.0090803 0.0000991 0.9999588
372.551504 -0.1064426 -0.0003394 0.0005142 -0.0000991 -0.0082071 -0.0000916 0.9999663
372.951465 -0.1475085 0.0000226 -0.0030511 0.0004699 -0.0105118 0.0000415 0.9999446
373.001461 -0.1539462 0.0001957 -0.0028883 0.0005585 -0.0108178 0.0001590 0.9999413
373.401422 -0.1974084 -0.0008271 -0.0037711 0.0004452 -0.0143351 0.0002084 0.9998971
373.701393 -0.2353434 -0.0018598 -0.0073489 0.0006225 -0.0099130 0.0005849 0.9999505
374.701296 -0.3670806 0.0007463 -0.0041559 -0.0013056 -0.0339471 -0.0001279 0.9994228
374.901277 -0.3855952 0.0009970 -0.0057051 -0.0005086 -0.0258706 0.0000691 0.9996652
375.001267 -0.3968997 -0.0006416 -0.0076279 -0.0007862 -0.0225522 0.0002513 0.9997454
376.101160 -0.4764888 0.0003366 -0.0093811 -0.0006953 -0.0278717 0.0006857 0.9996110
376.601112 -0.5090356 0.0013481 -0.0093727 -0.0015752 -0.0230450 0.0003668 0.9997332
376.801093 -0.5217239 0.0008537 -0.0088352 -0.0012141 -0.0274531 0.0001179 0.9996223
376.901083 -0.5244375 0.0001189 -0.0096420 -0.0014571 -0.0311733 0.0007627 0.9995127
377.501025 -0.5691152 0.0001004 -0.0122203 -0.0005086 -0.0308292 0.0001967 0.9995245
377.601015 -0.5695614 0.0000278 -0.0118150 -0.0005244 -0.0298634 0.0005602 0.9995537
378.150962 -0.6403304 0.0002942 -0.0168057 -0.0014349 -0.0057063 0.0013161 0.9999818
378.200957 -0.6417453 0.0007796 -0.0190092 -0.0014832 -0.0063793 0.0009418 0.9999781
378.550923 -0.6420870 0.0015355 -0.0225065 -0.0019652 -0.0213229 0.0001947 0.9997707
378.600918 -0.6427004 0.0017187 -0.0243489 -0.0019483 -0.0247437 0.0005420 0.9996918
378.950885 -0.6502526 0.0044227 -0.0391247 -0.0019867 -0.0355705 -0.0008708 0.9993649
379.150865 -0.6534438 0.0063128 -0.0470016 -0.0018908 -0.0429418 -0.0027113 0.9990721
379.350846 -0.6849355 0.0029987 -0.0354044 -0.0023880 -0.0409837 -0.0028105 0.9991530
379.450836 -0.6861938 0.0030310 -0.0388074 -0.0026057 -0.0452902 -0.0022370 0.9989680
379.850797 -0.7338707 0.0030289 -0.0490314 -0.0029413 -0.0506503 -0.0036141 0.9987056
379.950788 -0.7473217 0.0072313 -0.0623674 -0.0021163 -0.0499017 -0.0033847 0.9987462
380.100773 -0.7319515 0.0020779 -0.0467177 -0.0032660 -0.0618484 -0.0035996 0.9980738
380.200763 -0.7485493 0.0067167 -0.0605214 -0.0021526 -0.0575308 -0.0039760 0.9983335
380.550730 -0.7601056 0.0022600 -0.0432627 -0.0035080 -0.0726488 -0.0030396 0.9973468
380.600725 -0.7598966 0.0019875 -0.0441748 -0.0041171 -0.0752718 -0.0023622 0.9971518
381.050681 -0.7562524 0.0035591 -0.0496581 -0.0043465 -0.1005832 -0.0037012 0.9949123
381.150671 -0.7562325 0.0040679 -0.0504336 -0.0038732 -0.1080918 -0.0032035 0.9941282
381.350652 -0.7557645 0.0036793 -0.0498549 -0.0063974 -0.1170390 -0.0032951 0.9931012
381.450642 -0.7558264 0.0033452 -0.0503156 -0.0079933 -0.1170780 -0.0016303 0.9930892
381.550633 -0.7554495 0.0028325 -0.0490828 -0.0105525 -0.1184296 0.0033905 0.9929006
381.650623 -0.7565259 0.0034419 -0.0526758 -0.0130056 -0.1219083 0.0132128 0.9923682
381.750613 -0.7527413 -0.0005257 -0.0363817 -0.0173315 -0.1315943 0.0255730 0.9908222
