371.451611 0.0000000 0.0000000 0.0000000 -0.0000000 -0.0000000 -0.0000000 1.0000000
371.651591 -0.0097727 -0.0002000 -0.0004168 -0.0000190 -0.0060349 0.0000651 0.9999818
371.701586 -0.0122663 0.0000386 -0.0001518 0.0002141 -0.0066560 0.0003745 0.9999778
372.051553 -0.0269573 -0.0000967 -0.0007010 0.0001041 -0.0084915 0.0001707 0.9999639
372.451514 -0.0447565 -0.0001239 -0.0000294 -0.0000486 -0.0113427 0.0000941 0.9999357
372.901470 -0.0645760 -0.0002963 -0.0027689 -0.0000801 -0.0130433 -0.0005819 0.9999148
373.001461 -0.0701263 0.0001819 -0.0027167 0.0003486 -0.0143325 -0.0001400 0.9998972
373.701393 -0.1083125 -0.0007692 -0.0057210 0.0003443 -0.0144825 0.0000716 0.9998951
373.801383 -0.1145455 -0.0003651 -0.0064172 0.0010658 -0.0172779 0.0005694 0.9998500
374.401325 -0.1545985 -0.0005200 -0.0067517 -0.0009980 -0.0358439 -0.0012450 0.9993562
374.501315 -0.1590688 0.0003946 -0.0059182 -0.0003193 -0.0437900 -0.0009539 0.9990403
374.551310 -0.1622195 -0.0003628 -0.0056877 -0.0013291 -0.0452870 -0.0013179 0.9989722
374.851281 -0.1797224 0.0007170 -0.0058494 -0.0009162 -0.0318055 -0.0006442 0.9994935
375.001267 -0.1955122 -0.0004995 -0.0058790 -0.0013345 -0.0173224 -0.0000331 0.9998491
375.101257 -0.1959905 -0.0002712 -0.0071288 -0.0011150 -0.0235992 -0.0001509 0.9997209
375.151252 -0.1960036 -0.0002217 -0.0075186 -0.0009419 -0.0281107 0.0000646 0.9996043
375.951175 -0.1964611 0.0003324 -0.0111521 -0.0006896 -0.0611859 0.0004262 0.9981261
376.351136 -0.1961131 0.0005694 -0.0127194 -0.0011761 -0.0815261 -0.0013947 0.9966695
376.551117 -0.1961076 0.0005609 -0.0126994 -0.0023924 -0.0803665 -0.0009808 0.9967620
376.801093 -0.1968217 0.0010182 -0.0155088 -0.0017221 -0.0906266 -0.0013831 0.9958825
376.951078 -0.1983238 0.0016979 -0.0191708 -0.0011111 -0.0949878 -0.0020770 0.9954757
377.601015 -0.1981204 0.0030411 -0.0254425 -0.0008956 -0.1114054 -0.0060423 0.9937563
377.701006 -0.1981988 0.0030977 -0.0255247 -0.0008110 -0.1107780 -0.0060375 0.9938265
378.000976 -0.1982206 0.0031323 -0.0257416 -0.0010723 -0.1105090 -0.0083594 0.9938394
378.150962 -0.1981337 0.0032676 -0.0264055 -0.0012239 -0.1143948 -0.0088433 0.9933953
378.350943 -0.1982584 0.0038339 -0.0286117 -0.0012183 -0.1202101 -0.0102350 0.9926950
378.650914 -0.1977149 0.0045609 -0.0314506 -0.0014716 -0.1342341 -0.0129595 0.9908639
378.850894 -0.1972317 0.0049639 -0.0329350 -0.0011752 -0.1422804 -0.0142706 0.9897228
378.950885 -0.1970729 0.0049768 -0.0332542 -0.0011731 -0.1449133 -0.0147975 0.9893330
379.150865 -0.1964491 0.0054734 -0.0348531 -0.0010468 -0.1524855 -0.0173366 0.9881531
379.250855 -0.1958282 0.0055727 -0.0353281 -0.0007845 -0.1594312 -0.0185434 0.9870346
379.350846 -0.1956544 0.0058460 -0.0364361 -0.0007197 -0.1632718 -0.0195971 0.9863862
379.450836 -0.1953830 0.0060243 -0.0372014 -0.0008695 -0.1672700 -0.0197224 0.9857135
379.650817 -0.1950488 0.0062025 -0.0378563 -0.0007167 -0.1775086 -0.0217111 0.9838795
380.150768 -0.1948817 0.0061728 -0.0376990 -0.0001779 -0.2019533 -0.0269169 0.9790252
380.300754 -0.1949286 0.0061556 -0.0376338 -0.0006089 -0.2077496 -0.0267624 0.9778157
380.450739 -0.1949739 0.0061434 -0.0375855 -0.0006439 -0.2155366 -0.0280416 0.9760929
380.550730 -0.1948908 0.0061882 -0.0376830 -0.0012529 -0.2213416 -0.0270292 0.9748209
381.050681 -0.1946428 0.0061895 -0.0376152 -0.0021153 -0.2488023 -0.0265099 0.9681891
381.350652 -0.1937491 0.0065726 -0.0383103 -0.0040667 -0.2691305 -0.0154256 0.9629716
381.450642 -0.1936400 0.0066267 -0.0383752 -0.0045305 -0.2697053 -0.0134946 0.9628377
381.500638 -0.1936190 0.0066163 -0.0383439 -0.0052724 -0.2703771 -0.0119859 0.9626654
381.550633 -0.1936085 0.0065794 -0.0383097 -0.0066862 -0.2707008 -0.0102254 0.9625860
381.650623 -0.1925766 0.0070575 -0.0392627 -0.0085513 -0.2770686 0.0051853 0.9607981
