371.451611 0.0000000 0.0000000 0.0000000 -0.0000000 -0.0000000 -0.0000000 1.0000000
371.651591 -0.0160672 -0.0000288 0.0005874 0.0001909 -0.0054343 0.0003615 0.9999852
371.701586 -0.0195993 -0.0001192 0.0010453 0.0001610 -0.0060334 0.0003888 0.9999817
372.051553 -0.0431397 0.0001862 0.0012683 0.0004634 -0.0068982 0.0008597 0.9999757
372.351523 -0.0627322 0.0003111 0.0029043 0.0006137 -0.0099727 0.0007576 0.9999498
372.951465 -0.1035869 0.0009801 0.0015049 0.0014831 -0.0121062 0.0009634 0.9999252
373.051456 -0.1118632 0.0006067 0.0006630 0.0010952 -0.0121809 0.0009259 0.9999248
373.601402 -0.1543128 0.0007918 -0.0003183 0.0022636 -0.0108244 0.0013852 0.9999379
373.701393 -0.1642666 0.0005989 -0.0012939 0.0023958 -0.0123215 0.0019348 0.9999194
374.551310 -0.2450908 0.0012670 0.0012740 0.0009041 -0.0426920 0.0002589 0.9990879
374.651301 -0.2532794 0.0006893 0.0006092 -0.0002700 -0.0395370 0.0002637 0.9992180
374.851281 -0.2676749 0.0008743 0.0000979 -0.0000021 -0.0309183 0.0005865 0.9995217
375.601209 -0.3110724 0.0007633 -0.0013228 0.0004201 -0.0240676 0.0006715 0.9997100
375.701199 -0.3120332 0.0011130 -0.0028278 0.0004865 -0.0256382 0.0006385 0.9996710
376.351136 -0.3559358 -0.0000406 -0.0009889 -0.0004067 -0.0285337 0.0008957 0.9995924
376.701102 -0.3584585 0.0009781 -0.0049233 -0.0004590 -0.0299126 0.0013679 0.9995515
376.801093 -0.3591773 0.0012587 -0.0059004 -0.0001728 -0.0356061 0.0015610 0.9993647
377.501025 -0.3711990 0.0012171 -0.0077749 0.0003881 -0.0501849 -0.0011695 0.9987392
377.850991 -0.3872547 0.0020036 -0.0112550 0.0003181 -0.0387851 -0.0010077 0.9992470
378.150962 -0.3874463 0.0021166 -0.0119025 -0.0000767 -0.0438569 -0.0030159 0.9990333
378.350943 -0.3904163 0.0031053 -0.0173012 -0.0003016 -0.0482183 -0.0033316 0.9988312
378.400938 -0.3912201 0.0034039 -0.0187856 -0.0002616 -0.0496884 -0.0029472 0.9987604
378.600918 -0.3926377 0.0041038 -0.0223157 -0.0006181 -0.0599635 -0.0039789 0.9981925
378.850894 -0.3954394 0.0053213 -0.0286308 -0.0006378 -0.0694683 -0.0049593 0.9975716
379.000880 -0.3954747 0.0054648 -0.0292401 -0.0003565 -0.0729672 -0.0053753 0.9973198
379.500831 -0.4165947 0.0053592 -0.0303009 -0.0005438 -0.0851579 -0.0082922 0.9963328
379.600822 -0.4191693 0.0048604 -0.0316302 -0.0010074 -0.0885309 -0.0087861 0.9960342
379.700812 -0.4213521 0.0051109 -0.0340792 -0.0008403 -0.0942051 -0.0087619 0.9955139
380.150768 -0.4331855 0.0052786 -0.0415475 -0.0012736 -0.1082804 -0.0105304 0.9940638
380.250759 -0.4331711 0.0050232 -0.0421196 -0.0019365 -0.1125572 -0.0100815 0.9935923
380.400744 -0.4343272 0.0047426 -0.0410119 -0.0022327 -0.1202394 -0.0094094 0.9926978
380.550730 -0.4393199 0.0047948 -0.0456837 -0.0032965 -0.1256979 -0.0097840 0.9920148
380.600725 -0.4395168 0.0049889 -0.0466836 -0.0037071 -0.1279991 -0.0095444 0.9917215
380.700715 -0.4394000 0.0049067 -0.0483865 -0.0038382 -0.1341958 -0.0082672 0.9909129
381.300657 -0.4539128 0.0072920 -0.0562370 -0.0054797 -0.1607667 -0.0094136 0.9869323
381.400647 -0.4538420 0.0073217 -0.0565520 -0.0065064 -0.1626805 -0.0085779 0.9866201
381.450642 -0.4535946 0.0070088 -0.0553016 -0.0073595 -0.1617924 -0.0078432 0.9867662
381.550633 -0.4535499 0.0067601 -0.0553354 -0.0099669 -0.1624636 -0.0036287 0.9866575
381.600628 -0.4534251 0.0064516 -0.0547929 -0.0118728 -0.1646724 0.0005095 0.9862767
381.650623 -0.4534426 0.0062257 -0.0548343 -0.0138465 -0.1663416 0.0063022 0.9859509
381.750613 -0.4533733 0.0058005 -0.0527741 -0.0173699 -0.1748295 0.0185774 0.9842702
381.800609 -0.4535335 0.0059553 -0.0525704 -0.0179783 -0.1775624 0.0199497 0.9837431
