371.451611 0.0000000 0.0000000 0.0000000 -0.0000000 -0.0000000 -0.0000000 1.0000000
371.701586 -0.0350283 0.0004537 0.0013230 0.0003934 -0.0055055 0.0003773 0.9999847
371.801577 -0.0454499 0.0008461 0.0005996 0.0004539 -0.0042865 0.0003986 0.9999906
372.501509 -0.1249572 0.0013286 0.0016424 0.0006695 -0.0095819 0.0000822 0.9999539
372.601499 -0.1361244 0.0003186 -0.0000025 0.0002451 -0.0080609 0.0000136 0.9999675
373.001461 -0.1881060 0.0013223 -0.0023065 0.0009570 -0.0119578 0.0003689 0.9999280
373.701393 -0.2853552 0.0005676 -0.0056727 0.0016447 -0.0122572 0.0012938 0.9999227
374.251339 -0.3741284 0.0025860 -0.0042721 0.0012264 -0.0242073 0.0012521 0.9997054
374.701296 -0.4435229 0.0026808 -0.0026413 -0.0006379 -0.0377020 -0.0001438 0.9992889
374.901277 -0.4668797 0.0022289 -0.0052842 -0.0002296 -0.0293384 0.0001877 0.9995695
375.051262 -0.4886195 0.0018956 -0.0065025 0.0006097 -0.0256164 0.0005256 0.9996715
375.701199 -0.5417206 0.0026193 -0.0090466 0.0002484 -0.0257270 0.0005233 0.9996688
376.401131 -0.6125187 0.0013292 -0.0092383 -0.0008771 -0.0320975 0.0005002 0.9994842
376.651107 -0.6153358 0.0021613 -0.0123239 -0.0013194 -0.0294400 0.0005946 0.9995655
376.901083 -0.6366990 0.0016518 -0.0114106 -0.0010532 -0.0347697 0.0012158 0.9993941
378.100967 -0.7828547 0.0005587 -0.0190146 -0.0012586 -0.0046504 0.0009071 0.9999880
378.150962 -0.7831993 0.0007081 -0.0198682 -0.0010768 -0.0064347 0.0012854 0.9999779
378.400938 -0.7849630 0.0014132 -0.0243366 -0.0015122 -0.0148079 0.0024693 0.9998862
378.800899 -0.7866442 0.0030395 -0.0320015 -0.0017820 -0.0344236 0.0003060 0.9994057
378.900889 -0.7864996 0.0031626 -0.0328611 -0.0018208 -0.0380844 -0.0000369 0.9992729
379.100870 -0.7893592 0.0049486 -0.0396885 -0.0015057 -0.0438775 -0.0012013 0.9990351
379.350846 -0.7930068 0.0060554 -0.0491379 -0.0022131 -0.0546657 -0.0031851 0.9984972
379.450836 -0.7924045 0.0066252 -0.0474123 -0.0013977 -0.0592308 -0.0034870 0.9982373
379.500831 -0.7928827 0.0073783 -0.0498936 -0.0013409 -0.0608308 -0.0047644 0.9981359
379.600822 -0.7916772 0.0070866 -0.0522469 -0.0015484 -0.0661893 -0.0049280 0.9977937
380.150768 -0.7848412 0.0072439 -0.0527822 -0.0016336 -0.0963439 -0.0091644 0.9953046
380.300754 -0.7823048 0.0062891 -0.0463985 -0.0016172 -0.1027728 -0.0094489 0.9946586
380.400744 -0.7869154 0.0072653 -0.0512502 -0.0019194 -0.1067086 -0.0109939 0.9942277
380.550730 -0.7900527 0.0079298 -0.0523131 -0.0018006 -0.1140381 -0.0107889 0.9934162
381.100676 -0.7866258 0.0038661 -0.0378410 -0.0035102 -0.1475310 -0.0066400 0.9890289
381.150671 -0.7865890 0.0038730 -0.0378682 -0.0036560 -0.1518419 -0.0090593 0.9883565
381.500638 -0.7847129 0.0049838 -0.0414615 -0.0079521 -0.1611944 -0.0049271 0.9868783
381.600628 -0.7874013 0.0036546 -0.0372300 -0.0120968 -0.1638253 0.0017615 0.9864137
381.650623 -0.7868439 0.0035134 -0.0364424 -0.0135123 -0.1650998 0.0059116 0.9861666
381.700618 -0.7867516 0.0035144 -0.0363619 -0.0162625 -0.1688974 0.0145443 0.9853922
381.800609 -0.7882246 0.0023211 -0.0317034 -0.0180651 -0.1753276 0.0210908 0.9841184
