371.451611 0.0000000 0.0000000 0.0000000 -0.0000000 -0.0000000 -0.0000000 1.0000000
371.701586 -0.0344275 -0.0003081 0.0019599 0.0001001 -0.0059554 0.0003504 0.9999822
371.801577 -0.0452398 -0.0006053 0.0015511 0.0000618 -0.0047992 0.0005495 0.9999884
372.301528 -0.1047972 -0.0003675 0.0040685 0.0001257 -0.0101379 0.0002215 0.9999486
372.601499 -0.1406298 -0.0003519 0.0023377 0.0001561 -0.0083488 -0.0001257 0.9999651
372.701490 -0.1499784 -0.0005308 0.0013552 0.0001443 -0.0083459 0.0000241 0.9999652
373.501412 -0.2616884 0.0015264 -0.0007628 0.0017785 -0.0126039 0.0007109 0.9999188
373.601402 -0.2765881 0.0010402 -0.0022791 0.0018245 -0.0111472 0.0005655 0.9999360
374.101354 -0.3658896 0.0017198 -0.0032131 0.0015217 -0.0201416 0.0006730 0.9997958
374.301335 -0.3958186 0.0017367 -0.0031671 0.0008977 -0.0266634 0.0007192 0.9996438
374.701296 -0.4630683 0.0044343 0.0006364 0.0004174 -0.0360927 -0.0010757 0.9993478
374.751291 -0.4678606 0.0051503 -0.0002908 0.0005941 -0.0344545 -0.0010451 0.9994056
374.951272 -0.4912212 0.0032899 -0.0021060 0.0006413 -0.0264825 -0.0002022 0.9996490
375.851185 -0.5739070 0.0030669 -0.0072792 0.0008743 -0.0296261 -0.0000529 0.9995607
375.951175 -0.5827709 0.0028066 -0.0063554 0.0009205 -0.0338436 -0.0000602 0.9994267
376.801093 -0.6506941 0.0035528 -0.0069990 -0.0002581 -0.0330784 0.0000228 0.9994528
378.150962 -0.7771899 0.0036480 -0.0185798 0.0000889 -0.0181821 -0.0002773 0.9998347
378.300947 -0.7864952 0.0032317 -0.0260639 -0.0008863 -0.0202369 0.0004761 0.9997947
378.800899 -0.8415666 0.0035714 -0.0325645 -0.0015265 -0.0262221 0.0001185 0.9996550
379.000880 -0.8619561 0.0022956 -0.0356070 -0.0021920 -0.0259693 -0.0000077 0.9996603
379.100870 -0.8710145 0.0010600 -0.0415364 -0.0028331 -0.0285542 0.0004047 0.9995882
379.150865 -0.8733501 0.0016873 -0.0449160 -0.0027406 -0.0309586 0.0006488 0.9995167
379.350846 -0.8996941 0.0008528 -0.0485758 -0.0032403 -0.0321159 -0.0001790 0.9994789
379.500831 -0.9131279 0.0006193 -0.0509543 -0.0030938 -0.0347904 -0.0005343 0.9993897
380.050778 -0.9689420 -0.0006708 -0.0606794 -0.0036508 -0.0479787 -0.0013580 0.9988407
380.150768 -0.9697967 0.0000244 -0.0632820 -0.0036918 -0.0508952 -0.0017335 0.9986957
380.600725 -1.0130650 0.0007863 -0.0714984 -0.0050559 -0.0607779 0.0011477 0.9981379
380.650720 -1.0147487 0.0013651 -0.0755543 -0.0051283 -0.0624862 0.0008761 0.9980323
381.250662 -1.0274690 0.0009514 -0.0707382 -0.0058205 -0.0973319 0.0024456 0.9952320
381.350652 -1.0272982 0.0007957 -0.0722590 -0.0073138 -0.0978345 0.0042160 0.9951669
381.400647 -1.0273529 0.0011048 -0.0734873 -0.0077307 -0.0982402 0.0038082 0.9951254
381.500638 -1.0253441 -0.0017713 -0.0693058 -0.0102986 -0.0987393 0.0082797 0.9950256
381.600628 -1.0259787 -0.0032805 -0.0706500 -0.0134542 -0.1011578 0.0154568 0.9946594
381.700618 -1.0085986 -0.0101372 -0.0391830 -0.0181458 -0.1123484 0.0314189 0.9930062
381.800609 -1.0176595 -0.0053417 -0.0645442 -0.0184509 -0.1184271 0.0350719 0.9921716
