371.451611 0.0000000 0.0000000 0.0000000 -0.0000000 -0.0000000 -0.0000000 1.0000000
371.701586 -0.0302595 0.0002695 0.0016319 0.0003914 -0.0061126 0.0003637 0.9999812
371.801577 -0.0394524 0.0007962 0.0008888 0.0004592 -0.0050359 0.0004976 0.9999871
372.301528 -0.0916317 0.0005959 0.0023759 0.0004135 -0.0103865 0.0003494 0.9999459
372.601499 -0.1219263 0.0006187 0.0012830 0.0003963 -0.0090227 0.0002209 0.9999592
372.751485 -0.1366313 0.0015968 -0.0002158 0.0007979 -0.0088593 0.0005894 0.9999602
373.351427 -0.2122790 0.0012642 -0.0009635 0.0013016 -0.0175989 0.0008861 0.9998439
374.001364 -0.3055761 0.0005264 -0.0034817 0.0016732 -0.0218575 0.0013892 0.9997588
374.101354 -0.3215977 0.0007133 -0.0042919 0.0010281 -0.0203039 0.0009823 0.9997929
374.651301 -0.4011385 0.0014445 -0.0020662 -0.0005494 -0.0391304 -0.0004075 0.9992339
374.751291 -0.4104142 0.0009547 -0.0021377 -0.0012010 -0.0351807 -0.0006300 0.9993801
374.951272 -0.4311844 0.0008281 -0.0035343 -0.0003359 -0.0270632 0.0004292 0.9996336
375.051262 -0.4461792 -0.0001568 -0.0061994 -0.0002789 -0.0248835 0.0009095 0.9996899
376.551117 -0.5618477 0.0007227 -0.0095370 -0.0017768 -0.0271705 0.0005368 0.9996291
376.651107 -0.5618975 0.0006743 -0.0091680 -0.0016661 -0.0287619 0.0009879 0.9995844
376.951078 -0.5815327 -0.0004278 -0.0113162 -0.0013694 -0.0351053 0.0007559 0.9993824
378.150962 -0.6822580 0.0016862 -0.0200630 -0.0005820 -0.0194393 0.0005466 0.9998107
378.200957 -0.6822749 0.0020694 -0.0210318 -0.0005227 -0.0209284 0.0004346 0.9997808
378.300947 -0.6878035 0.0016688 -0.0250553 -0.0012756 -0.0224311 0.0011200 0.9997470
378.750904 -0.7393690 0.0015457 -0.0294704 -0.0019662 -0.0243540 0.0005830 0.9997013
378.900889 -0.7530712 0.0018173 -0.0325053 -0.0021208 -0.0255893 0.0011991 0.9996696
379.000880 -0.7531071 0.0022443 -0.0338454 -0.0019034 -0.0278703 0.0008313 0.9996094
379.100870 -0.7533234 0.0019892 -0.0327648 -0.0018482 -0.0331344 0.0005373 0.9994491
379.350846 -0.8052953 0.0038721 -0.0448337 -0.0018412 -0.0265391 -0.0005184 0.9996459
379.500831 -0.8059309 0.0031305 -0.0460593 -0.0019329 -0.0334661 -0.0000351 0.9994380
379.600822 -0.8120468 -0.0015538 -0.0472741 -0.0039439 -0.0364468 0.0006474 0.9993276
380.100773 -0.8197253 0.0026489 -0.0431866 -0.0017550 -0.0601016 -0.0032736 0.9981854
380.250759 -0.8199040 0.0037647 -0.0415986 -0.0015582 -0.0654945 -0.0035761 0.9978454
380.500734 -0.8446029 0.0008354 -0.0503110 -0.0035182 -0.0709089 -0.0027983 0.9974727
380.600725 -0.8444027 0.0006672 -0.0505295 -0.0041260 -0.0756535 -0.0019138 0.9971238
381.450642 -0.8428825 0.0013437 -0.0562140 -0.0081606 -0.1170786 -0.0006444 0.9930890
381.500638 -0.8432115 0.0014423 -0.0568042 -0.0082921 -0.1167040 0.0011407 0.9931315
381.550633 -0.8432057 0.0015059 -0.0573237 -0.0094698 -0.1170857 0.0028065 0.9930727
381.600628 -0.8431104 0.0013380 -0.0570115 -0.0111324 -0.1189316 0.0067721 0.9928169
381.650623 -0.8432899 0.0012546 -0.0571519 -0.0123662 -0.1203634 0.0131666 0.9925656
381.700618 -0.8431374 0.0010517 -0.0563849 -0.0151409 -0.1245219 0.0226875 0.9918419
381.750613 -0.8423877 0.0007917 -0.0515979 -0.0156402 -0.1281679 0.0257530 0.9912947
