371.451611 0.0000000 0.0000000 0.0000000 -0.0000000 -0.0000000 -0.0000000 1.0000000
371.651591 -0.0224741 -0.0004893 0.0012383 0.0000554 -0.0052781 0.0000410 0.9999861
371.751582 -0.0321185 -0.0004582 0.0014116 0.0001209 -0.0055574 0.0002810 0.9999845
372.251533 -0.0787887 -0.0000781 0.0024673 0.0002494 -0.0094383 0.0000627 0.9999554
372.401519 -0.0919332 0.0000991 0.0027432 0.0003467 -0.0103808 0.0002739 0.9999461
372.851475 -0.1344460 0.0005945 -0.0006462 0.0008496 -0.0102223 -0.0000292 0.9999474
373.051456 -0.1587318 0.0008163 -0.0008321 0.0008391 -0.0118322 0.0000508 0.9999297
373.251436 -0.1805445 0.0006725 -0.0016610 0.0007911 -0.0151131 0.0002198 0.9998855
374.001364 -0.2746456 -0.0004614 -0.0037915 0.0010159 -0.0211219 0.0008863 0.9997760
374.601306 -0.3518744 0.0014894 -0.0022061 -0.0000791 -0.0415413 -0.0007583 0.9991365
375.701199 -0.4426840 0.0002395 -0.0069358 -0.0009047 -0.0253086 -0.0004626 0.9996792
375.851185 -0.4528737 -0.0001136 -0.0070650 -0.0005926 -0.0293966 0.0003231 0.9995676
376.151156 -0.4782502 -0.0006062 -0.0068987 -0.0012962 -0.0307498 -0.0003628 0.9995262
376.551117 -0.5031593 0.0011868 -0.0067749 -0.0018176 -0.0272491 -0.0003953 0.9996270
376.901083 -0.5232996 0.0006196 -0.0081122 -0.0014557 -0.0328883 0.0002773 0.9994580
377.651010 -0.5782377 -0.0010917 -0.0109355 -0.0013864 -0.0264270 0.0008975 0.9996494
377.701006 -0.5784301 -0.0007657 -0.0113403 -0.0011492 -0.0264628 0.0008984 0.9996487
378.350943 -0.6363409 0.0007142 -0.0212962 -0.0022360 -0.0147297 0.0007184 0.9998888
378.750904 -0.6731299 -0.0002437 -0.0229026 -0.0031193 -0.0187876 0.0006210 0.9998184
378.800899 -0.6737024 0.0003480 -0.0247026 -0.0030256 -0.0213124 0.0006675 0.9997681
379.100870 -0.7011589 0.0014740 -0.0305964 -0.0027204 -0.0211922 0.0000772 0.9997717
379.200860 -0.7110116 0.0008475 -0.0304129 -0.0029057 -0.0226770 -0.0002112 0.9997386
379.350846 -0.7102128 0.0015117 -0.0341828 -0.0029267 -0.0305557 0.0000351 0.9995288
379.700812 -0.7612674 0.0004178 -0.0395887 -0.0035154 -0.0273727 -0.0002229 0.9996191
379.750807 -0.7620404 0.0011502 -0.0404355 -0.0029333 -0.0300974 -0.0006877 0.9995424
380.100773 -0.7825764 0.0000526 -0.0415472 -0.0034137 -0.0395614 0.0000351 0.9992113
380.200763 -0.7874514 -0.0000429 -0.0403020 -0.0034948 -0.0404774 0.0001170 0.9991744
380.950691 -0.7891275 0.0011529 -0.0425377 -0.0037936 -0.0825430 -0.0041018 0.9965718
381.050681 -0.7870317 -0.0007229 -0.0366489 -0.0049215 -0.0855386 -0.0034214 0.9963169
381.150671 -0.7891548 0.0017665 -0.0470755 -0.0044643 -0.0928281 -0.0007130 0.9956719
381.250662 -0.7892464 0.0031006 -0.0524021 -0.0057074 -0.1012260 -0.0009469 0.9948466
381.350652 -0.7886612 0.0025088 -0.0505172 -0.0069579 -0.1014356 -0.0007402 0.9948175
381.450642 -0.7884773 0.0024970 -0.0511098 -0.0082176 -0.1008950 -0.0004497 0.9948630
381.550633 -0.7886416 0.0021844 -0.0503348 -0.0110584 -0.1020530 0.0047711 0.9947060
381.650623 -0.7888858 0.0010825 -0.0458454 -0.0137943 -0.1055686 0.0141095 0.9942163
381.750613 -0.7870671 -0.0002918 -0.0398539 -0.0166076 -0.1139728 0.0264009 0.9929942
381.800609 -0.7851110 -0.0017679 -0.0324381 -0.0180751 -0.1181945 0.0272801 0.9924511
