371.451611 0.0000000 0.0000000 0.0000000 -0.0000000 -0.0000000 -0.0000000 1.0000000
371.701586 -0.0693894 0.0006887 0.0032730 0.0004202 -0.0055674 0.0008400 0.9999841
371.801577 -0.0901768 0.0026588 0.0012870 0.0006680 -0.0043243 0.0011251 0.9999898
372.301528 -0.2078546 0.0016388 0.0067196 0.0004923 -0.0091347 0.0009526 0.9999577
372.501509 -0.2536126 0.0013572 0.0058822 0.0005769 -0.0089561 0.0007760 0.9999594
373.001461 -0.3807684 0.0031914 -0.0025513 0.0011587 -0.0109604 0.0012277 0.9999385
373.451417 -0.4979984 0.0026412 -0.0030560 0.0016762 -0.0126759 0.0018867 0.9999165
373.701393 -0.5798575 -0.0002021 -0.0098001 0.0016944 -0.0104413 0.0020808 0.9999419
374.051359 -0.6970493 0.0009847 -0.0093487 0.0014260 -0.0180055 0.0015786 0.9998357
374.401325 -0.8107736 0.0009641 -0.0107125 0.0004733 -0.0329601 0.0008461 0.9994562
374.451320 -0.8243251 0.0036519 -0.0131037 0.0007506 -0.0365028 0.0012870 0.9993325
374.751291 -0.9169997 0.0056823 -0.0075736 -0.0002510 -0.0316746 0.0001054 0.9994982
374.901277 -0.9499992 0.0055015 -0.0075593 0.0003781 -0.0258039 0.0008849 0.9996666
375.001267 -0.9797658 0.0017735 -0.0130006 -0.0000132 -0.0219260 0.0015451 0.9997584
376.801093 -1.2856013 0.0079800 -0.0123933 0.0003933 -0.0268504 0.0009811 0.9996389
376.901083 -1.2888255 0.0065960 -0.0159001 0.0001196 -0.0314671 0.0012646 0.9995040
377.850991 -1.4580822 0.0036977 -0.0333947 -0.0000520 -0.0188256 0.0018491 0.9998211
377.900986 -1.4593619 0.0039230 -0.0367019 -0.0001202 -0.0191931 0.0021775 0.9998134
378.550923 -1.5879518 0.0072441 -0.0519962 -0.0008771 -0.0195032 0.0015339 0.9998083
378.600918 -1.5884023 0.0075941 -0.0573151 -0.0009558 -0.0230421 0.0017375 0.9997326
378.950885 -1.6619085 0.0080154 -0.0652500 -0.0009313 -0.0246707 0.0012343 0.9996945
379.000880 -1.6662074 0.0091927 -0.0656576 -0.0005668 -0.0255453 0.0011041 0.9996729
379.100870 -1.6900988 0.0043529 -0.0752623 -0.0017439 -0.0270164 0.0008593 0.9996331
379.400841 -1.7757837 0.0071692 -0.0892862 -0.0014480 -0.0276894 0.0009754 0.9996151
379.450836 -1.7762713 0.0081200 -0.0914471 -0.0012834 -0.0298817 0.0007842 0.9995523
379.600822 -1.7855865 0.0077081 -0.0920903 -0.0011656 -0.0355486 0.0000756 0.9993673
379.650817 -1.7963501 0.0074752 -0.0948417 -0.0011201 -0.0370508 0.0003927 0.9993127
379.950788 -1.8266494 0.0081702 -0.0898109 -0.0010732 -0.0508552 -0.0019357 0.9987036
380.150768 -1.8262736 0.0074402 -0.0874570 -0.0009604 -0.0579620 -0.0014046 0.9983174
380.600725 -1.8297570 0.0049341 -0.0791084 -0.0020696 -0.0795080 -0.0016658 0.9968307
380.950691 -1.8262700 0.0095488 -0.0913836 -0.0012500 -0.1006985 -0.0075219 0.9948878
381.050681 -1.8248935 0.0083438 -0.0899572 -0.0022288 -0.1031209 -0.0050328 0.9946536
381.150671 -1.8275654 0.0115071 -0.1044709 -0.0020092 -0.1104013 -0.0039838 0.9938771
381.400647 -1.8258322 0.0116179 -0.1045675 -0.0051421 -0.1196720 -0.0044567 0.9927902
381.500638 -1.8244073 0.0102074 -0.1044076 -0.0070643 -0.1198693 -0.0008271 0.9927642
381.550633 -1.8246135 0.0092760 -0.1043719 -0.0089837 -0.1202964 0.0025494 0.9926941
381.600628 -1.8245367 0.0092613 -0.1055455 -0.0102450 -0.1226657 0.0069316 0.9923710
381.650623 -1.8243021 0.0081080 -0.1042494 -0.0119478 -0.1235378 0.0120116 0.9921952
381.750613 -1.8307588 0.0082995 -0.0962506 -0.0148391 -0.1305642 0.0238132 0.9910427
381.800609 -1.8266450 0.0104538 -0.0842664 -0.0148032 -0.1342580 0.0254793 0.9905082
