371.451611 0.0000000 0.0000000 0.0000000 -0.0000000 -0.0000000 -0.0000000 1.0000000
371.651591 -0.0428345 -0.0005986 0.0023178 0.0001284 -0.0050258 0.0000169 0.9999874
371.751582 -0.0610534 -0.0009163 0.0020797 0.0000194 -0.0053981 0.0000898 0.9999855
372.251533 -0.1486562 0.0011276 0.0020390 0.0004536 -0.0094388 0.0001938 0.9999554
372.401519 -0.1754752 0.0008492 0.0024308 0.0003562 -0.0099959 0.0000596 0.9999500
372.951465 -0.2776578 0.0028590 -0.0052203 0.0013146 -0.0120191 0.0000711 0.9999269
373.001461 -0.2896673 0.0023074 -0.0052478 0.0011125 -0.0122705 -0.0000880 0.9999241
373.401422 -0.3718870 0.0015447 -0.0063125 0.0013520 -0.0161264 0.0004380 0.9998690
373.701393 -0.4437859 -0.0008005 -0.0135820 0.0013568 -0.0120264 0.0008275 0.9999264
374.401325 -0.6265663 0.0033604 -0.0110062 0.0009707 -0.0340149 -0.0002013 0.9994209
374.601306 -0.6780916 0.0031692 -0.0095574 0.0001115 -0.0393686 -0.0007835 0.9992244
374.751291 -0.7098671 0.0044885 -0.0105718 -0.0004159 -0.0326686 -0.0007540 0.9994659
374.951272 -0.7464319 0.0048144 -0.0116410 0.0006513 -0.0241781 0.0000843 0.9997075
375.051262 -0.7720751 0.0039451 -0.0152361 0.0009597 -0.0222254 0.0005438 0.9997524
376.751098 -0.9978275 0.0035580 -0.0224118 -0.0010744 -0.0238908 0.0007320 0.9997138
376.901083 -1.0095485 0.0062105 -0.0188888 -0.0000603 -0.0298348 0.0006057 0.9995547
377.001073 -1.0162104 0.0008909 -0.0215461 -0.0011164 -0.0301011 0.0004252 0.9995462
378.150962 -1.1717138 0.0045347 -0.0384938 -0.0005898 -0.0182063 0.0004295 0.9998340
378.200957 -1.1744775 0.0051816 -0.0431258 -0.0006566 -0.0191087 0.0003610 0.9998171
379.050875 -1.3096964 0.0028481 -0.0658914 -0.0027526 -0.0263406 -0.0007993 0.9996489
379.100870 -1.3117130 0.0032046 -0.0701794 -0.0026221 -0.0287532 -0.0002664 0.9995831
379.300851 -1.3495777 0.0023157 -0.0794825 -0.0030365 -0.0315159 -0.0003334 0.9994986
379.450836 -1.3675679 0.0041748 -0.0812984 -0.0027005 -0.0341781 -0.0009239 0.9994117
380.150768 -1.4791365 -0.0008365 -0.1034140 -0.0039990 -0.0468460 -0.0012163 0.9988934
380.250759 -1.4819704 0.0047865 -0.0967537 -0.0027800 -0.0499105 -0.0018077 0.9987482
380.350749 -1.4907733 0.0006848 -0.0980651 -0.0039501 -0.0527864 -0.0006923 0.9985978
380.600725 -1.5459033 0.0031948 -0.1047344 -0.0042101 -0.0555603 0.0007889 0.9984462
380.900696 -1.5397831 0.0030204 -0.1033357 -0.0039548 -0.0774039 -0.0003867 0.9969919
380.950691 -1.5404816 0.0042113 -0.1077268 -0.0037586 -0.0792792 -0.0001807 0.9968454
381.400647 -1.5422124 0.0079100 -0.1279616 -0.0072656 -0.0984444 0.0000561 0.9951161
381.450642 -1.5423716 0.0074461 -0.1286816 -0.0081230 -0.0974243 0.0017437 0.9952083
381.500638 -1.5417353 0.0071338 -0.1287690 -0.0087869 -0.0974115 0.0026148 0.9952020
381.550633 -1.5416807 0.0060171 -0.1277941 -0.0101296 -0.0976265 0.0047746 0.9951601
381.600628 -1.5409081 0.0047209 -0.1261473 -0.0119616 -0.0995418 0.0085695 0.9949246
381.700618 -1.5411201 0.0035278 -0.1129691 -0.0152628 -0.1052122 0.0238260 0.9940472
381.750613 -1.5379770 0.0050763 -0.1045535 -0.0152775 -0.1097726 0.0282379 0.9934381
