371.451611 0.0000000 0.0000000 0.0000000 -0.0000000 -0.0000000 -0.0000000 1.0000000
371.651591 -0.0240994 -0.0005198 0.0011598 -0.0000018 -0.0050608 0.0000203 0.9999872
372.201538 -0.0800214 -0.0006662 0.0024839 0.0000470 -0.0081465 0.0002508 0.9999668
372.301528 -0.0881961 -0.0000928 0.0027530 0.0001463 -0.0093618 0.0002568 0.9999562
372.451514 -0.1022209 -0.0002348 0.0026784 0.0001113 -0.0098149 0.0002365 0.9999518
372.651494 -0.1209537 -0.0005804 0.0009906 -0.0002066 -0.0072845 0.0000384 0.9999735
373.001461 -0.1603174 -0.0000425 -0.0003642 0.0004396 -0.0119681 0.0002642 0.9999283
374.151349 -0.3047640 -0.0000330 -0.0024084 0.0003863 -0.0226185 0.0007589 0.9997438
374.251339 -0.3176048 0.0008351 -0.0020104 0.0007434 -0.0246853 0.0008912 0.9996946
374.801286 -0.3869413 0.0026852 -0.0018445 -0.0000423 -0.0356376 -0.0000470 0.9993648
375.801190 -0.4695058 -0.0006208 -0.0072705 -0.0008996 -0.0272871 0.0005646 0.9996271
375.851185 -0.4691984 -0.0005557 -0.0074722 -0.0007794 -0.0312205 0.0007455 0.9995120
376.351136 -0.5183570 -0.0004667 -0.0075609 -0.0012996 -0.0325562 0.0001213 0.9994690
376.701102 -0.5194963 -0.0001853 -0.0101200 -0.0021393 -0.0344724 0.0006635 0.9994032
376.901083 -0.5413327 0.0004367 -0.0085671 -0.0012811 -0.0355735 0.0007293 0.9993660
377.001073 -0.5483922 0.0024462 -0.0071348 0.0000264 -0.0342954 0.0005103 0.9994116
378.100967 -0.6447430 -0.0006376 -0.0155721 -0.0014498 -0.0149619 0.0003144 0.9998870
378.150962 -0.6457185 -0.0002922 -0.0176272 -0.0013775 -0.0165012 0.0006263 0.9998627
378.400938 -0.6481216 0.0008768 -0.0249364 -0.0020033 -0.0246963 0.0017551 0.9996914
378.550923 -0.6488106 0.0014654 -0.0302893 -0.0024348 -0.0325727 0.0018478 0.9994647
378.900889 -0.7005785 0.0004560 -0.0274681 -0.0026628 -0.0272922 0.0005185 0.9996238
379.000880 -0.7030547 0.0010928 -0.0318935 -0.0023666 -0.0293528 0.0016361 0.9995650
379.100870 -0.7049178 0.0019244 -0.0369548 -0.0021916 -0.0343130 0.0016010 0.9994075
379.350846 -0.7342244 0.0003334 -0.0409966 -0.0029983 -0.0354990 0.0011553 0.9993646
379.500831 -0.7474698 -0.0005889 -0.0430713 -0.0031156 -0.0370486 0.0012000 0.9993079
380.050778 -0.8066984 -0.0001908 -0.0514883 -0.0029737 -0.0447575 0.0000983 0.9989935
380.150768 -0.8064463 -0.0000196 -0.0521899 -0.0030939 -0.0479605 -0.0001344 0.9988444
380.250759 -0.8044897 -0.0002098 -0.0508399 -0.0034044 -0.0523430 -0.0003913 0.9986233
380.750710 -0.8145881 0.0013457 -0.0549732 -0.0039718 -0.0774489 0.0004125 0.9969884
380.800705 -0.8133520 0.0005694 -0.0513227 -0.0035975 -0.0822392 -0.0003141 0.9966061
381.250662 -0.8110043 0.0027300 -0.0592155 -0.0044950 -0.1084059 -0.0025510 0.9940933
381.450642 -0.8101232 0.0021104 -0.0574995 -0.0070404 -0.1099497 0.0019318 0.9939104
381.550633 -0.8098416 0.0019595 -0.0566993 -0.0085811 -0.1098889 0.0046685 0.9938959
381.600628 -0.8083046 0.0011880 -0.0538600 -0.0103749 -0.1128483 0.0091764 0.9935157
381.650623 -0.8056120 0.0001184 -0.0485843 -0.0123931 -0.1164255 0.0155835 0.9929999
381.750613 -0.8066417 -0.0001035 -0.0524446 -0.0156005 -0.1235002 0.0272799 0.9918469
381.800609 -0.8057387 -0.0005016 -0.0513847 -0.0166469 -0.1277798 0.0302767 0.9912006
