371.451611 0.0000000 0.0000000 0.0000000 -0.0000000 -0.0000000 -0.0000000 1.0000000
371.651591 -0.0390663 -0.0002639 0.0035333 0.0002098 -0.0049256 0.0002206 0.9999878
371.701586 -0.0462904 0.0001251 0.0051757 0.0003166 -0.0057529 0.0003932 0.9999834
372.201538 -0.1260005 -0.0005975 0.0059798 0.0002615 -0.0085886 0.0004279 0.9999630
372.301528 -0.1406507 0.0000848 0.0069447 0.0003313 -0.0094529 0.0004400 0.9999552
372.451514 -0.1624903 -0.0001651 0.0075961 0.0003596 -0.0100329 0.0003506 0.9999496
373.701393 -0.3824211 0.0009094 -0.0019161 0.0022683 -0.0139542 0.0018760 0.9998983
373.801383 -0.4088841 -0.0020081 -0.0032041 0.0017017 -0.0156218 0.0016328 0.9998752
374.451320 -0.5536915 0.0028130 0.0000090 0.0014722 -0.0386332 0.0008248 0.9992521
374.501315 -0.5612833 0.0040232 0.0009754 0.0015685 -0.0421890 0.0008907 0.9991080
374.701296 -0.6044168 0.0027489 0.0045145 -0.0000797 -0.0369158 0.0005189 0.9993182
374.851281 -0.6268633 0.0042082 0.0028494 0.0008144 -0.0321342 0.0009822 0.9994828
376.401131 -0.8198392 0.0015942 -0.0025581 -0.0002722 -0.0349075 0.0003556 0.9993905
376.501122 -0.8237134 0.0018910 -0.0047629 -0.0008050 -0.0327140 0.0007291 0.9994642
376.551117 -0.8255349 0.0024410 -0.0049901 -0.0008824 -0.0302030 0.0005178 0.9995432
378.100967 -1.0215788 0.0003754 -0.0268015 -0.0009337 -0.0152265 0.0004073 0.9998836
378.200957 -1.0298159 -0.0017575 -0.0312211 -0.0018223 -0.0162849 0.0007552 0.9998655
378.400938 -1.0519035 0.0011387 -0.0342378 -0.0016292 -0.0177942 0.0010545 0.9998398
378.450933 -1.0519826 0.0009096 -0.0343985 -0.0018679 -0.0204517 0.0009744 0.9997886
378.900889 -1.1317046 0.0003147 -0.0381411 -0.0023528 -0.0215974 0.0002781 0.9997640
379.150865 -1.1377113 0.0027714 -0.0502675 -0.0019093 -0.0320121 -0.0004518 0.9994856
379.200860 -1.1381707 0.0027977 -0.0508278 -0.0017185 -0.0346932 -0.0008836 0.9993961
379.600822 -1.2076530 -0.0032174 -0.0711236 -0.0040637 -0.0366115 -0.0008092 0.9993210
380.100773 -1.2128446 -0.0010487 -0.0540067 -0.0026208 -0.0629139 -0.0040281 0.9980074
380.200763 -1.2129915 -0.0005574 -0.0549491 -0.0027194 -0.0659587 -0.0039141 0.9978110
380.550730 -1.2171789 -0.0020269 -0.0494839 -0.0034400 -0.0833893 -0.0048253 0.9964994
380.600725 -1.2168590 -0.0014657 -0.0501964 -0.0034262 -0.0854295 -0.0047492 0.9963270
380.950691 -1.2184817 0.0074829 -0.0853464 -0.0031180 -0.1062424 -0.0070503 0.9943104
381.350652 -1.2154862 0.0069765 -0.0865029 -0.0062359 -0.1252505 -0.0051309 0.9920923
381.500638 -1.2156292 0.0067621 -0.0870047 -0.0079572 -0.1245260 -0.0042464 0.9921753
381.550633 -1.2156479 0.0064942 -0.0867030 -0.0098420 -0.1250712 -0.0010537 0.9920984
381.600628 -1.2156644 0.0063109 -0.0867179 -0.0115080 -0.1270114 0.0024696 0.9918315
381.650623 -1.2155961 0.0059732 -0.0863231 -0.0130612 -0.1286275 0.0087292 0.9915686
381.700618 -1.2148892 0.0041850 -0.0796420 -0.0156911 -0.1328697 0.0170463 0.9908627
381.800609 -1.2154589 0.0030123 -0.0751001 -0.0171772 -0.1401795 0.0232355 0.9897044
