371.451611 0.0000000 0.0000000 0.0000000 -0.0000000 -0.0000000 -0.0000000 1.0000000
371.651591 -0.0340420 -0.0015844 0.0001671 -0.0001373 -0.0048445 -0.0000860 0.9999883
371.751582 -0.0498223 -0.0019495 0.0012504 -0.0002701 -0.0048138 0.0000391 0.9999884
372.451514 -0.1458173 -0.0017219 0.0007731 -0.0002557 -0.0091879 0.0000339 0.9999578
372.551504 -0.1612263 -0.0008726 0.0015755 -0.0002484 -0.0076102 -0.0001173 0.9999710
372.951465 -0.2182561 0.0006033 -0.0032048 0.0007757 -0.0110956 0.0001583 0.9999381
373.351427 -0.2844058 0.0004391 -0.0040640 0.0009588 -0.0161986 0.0003132 0.9998683
373.401422 -0.2910510 0.0004945 -0.0051023 0.0011780 -0.0151248 0.0002966 0.9998849
373.801383 -0.3674456 0.0004901 -0.0097651 0.0021680 -0.0137865 0.0009524 0.9999022
373.901373 -0.3866232 -0.0008539 -0.0070062 0.0016936 -0.0173510 0.0005889 0.9998479
374.401325 -0.4799813 0.0019558 -0.0065430 0.0009364 -0.0360523 -0.0000832 0.9993495
374.501315 -0.4980636 0.0034971 -0.0046543 0.0010979 -0.0425648 -0.0003947 0.9990931
374.651301 -0.5291997 0.0026457 -0.0038614 -0.0001535 -0.0397132 -0.0006332 0.9992110
374.751291 -0.5437167 0.0034748 -0.0059546 -0.0003135 -0.0347276 -0.0004145 0.9993967
374.851281 -0.5580016 0.0028818 -0.0060602 -0.0000467 -0.0317494 0.0000236 0.9994959
376.751098 -0.7538779 -0.0010693 -0.0177182 -0.0020558 -0.0307991 0.0001302 0.9995235
376.801093 -0.7527472 -0.0007123 -0.0189475 -0.0019176 -0.0348685 -0.0001402 0.9993901
376.901083 -0.7594458 -0.0013799 -0.0183769 -0.0019457 -0.0376982 0.0005394 0.9992871
378.150962 -0.9144319 0.0030710 -0.0294179 -0.0003114 -0.0153796 0.0004051 0.9998816
378.300947 -0.9227132 0.0018519 -0.0392016 -0.0014414 -0.0187665 0.0008103 0.9998225
378.550923 -0.9592405 0.0010422 -0.0509972 -0.0027181 -0.0204758 0.0008323 0.9997863
379.000880 -0.9746697 0.0022352 -0.0540342 -0.0025314 -0.0358580 -0.0007029 0.9993535
379.050875 -0.9758940 0.0023373 -0.0566937 -0.0025491 -0.0386438 -0.0006600 0.9992496
379.100870 -0.9756377 0.0024459 -0.0566895 -0.0024246 -0.0410988 -0.0006251 0.9991519
379.350846 -0.9941873 0.0047051 -0.0621932 -0.0020011 -0.0486505 -0.0026857 0.9988103
379.600822 -0.9982016 0.0016107 -0.0598369 -0.0027521 -0.0596332 -0.0023454 0.9982138
379.900793 -1.0069835 0.0010496 -0.0545380 -0.0023809 -0.0780575 -0.0039994 0.9969380
380.100773 -1.0166121 0.0016745 -0.0584733 -0.0024691 -0.0822304 -0.0054413 0.9965954
380.200763 -1.0164311 0.0020406 -0.0598096 -0.0025569 -0.0858880 -0.0041986 0.9962927
380.550730 -1.0341409 0.0028709 -0.0521206 -0.0023622 -0.0992328 -0.0060534 0.9950430
380.750710 -1.0324315 0.0040515 -0.0616402 -0.0028697 -0.1110815 -0.0057896 0.9937903
380.950691 -1.0372292 0.0062560 -0.0657011 -0.0019236 -0.1214758 -0.0081590 0.9925590
381.350652 -1.0363569 0.0060600 -0.0673724 -0.0054824 -0.1413144 -0.0054408 0.9899346
381.500638 -1.0349702 0.0039924 -0.0607555 -0.0083393 -0.1417615 -0.0016091 0.9898644
381.600628 -1.0362070 0.0045263 -0.0666601 -0.0113242 -0.1436434 0.0039041 0.9895570
381.650623 -1.0357428 0.0045893 -0.0668997 -0.0127435 -0.1457095 0.0095924 0.9891989
381.700618 -1.0338738 0.0009714 -0.0529945 -0.0166848 -0.1507968 0.0195177 0.9882312
381.750613 -1.0331852 0.0001268 -0.0491376 -0.0171524 -0.1549378 0.0231494 0.9875040
381.800609 -1.0297300 -0.0011372 -0.0420072 -0.0178509 -0.1593508 0.0228664 0.9867957
