371.451611 0.0000000 0.0000000 0.0000000 -0.0000000 -0.0000000 -0.0000000 1.0000000
371.651591 -0.0062003 -0.0000740 0.0003766 0.0001123 -0.0069187 -0.0001713 0.9999760
372.251533 -0.0236614 0.0001891 0.0015630 0.0005246 -0.0133481 -0.0004514 0.9999107
372.401519 -0.0270414 0.0002635 0.0011062 0.0005678 -0.0154708 -0.0006763 0.9998800
372.501509 -0.0297149 0.0004436 0.0010709 0.0007545 -0.0156242 -0.0008438 0.9998773
372.601499 -0.0319514 0.0004496 0.0008319 0.0006475 -0.0150617 -0.0008680 0.9998860
372.951465 -0.0424465 -0.0002221 -0.0016988 0.0000785 -0.0200832 -0.0019531 0.9997964
373.201441 -0.0498963 -0.0000005 -0.0030561 0.0001164 -0.0240933 -0.0020747 0.9997076
373.351427 -0.0629588 -0.0014023 0.0014910 -0.0009929 -0.0205391 -0.0021175 0.9997863
373.401422 -0.0631772 -0.0012904 0.0010873 -0.0006757 -0.0209149 -0.0019143 0.9997792
373.851378 -0.0661407 0.0001913 -0.0047781 0.0012294 -0.0415519 -0.0011033 0.9991350
373.901373 -0.0661551 0.0003132 -0.0050198 0.0012404 -0.0463339 -0.0004392 0.9989251
373.951369 -0.0667528 0.0005805 -0.0062269 0.0011930 -0.0538168 -0.0005223 0.9985500
374.301335 -0.0820487 -0.0001727 -0.0074213 -0.0012127 -0.0568147 -0.0018775 0.9983823
374.351330 -0.0820257 -0.0001593 -0.0075239 -0.0013043 -0.0652444 -0.0017923 0.9978669
374.601306 -0.0824187 0.0000826 -0.0088101 -0.0021520 -0.0921022 -0.0023290 0.9957445
374.651301 -0.0824820 0.0001125 -0.0090010 -0.0028688 -0.0935299 -0.0019535 0.9956104
375.251243 -0.0816438 -0.0001706 -0.0076489 -0.0015723 -0.1236454 -0.0027538 0.9923214
375.401228 -0.0816595 -0.0001510 -0.0077653 -0.0013072 -0.1273904 -0.0020381 0.9918497
376.451126 -0.0865302 0.0009399 -0.0131407 -0.0017554 -0.1590063 -0.0043621 0.9872664
377.351039 -0.0856310 0.0063020 -0.0335659 0.0007572 -0.1902103 -0.0110384 0.9816810
377.401034 -0.0856437 0.0062955 -0.0335265 0.0007438 -0.1938798 -0.0111172 0.9809620
378.250952 -0.0854461 0.0063960 -0.0339837 0.0014440 -0.2046870 -0.0140881 0.9787250
378.300947 -0.0853857 0.0064415 -0.0341790 0.0011554 -0.2064760 -0.0141942 0.9783480
378.400938 -0.0853231 0.0064754 -0.0343145 0.0009126 -0.2098007 -0.0141693 0.9776411
378.750904 -0.0853127 0.0064737 -0.0343168 0.0012536 -0.2259726 -0.0179931 0.9739667
378.950885 -0.0852976 0.0064874 -0.0343647 0.0014070 -0.2326298 -0.0189896 0.9723790
379.100870 -0.0852689 0.0065034 -0.0344468 0.0016448 -0.2380442 -0.0204072 0.9710386
379.300851 -0.0852444 0.0064841 -0.0343933 0.0014061 -0.2499792 -0.0216748 0.9680076
379.500831 -0.0851890 0.0065027 -0.0344199 0.0017840 -0.2578102 -0.0237358 0.9659024
379.550826 -0.0851885 0.0065022 -0.0344279 0.0020366 -0.2596373 -0.0240194 0.9654053
380.100773 -0.0843647 0.0071329 -0.0370037 0.0026313 -0.2857604 -0.0292652 0.9578506
380.350749 -0.0841669 0.0072587 -0.0372906 0.0020714 -0.2955773 -0.0290967 0.9548734
380.400744 -0.0841217 0.0072743 -0.0373531 0.0028043 -0.2975547 -0.0311750 0.9541915
380.750710 -0.0841129 0.0072803 -0.0373433 0.0021200 -0.3177461 -0.0320446 0.9476318
380.900696 -0.0841479 0.0072667 -0.0372843 0.0024663 -0.3278107 -0.0331892 0.9441571
381.250662 -0.0841883 0.0071964 -0.0369324 0.0019617 -0.3470280 -0.0356656 0.9371743
381.300657 -0.0841843 0.0071911 -0.0369130 0.0009807 -0.3468324 -0.0340732 0.9373075
381.450642 -0.0841634 0.0071930 -0.0368844 0.0004718 -0.3471853 -0.0347570 0.9371521
381.550633 -0.0841337 0.0071698 -0.0368893 -0.0018816 -0.3479015 -0.0301727 0.9370436
381.600628 -0.0841495 0.0072117 -0.0369477 0.0008443 -0.3437974 -0.0338419 0.9384335
381.650623 -0.0841555 0.0072450 -0.0369359 0.0021804 -0.3437952 -0.0328755 0.9384664
