371.451611 0.0000000 0.0000000 0.0000000 -0.0000000 -0.0000000 -0.0000000 1.0000000
371.651591 -0.0345289 -0.0008364 0.0000049 0.0000502 -0.0049425 0.0001021 0.9999878
371.751582 -0.0482354 -0.0011672 -0.0002510 -0.0000256 -0.0053206 0.0002150 0.9999858
372.251533 -0.1174525 0.0006028 -0.0000160 0.0005354 -0.0089935 0.0003829 0.9999593
372.401519 -0.1376155 0.0003649 0.0006602 0.0004722 -0.0095683 0.0003335 0.9999540
373.001461 -0.2267651 0.0019142 -0.0043632 0.0011955 -0.0117618 0.0005956 0.9999300
373.301431 -0.2759522 0.0011101 -0.0042616 0.0012149 -0.0160382 0.0006217 0.9998705
374.151349 -0.4386733 0.0014210 -0.0081243 0.0010228 -0.0197009 0.0010789 0.9998048
374.301335 -0.4679492 0.0014022 -0.0103002 0.0008759 -0.0242764 0.0011007 0.9997043
374.351330 -0.4684323 0.0020973 -0.0129188 0.0009914 -0.0318404 0.0009529 0.9994920
374.801286 -0.5585152 0.0038097 -0.0086025 0.0001745 -0.0315186 -0.0001347 0.9995031
374.901277 -0.5716054 0.0022256 -0.0081651 -0.0000028 -0.0261986 0.0004713 0.9996567
375.001267 -0.5888366 0.0020103 -0.0102882 0.0004727 -0.0227440 0.0008484 0.9997408
375.051262 -0.5986593 0.0021459 -0.0116648 0.0007467 -0.0220859 0.0009074 0.9997554
376.951078 -0.7794698 -0.0004696 -0.0122267 -0.0014661 -0.0313023 0.0004067 0.9995088
377.451030 -0.8399756 -0.0010572 -0.0176524 -0.0009863 -0.0306252 0.0007452 0.9995302
377.501025 -0.8422359 -0.0010789 -0.0173440 -0.0010099 -0.0309075 0.0008518 0.9995214
378.350943 -0.9507146 -0.0013734 -0.0323433 -0.0029897 -0.0107054 0.0011404 0.9999376
378.500928 -0.9634082 -0.0004728 -0.0344424 -0.0031192 -0.0141644 0.0006986 0.9998946
378.600918 -0.9700590 -0.0017045 -0.0375469 -0.0038165 -0.0183226 0.0010800 0.9998243
378.900889 -1.0100437 -0.0006219 -0.0372775 -0.0032886 -0.0199160 0.0005249 0.9997961
379.050875 -1.0306847 -0.0009749 -0.0425430 -0.0034399 -0.0195269 0.0002851 0.9998034
379.350846 -1.0761185 -0.0007006 -0.0491533 -0.0033749 -0.0218004 0.0002044 0.9997566
379.500831 -1.0913842 -0.0004052 -0.0511549 -0.0031826 -0.0243206 0.0002505 0.9996991
380.050778 -1.1687248 -0.0017640 -0.0579154 -0.0034231 -0.0334151 -0.0002577 0.9994357
380.150768 -1.1743913 -0.0022896 -0.0577120 -0.0037185 -0.0347394 -0.0002954 0.9993895
380.250759 -1.1793476 -0.0017971 -0.0577286 -0.0037972 -0.0372662 0.0000044 0.9992982
380.450739 -1.1844468 -0.0021188 -0.0524512 -0.0036048 -0.0469204 -0.0010035 0.9988917
380.550730 -1.1833863 -0.0036506 -0.0528404 -0.0044539 -0.0524240 -0.0000524 0.9986150
380.750710 -1.1826451 -0.0000526 -0.0623234 -0.0042875 -0.0641605 -0.0005144 0.9979302
381.000686 -1.1825085 0.0017652 -0.0705955 -0.0042862 -0.0776390 -0.0011136 0.9969717
381.200667 -1.1823304 0.0020266 -0.0717354 -0.0048822 -0.0911796 -0.0005225 0.9958224
381.450642 -1.1820425 0.0016187 -0.0754903 -0.0081850 -0.0940262 -0.0002931 0.9955361
381.550633 -1.1818590 0.0021980 -0.0773853 -0.0084669 -0.0924995 -0.0019847 0.9956747
381.650623 -1.1827157 0.0050558 -0.0748523 -0.0064807 -0.0929483 -0.0012918 0.9956490
381.700618 -1.1847908 0.0043291 -0.0811504 -0.0097205 -0.0960795 0.0081699 0.9952927
381.800609 -1.1832045 0.0047582 -0.0752706 -0.0100720 -0.1029703 0.0108222 0.9945745
