371.451611 0.0000000 0.0000000 0.0000000 -0.0000000 -0.0000000 -0.0000000 1.0000000
371.701586 -0.0326626 -0.0008077 0.0001026 -0.0002079 -0.0058463 -0.0001079 0.9999829
371.801577 -0.0433022 -0.0005132 -0.0004547 -0.0002190 -0.0044513 -0.0000330 0.9999901
372.301528 -0.0990528 -0.0006835 0.0002061 -0.0001615 -0.0098556 0.0000547 0.9999514
372.551504 -0.1272500 -0.0008679 -0.0006397 -0.0004390 -0.0087642 -0.0002086 0.9999615
372.901470 -0.1709265 0.0000486 -0.0030306 0.0004524 -0.0102919 -0.0001543 0.9999470
373.001461 -0.1832741 0.0009165 -0.0038032 0.0007341 -0.0118847 0.0002715 0.9999291
373.401422 -0.2353998 0.0006035 -0.0047934 0.0011095 -0.0156084 0.0004721 0.9998775
374.251339 -0.3675953 0.0015521 -0.0070830 0.0009200 -0.0235478 0.0014026 0.9997213
374.601306 -0.4228606 0.0018136 -0.0054894 0.0000689 -0.0414077 -0.0001640 0.9991423
374.651301 -0.4294823 0.0011759 -0.0058268 -0.0007003 -0.0400832 -0.0004495 0.9991960
375.051262 -0.4801295 0.0021067 -0.0100274 0.0007549 -0.0251220 0.0005624 0.9996840
376.451126 -0.6095468 0.0001968 -0.0137338 -0.0015823 -0.0279969 -0.0000814 0.9996068
376.701102 -0.6118132 0.0008806 -0.0173601 -0.0015576 -0.0288490 0.0004025 0.9995825
376.801093 -0.6121789 0.0010616 -0.0185095 -0.0012810 -0.0351439 0.0013688 0.9993805
377.950981 -0.7276470 -0.0001953 -0.0251920 -0.0013142 -0.0162246 0.0014634 0.9998665
378.100967 -0.7334802 0.0006537 -0.0296756 -0.0011636 -0.0190057 0.0015836 0.9998174
378.150962 -0.7338179 0.0005061 -0.0299678 -0.0011920 -0.0204536 0.0019834 0.9997881
378.800899 -0.7676061 0.0025258 -0.0397681 -0.0019562 -0.0381953 -0.0002038 0.9992684
378.900889 -0.7675574 0.0025221 -0.0395327 -0.0020336 -0.0420123 -0.0004420 0.9991149
379.000880 -0.7679756 0.0018545 -0.0395975 -0.0022386 -0.0442285 -0.0004774 0.9990188
379.250855 -0.8281605 0.0053241 -0.0631978 -0.0020211 -0.0383173 -0.0013403 0.9992627
380.150768 -0.8192843 0.0016845 -0.0463867 -0.0023018 -0.0857191 -0.0059521 0.9962989
380.200763 -0.8183730 0.0015329 -0.0446330 -0.0022588 -0.0877929 -0.0059189 0.9961186
380.250759 -0.8181469 0.0017354 -0.0437986 -0.0021520 -0.0900097 -0.0055597 0.9959230
380.600725 -0.8647237 0.0042677 -0.0640435 -0.0031061 -0.0941521 -0.0039313 0.9955452
380.800705 -0.8617830 0.0044047 -0.0635776 -0.0027750 -0.1093578 -0.0047002 0.9939874
381.050681 -0.8608389 0.0062951 -0.0703665 -0.0030677 -0.1184387 -0.0070660 0.9929315
381.350652 -0.8584099 0.0058950 -0.0699028 -0.0052194 -0.1370201 -0.0034337 0.9905486
381.450642 -0.8581877 0.0056495 -0.0700147 -0.0065318 -0.1369645 -0.0026467 0.9905509
381.500638 -0.8581684 0.0050168 -0.0696580 -0.0076068 -0.1370247 -0.0006269 0.9905382
381.600628 -0.8576162 0.0044837 -0.0685395 -0.0108354 -0.1393901 0.0056799 0.9901620
381.650623 -0.8573956 0.0036169 -0.0676364 -0.0126828 -0.1418245 0.0117075 0.9897413
381.800609 -0.8582246 0.0041854 -0.0627700 -0.0163628 -0.1529425 0.0269494 0.9877321
