371.451611 0.0000000 0.0000000 0.0000000 -0.0000000 -0.0000000 -0.0000000 1.0000000
371.651591 -0.0272197 -0.0004040 0.0004309 0.0001088 -0.0049933 0.0000668 0.9999875
371.751582 -0.0396988 -0.0004987 0.0018878 0.0001665 -0.0048326 0.0002710 0.9999883
372.301528 -0.0985288 -0.0001415 0.0027713 0.0000996 -0.0093518 0.0001688 0.9999563
373.001461 -0.1791922 0.0020762 -0.0022516 0.0012334 -0.0117038 0.0007024 0.9999305
373.501412 -0.2422425 0.0016579 -0.0057404 0.0018590 -0.0113999 0.0009876 0.9999328
373.701393 -0.2748712 -0.0003358 -0.0070752 0.0014854 -0.0108108 0.0012150 0.9999397
374.551310 -0.4116577 0.0013143 -0.0034623 0.0001554 -0.0392788 -0.0001082 0.9992283
374.751291 -0.4383227 0.0019652 -0.0048495 -0.0007161 -0.0308579 -0.0000560 0.9995235
374.851281 -0.4501873 0.0020774 -0.0052486 -0.0001936 -0.0273610 0.0007418 0.9996253
375.051262 -0.4762023 0.0008422 -0.0069244 0.0003008 -0.0205414 0.0008575 0.9997886
376.251146 -0.5801574 0.0012600 -0.0071950 -0.0002521 -0.0270881 0.0002081 0.9996330
376.551117 -0.5956243 0.0008902 -0.0073932 -0.0017919 -0.0233703 -0.0002709 0.9997253
378.200957 -0.7374782 0.0009479 -0.0184220 -0.0010822 -0.0103176 0.0011245 0.9999456
378.250952 -0.7411032 0.0010866 -0.0187630 -0.0011332 -0.0104646 0.0013552 0.9999437
378.350943 -0.7515686 0.0013310 -0.0207560 -0.0013897 -0.0103672 0.0010939 0.9999447
378.800899 -0.8001170 0.0015635 -0.0251540 -0.0018941 -0.0148428 0.0009143 0.9998876
378.900889 -0.8077177 0.0022685 -0.0255408 -0.0017497 -0.0155866 0.0008734 0.9998766
379.050875 -0.8275660 0.0027084 -0.0287068 -0.0014796 -0.0138451 0.0008380 0.9999027
379.250855 -0.8545370 0.0016342 -0.0335237 -0.0021853 -0.0154541 0.0009228 0.9998778
379.500831 -0.8780272 -0.0011319 -0.0367740 -0.0030825 -0.0175794 0.0008924 0.9998403
380.050778 -0.9389514 -0.0019999 -0.0376283 -0.0029811 -0.0265492 0.0010446 0.9996426
380.150768 -0.9402085 -0.0016522 -0.0400233 -0.0030901 -0.0293093 0.0011196 0.9995650
380.250759 -0.9393288 -0.0018228 -0.0393313 -0.0034278 -0.0335742 0.0012266 0.9994296
380.450739 -0.9789176 -0.0004406 -0.0425387 -0.0031579 -0.0302634 0.0008527 0.9995366
380.600725 -0.9808777 0.0001841 -0.0441151 -0.0038859 -0.0376151 0.0025228 0.9992816
380.650720 -0.9807437 0.0000344 -0.0443473 -0.0038868 -0.0398970 0.0020023 0.9991943
381.450642 -0.9840125 0.0001409 -0.0470353 -0.0078302 -0.0781807 0.0057215 0.9968920
381.500638 -0.9841375 0.0000961 -0.0470861 -0.0088054 -0.0779026 0.0059908 0.9969041
381.550633 -0.9842520 0.0001276 -0.0468923 -0.0096524 -0.0780268 0.0084639 0.9968686
381.600628 -0.9842568 0.0001508 -0.0475251 -0.0111648 -0.0800096 0.0116406 0.9966636
381.650623 -0.9842981 0.0000479 -0.0478086 -0.0120430 -0.0817037 0.0174637 0.9964309
381.700618 -0.9846187 0.0000383 -0.0463232 -0.0144097 -0.0851669 0.0256300 0.9959328
381.800609 -0.9838232 -0.0003129 -0.0448850 -0.0155810 -0.0931594 0.0334997 0.9949655
