371.501606 0.0000000 0.0000000 0.0000000 -0.0000000 -0.0000000 -0.0000000 1.0000000
371.701586 -0.0170789 0.0002824 0.0011569 0.0002766 -0.0044418 0.0002493 0.9999901
371.751582 -0.0201856 0.0003986 0.0000830 0.0003265 -0.0043529 0.0003354 0.9999904
372.301528 -0.0598331 0.0002262 0.0004711 0.0002532 -0.0090586 0.0002786 0.9999589
372.551504 -0.0786604 0.0002677 -0.0002808 0.0000531 -0.0078569 -0.0001079 0.9999691
372.601499 -0.0814044 0.0005549 -0.0004194 0.0002637 -0.0077649 0.0000841 0.9999698
372.701490 -0.0880781 0.0006692 -0.0008702 0.0004270 -0.0073017 0.0001577 0.9999733
373.251436 -0.1368142 0.0002389 -0.0032491 0.0005230 -0.0148371 0.0001584 0.9998898
374.601306 -0.2732273 0.0012888 -0.0036087 -0.0000693 -0.0410510 -0.0004067 0.9991570
374.701296 -0.2824700 0.0009151 -0.0040482 -0.0012084 -0.0364786 -0.0008043 0.9993334
374.801286 -0.2905738 0.0010269 -0.0049990 -0.0010089 -0.0335596 -0.0007332 0.9994360
374.901277 -0.2969672 0.0008318 -0.0051258 -0.0006588 -0.0285089 -0.0001310 0.9995933
375.751194 -0.3497410 0.0007850 -0.0081408 -0.0004231 -0.0249590 -0.0003303 0.9996883
376.151156 -0.3750891 0.0010061 -0.0070382 -0.0003150 -0.0297410 -0.0001594 0.9995576
377.501025 -0.4490601 0.0001688 -0.0099929 -0.0004624 -0.0297534 0.0007150 0.9995570
377.701006 -0.4561675 0.0002963 -0.0114750 -0.0005494 -0.0245173 0.0009040 0.9996988
378.000976 -0.4799551 0.0006194 -0.0149395 -0.0010627 -0.0132419 0.0007405 0.9999115
378.050972 -0.4823705 0.0005112 -0.0154703 -0.0012177 -0.0134384 0.0006083 0.9999088
378.500928 -0.5155621 0.0009371 -0.0190600 -0.0022933 -0.0120607 0.0001413 0.9999247
378.800899 -0.5364690 0.0005124 -0.0205733 -0.0025774 -0.0163149 0.0004630 0.9998635
378.900889 -0.5433825 0.0006627 -0.0211357 -0.0025833 -0.0164113 0.0004569 0.9998619
379.000880 -0.5509424 0.0009074 -0.0224265 -0.0024709 -0.0149533 0.0004863 0.9998851
379.300851 -0.5775356 0.0006940 -0.0267613 -0.0026851 -0.0171030 0.0003896 0.9998500
379.400841 -0.5851706 0.0005870 -0.0275063 -0.0028964 -0.0174350 0.0004920 0.9998437
379.500831 -0.5926247 0.0008143 -0.0293445 -0.0025956 -0.0178241 0.0002382 0.9998378
380.000783 -0.6289230 0.0001855 -0.0307789 -0.0026723 -0.0285696 -0.0001932 0.9995883
380.100773 -0.6290658 -0.0000777 -0.0305463 -0.0028327 -0.0316600 0.0004297 0.9994946
380.200763 -0.6319943 0.0002096 -0.0299176 -0.0026729 -0.0331426 0.0005200 0.9994469
380.300754 -0.6314325 0.0005524 -0.0300492 -0.0029960 -0.0376950 0.0003580 0.9992847
380.650720 -0.6318771 0.0003029 -0.0289131 -0.0037285 -0.0563059 0.0007336 0.9984064
381.000686 -0.6313041 0.0002025 -0.0298439 -0.0035434 -0.0768471 -0.0027768 0.9970328
381.250662 -0.6315704 0.0002112 -0.0318674 -0.0051898 -0.0935890 -0.0009704 0.9955969
381.350652 -0.6317342 0.0003541 -0.0341163 -0.0065892 -0.0943085 0.0003367 0.9955212
381.450642 -0.6313674 -0.0000987 -0.0336116 -0.0079085 -0.0950470 0.0023212 0.9954387
381.550633 -0.6309993 -0.0007433 -0.0333666 -0.0104728 -0.0953592 0.0054754 0.9953728
381.650623 -0.6273001 -0.0033727 -0.0266611 -0.0136589 -0.1001823 0.0122395 0.9948001
381.750613 -0.6289293 -0.0043879 -0.0213728 -0.0158136 -0.1066135 0.0234779 0.9938976
381.800609 -0.6245145 -0.0053876 -0.0179659 -0.0181403 -0.1126651 0.0259767 0.9931278
