371.501606 0.0000000 0.0000000 0.0000000 -0.0000000 -0.0000000 -0.0000000 1.0000000
371.701586 -0.0294564 0.0001997 0.0024061 0.0002056 -0.0040653 0.0004239 0.9999917
371.751582 -0.0343216 -0.0000580 0.0021879 0.0001739 -0.0040965 0.0004269 0.9999915
372.151543 -0.0835000 0.0004456 0.0016014 0.0005502 -0.0071731 0.0008150 0.9999738
372.551504 -0.1327378 0.0016554 0.0011467 0.0004838 -0.0070100 0.0004798 0.9999752
373.251436 -0.2277646 0.0017291 -0.0050990 0.0009656 -0.0141092 0.0008011 0.9998997
373.751388 -0.3077677 0.0004950 -0.0101667 0.0017282 -0.0114100 0.0013495 0.9999325
374.001364 -0.3514852 0.0002996 -0.0080745 0.0014826 -0.0201677 0.0008438 0.9997951
374.051359 -0.3605794 0.0002557 -0.0085087 0.0010099 -0.0184855 0.0010457 0.9998281
374.551310 -0.4476004 0.0021976 -0.0073448 0.0002289 -0.0410064 -0.0002435 0.9991589
374.851281 -0.4903726 0.0014943 -0.0082758 -0.0006939 -0.0294631 0.0001233 0.9995657
374.951272 -0.5003964 0.0017114 -0.0069854 -0.0001697 -0.0255302 0.0006269 0.9996738
375.051262 -0.5189284 0.0020539 -0.0090345 0.0005043 -0.0232583 0.0011640 0.9997287
376.301141 -0.6359423 0.0024889 -0.0086985 -0.0000778 -0.0321032 0.0008416 0.9994842
376.601112 -0.6526655 0.0022118 -0.0101813 -0.0015058 -0.0262317 0.0004360 0.9996547
377.551020 -0.7397531 0.0002828 -0.0134945 -0.0003245 -0.0302546 0.0007211 0.9995419
377.800996 -0.7631477 -0.0000083 -0.0173598 -0.0007502 -0.0214169 0.0008604 0.9997700
378.050972 -0.7900290 0.0000037 -0.0241486 -0.0014353 -0.0162501 0.0009419 0.9998665
378.100967 -0.7948926 0.0003437 -0.0238805 -0.0012793 -0.0164070 0.0009840 0.9998641
378.700909 -0.8645238 0.0011584 -0.0327068 -0.0024672 -0.0197795 0.0008991 0.9998009
378.900889 -0.8843634 0.0011874 -0.0348693 -0.0026330 -0.0217314 0.0006701 0.9997602
379.000880 -0.8902463 0.0016562 -0.0389805 -0.0026215 -0.0223769 0.0007003 0.9997459
379.100870 -0.9010859 0.0023129 -0.0411857 -0.0023958 -0.0244000 0.0004309 0.9996994
379.400841 -0.9378449 0.0031749 -0.0444882 -0.0021629 -0.0279207 0.0000284 0.9996078
379.450836 -0.9433310 0.0012179 -0.0477261 -0.0029123 -0.0282954 0.0003213 0.9995953
379.550826 -0.9527534 0.0009545 -0.0498173 -0.0028651 -0.0299717 0.0003369 0.9995466
379.750807 -0.9753830 0.0007241 -0.0517889 -0.0028449 -0.0353654 -0.0004903 0.9993703
380.000783 -1.0072324 -0.0001866 -0.0566073 -0.0032287 -0.0402952 -0.0003764 0.9991826
380.200763 -1.0181803 0.0011229 -0.0547768 -0.0027435 -0.0428328 -0.0003080 0.9990785
380.300754 -1.0195065 0.0023186 -0.0551272 -0.0028069 -0.0469634 0.0000769 0.9988927
381.000686 -1.0458875 0.0000349 -0.0534939 -0.0038796 -0.0789493 -0.0015094 0.9968700
381.200667 -1.0469269 0.0012911 -0.0597747 -0.0041096 -0.0931103 0.0013618 0.9956464
381.300657 -1.0473472 0.0016065 -0.0616357 -0.0056012 -0.0957524 0.0023789 0.9953866
381.400647 -1.0469844 0.0012255 -0.0607847 -0.0063248 -0.0977545 0.0029585 0.9951861
381.500638 -1.0462685 0.0006609 -0.0603948 -0.0082284 -0.0970927 0.0052664 0.9952274
381.600628 -1.0460124 0.0003604 -0.0592713 -0.0105613 -0.0993739 0.0122020 0.9949193
381.700618 -1.0443386 -0.0010489 -0.0573623 -0.0149659 -0.1064064 0.0268142 0.9938484
