371.501606 0.0000000 0.0000000 0.0000000 -0.0000000 -0.0000000 -0.0000000 1.0000000
371.701586 -0.0199975 -0.0000834 0.0020039 0.0000788 -0.0036191 0.0002467 0.9999934
371.751582 -0.0216496 0.0000808 0.0002470 0.0001779 -0.0042022 0.0003251 0.9999911
371.901567 -0.0340943 0.0001209 0.0001287 0.0001627 -0.0027194 0.0004452 0.9999962
372.601499 -0.0894426 -0.0003772 -0.0006828 -0.0003580 -0.0061426 -0.0001632 0.9999810
373.551407 -0.1742484 0.0002340 -0.0048372 0.0011187 -0.0094228 0.0004575 0.9999549
373.751388 -0.1992079 0.0002535 -0.0062591 0.0016180 -0.0107564 0.0006547 0.9999406
373.951369 -0.2241496 -0.0000314 -0.0055509 0.0013583 -0.0199720 0.0003920 0.9997995
374.601306 -0.2956489 0.0011347 -0.0033606 -0.0001941 -0.0380124 -0.0007460 0.9992770
374.701296 -0.3055814 0.0015257 -0.0039139 -0.0007872 -0.0333077 -0.0009940 0.9994444
374.801286 -0.3155787 0.0011523 -0.0042544 -0.0008768 -0.0295470 -0.0009724 0.9995626
374.901277 -0.3222392 0.0014231 -0.0050098 -0.0003313 -0.0246393 -0.0001489 0.9996964
376.501122 -0.4273316 0.0013167 -0.0065519 -0.0013728 -0.0232334 -0.0003675 0.9997291
376.651107 -0.4306934 0.0015179 -0.0069687 -0.0013786 -0.0209922 -0.0001050 0.9997787
376.751098 -0.4386876 0.0014065 -0.0079923 -0.0011845 -0.0216271 -0.0000769 0.9997654
377.051068 -0.4540192 0.0005159 -0.0071588 -0.0010678 -0.0244967 -0.0000162 0.9996994
377.850991 -0.5063112 0.0002469 -0.0118010 -0.0011275 -0.0123978 0.0004961 0.9999224
377.900986 -0.5089951 0.0003007 -0.0124718 -0.0012877 -0.0116129 0.0004747 0.9999316
378.450933 -0.5514792 0.0012262 -0.0162998 -0.0021264 -0.0067258 0.0004005 0.9999750
378.550923 -0.5596008 0.0018886 -0.0176127 -0.0020491 -0.0077428 0.0002299 0.9999679
378.750904 -0.5739408 0.0007891 -0.0183438 -0.0026122 -0.0110563 -0.0001781 0.9999354
378.950885 -0.5898457 0.0009141 -0.0198908 -0.0026283 -0.0101442 -0.0000194 0.9999451
379.150865 -0.6108114 0.0006902 -0.0228212 -0.0029830 -0.0093050 -0.0002562 0.9999523
379.350846 -0.6329055 0.0005952 -0.0236665 -0.0031063 -0.0080799 -0.0004042 0.9999624
379.450836 -0.6328287 0.0006799 -0.0238961 -0.0029450 -0.0125885 -0.0005168 0.9999163
380.000783 -0.6310556 0.0003919 -0.0233366 -0.0026406 -0.0455276 -0.0024224 0.9989567
380.100773 -0.6315169 0.0005557 -0.0243048 -0.0025467 -0.0483687 -0.0022503 0.9988238
380.300754 -0.6430534 0.0027558 -0.0226071 -0.0019658 -0.0497575 -0.0035877 0.9987530
380.650720 -0.6674745 0.0008778 -0.0287365 -0.0040682 -0.0574024 -0.0007349 0.9983426
380.850701 -0.6653721 0.0019961 -0.0310253 -0.0031478 -0.0739291 -0.0037055 0.9972516
381.050681 -0.6641194 0.0013594 -0.0299532 -0.0042155 -0.0813426 -0.0020630 0.9966752
381.300657 -0.6627007 0.0010441 -0.0291450 -0.0061326 -0.0981841 -0.0015599 0.9951482
381.400647 -0.6623280 0.0008255 -0.0285076 -0.0072681 -0.0998172 -0.0010256 0.9949787
381.500638 -0.6621246 0.0006024 -0.0281056 -0.0091336 -0.0993837 0.0018375 0.9950055
381.600628 -0.6629198 0.0000968 -0.0273942 -0.0119648 -0.1008601 0.0085935 0.9947916
381.700618 -0.6624928 -0.0010332 -0.0220544 -0.0156608 -0.1075528 0.0225972 0.9938192
