371.501606 0.0000000 0.0000000 0.0000000 -0.0000000 -0.0000000 -0.0000000 1.0000000
371.701586 -0.0201639 -0.0003306 0.0013149 -0.0000880 -0.0038850 0.0002050 0.9999924
371.751582 -0.0230532 -0.0001154 0.0006228 0.0001030 -0.0041044 0.0003162 0.9999915
372.151543 -0.0580053 -0.0001363 0.0014349 0.0001587 -0.0066298 0.0005712 0.9999779
372.501509 -0.0873984 0.0008913 0.0011448 0.0003165 -0.0073444 0.0001823 0.9999730
372.601499 -0.0949873 0.0002468 0.0005460 -0.0000116 -0.0061195 0.0002999 0.9999812
373.101451 -0.1425733 0.0014212 -0.0036448 0.0011255 -0.0096812 0.0007719 0.9999523
373.551407 -0.1851141 0.0007888 -0.0031398 0.0014859 -0.0094666 0.0011099 0.9999534
373.601402 -0.1903112 0.0011588 -0.0034469 0.0017012 -0.0092207 0.0014249 0.9999551
374.001364 -0.2414488 0.0017331 -0.0034645 0.0022457 -0.0194064 0.0013657 0.9998083
374.201344 -0.2663725 0.0019154 -0.0036710 0.0011930 -0.0191191 0.0012986 0.9998156
374.601306 -0.3138256 0.0022726 -0.0024510 0.0003541 -0.0378785 0.0003110 0.9992822
374.701296 -0.3232118 0.0014284 -0.0030733 -0.0008558 -0.0339080 0.0001134 0.9994246
374.851281 -0.3373115 0.0020648 -0.0036657 -0.0001433 -0.0278907 0.0005050 0.9996108
376.351136 -0.4434266 0.0014938 -0.0053195 -0.0004666 -0.0289638 0.0005393 0.9995802
376.651107 -0.4563718 0.0016152 -0.0073972 -0.0012825 -0.0216185 0.0006017 0.9997653
376.701102 -0.4597494 0.0016773 -0.0061448 -0.0011465 -0.0224051 0.0007365 0.9997481
377.001073 -0.4794489 0.0002430 -0.0054835 -0.0010364 -0.0251946 0.0003620 0.9996819
377.251049 -0.4833965 0.0015453 -0.0118045 -0.0000641 -0.0275438 0.0010919 0.9996200
378.100967 -0.5557603 0.0005732 -0.0137940 -0.0011438 -0.0090503 0.0014435 0.9999574
378.150962 -0.5565685 0.0010229 -0.0157891 -0.0010534 -0.0104438 0.0015479 0.9999437
378.250952 -0.5580980 0.0014159 -0.0183306 -0.0011683 -0.0127425 0.0017870 0.9999166
378.750904 -0.5749168 0.0018884 -0.0218016 -0.0019431 -0.0276445 -0.0000924 0.9996160
378.850894 -0.5758999 0.0017332 -0.0220208 -0.0021108 -0.0319473 -0.0005462 0.9994872
378.950885 -0.5772802 0.0019051 -0.0232269 -0.0021734 -0.0337013 -0.0006916 0.9994294
379.050875 -0.5801730 0.0030116 -0.0259778 -0.0017055 -0.0362885 -0.0018846 0.9993382
379.350846 -0.5922711 0.0027088 -0.0370121 -0.0030602 -0.0449062 -0.0027979 0.9989827
379.450836 -0.5954122 0.0021833 -0.0400172 -0.0034089 -0.0476638 -0.0032542 0.9988523
379.750807 -0.6057163 0.0016234 -0.0435845 -0.0037323 -0.0597968 -0.0043375 0.9981942
379.950788 -0.6112073 0.0030977 -0.0441560 -0.0032323 -0.0697484 -0.0055397 0.9975440
380.050778 -0.6114311 0.0031959 -0.0446111 -0.0029762 -0.0733183 -0.0055882 0.9972885
380.300754 -0.6163442 0.0030794 -0.0446910 -0.0037214 -0.0795711 -0.0067165 0.9967996
380.800705 -0.6361626 0.0053592 -0.0522672 -0.0036337 -0.1014337 -0.0079242 0.9948041
380.900696 -0.6335529 0.0041466 -0.0469907 -0.0036487 -0.1089507 -0.0079055 0.9940090
381.100676 -0.6326621 0.0047765 -0.0503363 -0.0042356 -0.1171834 -0.0055310 0.9930859
381.300657 -0.6320660 0.0039598 -0.0484485 -0.0064936 -0.1302566 -0.0049785 0.9914466
381.400647 -0.6319964 0.0037136 -0.0475089 -0.0076779 -0.1318661 -0.0049830 0.9912253
381.500638 -0.6314654 0.0029936 -0.0453861 -0.0099482 -0.1320166 -0.0005555 0.9911975
381.600628 -0.6310986 0.0027820 -0.0446802 -0.0128245 -0.1346070 0.0064440 0.9907951
381.700618 -0.6301954 0.0021101 -0.0431565 -0.0168868 -0.1407280 0.0194449 0.9897133
381.800609 -0.6298965 0.0019803 -0.0435979 -0.0190341 -0.1480323 0.0232607 0.9885257
