371.501606 0.0000000 0.0000000 0.0000000 -0.0000000 -0.0000000 -0.0000000 1.0000000
371.701586 -0.0124706 0.0000817 0.0009337 0.0001964 -0.0042795 0.0002078 0.9999908
371.751582 -0.0146699 0.0001134 0.0007557 0.0002531 -0.0041983 0.0001135 0.9999912
372.401519 -0.0484929 0.0002294 0.0008292 0.0004001 -0.0093621 0.0004386 0.9999560
372.501509 -0.0538055 0.0003952 0.0007795 0.0003163 -0.0088599 0.0002787 0.9999607
373.251436 -0.0981932 0.0006487 -0.0024526 0.0008310 -0.0147332 0.0005953 0.9998909
373.351427 -0.1040950 0.0008458 -0.0018092 0.0011358 -0.0166297 0.0008045 0.9998608
373.551407 -0.1158853 0.0003567 -0.0031104 0.0012253 -0.0109182 0.0008675 0.9999393
374.601306 -0.1964553 0.0013460 -0.0020934 0.0002084 -0.0407587 -0.0000396 0.9991690
374.651301 -0.1991466 0.0014697 -0.0021630 -0.0002794 -0.0397695 0.0001043 0.9992089
374.701296 -0.2011411 0.0013220 -0.0023100 -0.0007104 -0.0379633 -0.0000237 0.9992789
375.751194 -0.2513720 0.0009824 -0.0056874 -0.0001272 -0.0245278 0.0006344 0.9996989
376.301141 -0.2758473 0.0008554 -0.0051112 -0.0004512 -0.0321516 0.0002707 0.9994829
376.901083 -0.2956178 0.0007409 -0.0054076 -0.0010031 -0.0310523 0.0001040 0.9995173
377.551020 -0.3240333 0.0004236 -0.0071333 -0.0001268 -0.0276868 0.0009697 0.9996162
377.651010 -0.3266353 0.0000847 -0.0078566 -0.0006468 -0.0248108 0.0010608 0.9996914
378.000976 -0.3447736 0.0003452 -0.0104856 -0.0011040 -0.0128586 0.0008563 0.9999164
378.200957 -0.3544585 0.0004116 -0.0112038 -0.0013777 -0.0116087 0.0011807 0.9999310
378.600918 -0.3758430 0.0004609 -0.0134735 -0.0025058 -0.0132959 0.0009032 0.9999081
378.700909 -0.3806904 0.0005499 -0.0136673 -0.0023771 -0.0147687 0.0006823 0.9998879
378.800899 -0.3855428 0.0006228 -0.0138282 -0.0023260 -0.0155809 0.0008017 0.9998756
378.900889 -0.3898591 0.0006320 -0.0149534 -0.0023760 -0.0162862 0.0009286 0.9998642
379.000880 -0.3955437 0.0004092 -0.0155127 -0.0025812 -0.0144594 0.0008048 0.9998918
379.400841 -0.4205380 0.0000894 -0.0194393 -0.0031561 -0.0166347 0.0006355 0.9998565
379.500831 -0.4256515 -0.0000751 -0.0201923 -0.0030098 -0.0171075 0.0005078 0.9998490
379.600822 -0.4309596 0.0005101 -0.0203202 -0.0025275 -0.0182364 0.0002037 0.9998305
379.800802 -0.4442989 -0.0006950 -0.0219944 -0.0034404 -0.0218116 0.0007998 0.9997559
380.150768 -0.4552055 -0.0005103 -0.0208538 -0.0031140 -0.0295781 0.0013230 0.9995568
380.350749 -0.4677891 -0.0002277 -0.0219656 -0.0035834 -0.0295408 0.0012895 0.9995564
380.450739 -0.4684077 -0.0001094 -0.0227569 -0.0034759 -0.0354159 0.0012200 0.9993659
380.800705 -0.4681780 -0.0001681 -0.0229026 -0.0039959 -0.0577267 0.0027324 0.9983207
380.900696 -0.4680395 -0.0000183 -0.0232470 -0.0037672 -0.0625769 0.0005659 0.9980329
381.000686 -0.4688427 0.0005742 -0.0264469 -0.0039936 -0.0655818 0.0030548 0.9978346
381.300657 -0.4680662 0.0001616 -0.0251983 -0.0060143 -0.0835506 0.0048432 0.9964736
381.400647 -0.4688637 0.0008439 -0.0279992 -0.0065848 -0.0849699 0.0050554 0.9963489
381.500638 -0.4691663 0.0003743 -0.0282711 -0.0084513 -0.0830616 0.0063096 0.9964886
381.600628 -0.4695610 -0.0006821 -0.0293077 -0.0119011 -0.0857665 0.0139218 0.9961469
381.700618 -0.4663527 0.0008483 -0.0149023 -0.0124777 -0.0927546 0.0244391 0.9953108
381.800609 -0.4642031 0.0002712 -0.0159480 -0.0145215 -0.1029747 0.0315124 0.9940786
