371.501606 0.0000000 0.0000000 0.0000000 -0.0000000 -0.0000000 -0.0000000 1.0000000
371.701586 -0.0259303 -0.0003761 0.0021246 -0.0000736 -0.0039793 0.0001877 0.9999921
371.751582 -0.0299528 -0.0002592 0.0021334 0.0000226 -0.0040710 0.0002093 0.9999917
372.151543 -0.0734651 -0.0001755 0.0027647 0.0002157 -0.0068836 0.0005895 0.9999761
373.051456 -0.1738945 0.0012443 -0.0026765 0.0007135 -0.0102779 0.0001405 0.9999470
373.401422 -0.2159457 0.0013440 -0.0014177 0.0013358 -0.0145384 0.0006733 0.9998932
373.551407 -0.2338667 0.0013619 -0.0036035 0.0014777 -0.0099678 0.0009578 0.9999488
374.001364 -0.3052454 0.0012010 -0.0047421 0.0017614 -0.0198136 0.0010038 0.9998016
374.501315 -0.3776951 0.0030794 -0.0036248 0.0008437 -0.0402895 0.0003793 0.9991876
374.601306 -0.3957318 0.0024789 -0.0030666 0.0001408 -0.0389354 0.0000211 0.9992417
374.701296 -0.4062947 0.0022885 -0.0033449 -0.0008452 -0.0356148 -0.0002733 0.9993652
374.901277 -0.4304110 0.0017504 -0.0036814 -0.0005754 -0.0262428 0.0001145 0.9996554
375.051262 -0.4503894 0.0015355 -0.0068862 0.0002508 -0.0222935 0.0008687 0.9997511
377.701006 -0.6582357 -0.0000947 -0.0107926 -0.0007368 -0.0215610 0.0007437 0.9997670
377.751001 -0.6618565 -0.0003238 -0.0119456 -0.0009246 -0.0202838 0.0006659 0.9997936
377.800996 -0.6646302 -0.0003517 -0.0128563 -0.0010174 -0.0193030 0.0009959 0.9998127
378.050972 -0.6916435 0.0000344 -0.0177973 -0.0015580 -0.0122415 0.0007112 0.9999236
378.850894 -0.7756811 0.0010280 -0.0229201 -0.0027221 -0.0145391 -0.0001643 0.9998906
378.950885 -0.7859385 0.0006852 -0.0250802 -0.0029145 -0.0131903 -0.0000769 0.9999087
379.050875 -0.7983266 0.0008761 -0.0274247 -0.0028880 -0.0128941 -0.0002021 0.9999127
379.150865 -0.8136708 0.0010811 -0.0294810 -0.0028655 -0.0125496 -0.0001461 0.9999171
379.350846 -0.8336993 0.0022048 -0.0312420 -0.0024462 -0.0148397 0.0003059 0.9998869
379.450836 -0.8436505 0.0008034 -0.0328919 -0.0030279 -0.0156240 0.0000766 0.9998734
379.550826 -0.8548337 0.0011834 -0.0338596 -0.0026251 -0.0159212 -0.0001517 0.9998698
379.850797 -0.8935181 0.0005458 -0.0365839 -0.0025983 -0.0215990 0.0001794 0.9997633
380.050778 -0.9078234 0.0014032 -0.0355457 -0.0022178 -0.0249986 0.0000652 0.9996850
380.150768 -0.9130614 -0.0003332 -0.0360500 -0.0030675 -0.0260937 0.0001154 0.9996548
380.350749 -0.9210735 0.0000139 -0.0345398 -0.0034676 -0.0320830 0.0002242 0.9994792
380.900696 -0.9212642 0.0012765 -0.0427148 -0.0038537 -0.0654605 -0.0007031 0.9978475
381.300657 -0.9194567 0.0039012 -0.0491446 -0.0057948 -0.0853596 -0.0018591 0.9963316
381.450642 -0.9196311 0.0034588 -0.0483800 -0.0073598 -0.0854929 -0.0009821 0.9963111
381.550633 -0.9197726 0.0031711 -0.0479564 -0.0095821 -0.0858792 0.0022944 0.9962568
381.650623 -0.9211646 0.0004545 -0.0392742 -0.0123172 -0.0885551 0.0123240 0.9959189
381.750613 -0.9197292 0.0008620 -0.0364791 -0.0149309 -0.0979834 0.0266875 0.9947181
381.800609 -0.9215225 0.0001013 -0.0331517 -0.0154650 -0.1003914 0.0280148 0.9944333
