371.501606 0.0000000 0.0000000 0.0000000 -0.0000000 -0.0000000 -0.0000000 1.0000000
371.701586 -0.0022672 -0.0000269 0.0004293 0.0001727 -0.0060952 -0.0000190 0.9999814
371.751582 -0.0025815 0.0000189 0.0005555 0.0003950 -0.0066797 0.0001409 0.9999776
372.151543 -0.0065783 -0.0000207 0.0009141 0.0004733 -0.0127847 -0.0004302 0.9999181
372.451514 -0.0092186 -0.0000558 0.0005110 0.0000320 -0.0170532 -0.0007267 0.9998543
372.651494 -0.0110518 -0.0000876 0.0003035 -0.0000846 -0.0162085 -0.0009364 0.9998682
372.751485 -0.0114714 -0.0002605 0.0009190 -0.0004096 -0.0196453 -0.0008632 0.9998066
372.851475 -0.0168364 -0.0003521 0.0018179 0.0002363 -0.0127553 -0.0007942 0.9999183
373.251436 -0.0180141 0.0000428 -0.0002543 0.0005898 -0.0302793 -0.0013647 0.9995404
373.301431 -0.0180428 0.0000560 -0.0003749 0.0005108 -0.0338389 -0.0007647 0.9994269
373.751388 -0.0182568 0.0001828 -0.0012630 0.0014692 -0.0549413 0.0014685 0.9984875
373.901373 -0.0182294 0.0002502 -0.0016604 0.0023953 -0.0701148 0.0001747 0.9975361
374.251339 -0.0190414 0.0006518 -0.0040572 0.0006880 -0.0907710 0.0028072 0.9958676
374.301335 -0.0189593 0.0006690 -0.0041718 0.0005291 -0.0971795 0.0016290 0.9952654
374.651301 -0.0191794 0.0008966 -0.0067500 -0.0023596 -0.1291100 0.0069800 0.9916029
374.701296 -0.0192117 0.0008813 -0.0067566 -0.0027774 -0.1289434 0.0065717 0.9916263
375.651204 -0.0192190 0.0012459 -0.0092982 -0.0017097 -0.1574919 0.0108085 0.9874597
375.751194 -0.0191528 0.0012508 -0.0094000 -0.0020037 -0.1622398 0.0119913 0.9866765
375.951175 -0.0189579 0.0014195 -0.0101384 -0.0009203 -0.1774884 0.0125868 0.9840420
376.301141 -0.0185420 0.0015282 -0.0104076 -0.0007932 -0.1953126 0.0100138 0.9806896
376.401131 -0.0184713 0.0015525 -0.0104644 -0.0005887 -0.1991770 0.0088380 0.9799235
376.801093 -0.0181394 0.0016384 -0.0106979 -0.0004266 -0.2089969 0.0064457 0.9778950
377.301044 -0.0169880 0.0019892 -0.0117226 0.0014285 -0.2274522 -0.0005847 0.9737880
377.351039 -0.0169880 0.0019892 -0.0117227 0.0012274 -0.2322461 -0.0005138 0.9726561
378.000976 -0.0170668 0.0019544 -0.0116054 0.0006963 -0.2398790 -0.0013729 0.9708016
378.150962 -0.0170511 0.0019601 -0.0116213 0.0006570 -0.2442745 -0.0014983 0.9697047
378.350943 -0.0170465 0.0019619 -0.0116304 0.0006365 -0.2494087 -0.0027740 0.9683942
378.450933 -0.0170401 0.0019646 -0.0116356 0.0004264 -0.2530528 -0.0033427 0.9674466
378.800899 -0.0169829 0.0019912 -0.0117295 0.0009912 -0.2685957 -0.0062236 0.9632324
378.950885 -0.0169824 0.0019918 -0.0117320 0.0014210 -0.2721861 -0.0077450 0.9622124
379.050875 -0.0169822 0.0019921 -0.0117331 0.0017858 -0.2757200 -0.0090427 0.9611939
379.300851 -0.0169821 0.0019921 -0.0117331 0.0024986 -0.2882728 -0.0111470 0.9574802
379.350846 -0.0169820 0.0019922 -0.0117333 0.0027706 -0.2897862 -0.0118603 0.9570139
379.600822 -0.0169821 0.0019918 -0.0117319 0.0032135 -0.3007855 -0.0139065 0.9535850
379.800802 -0.0169787 0.0019930 -0.0117378 0.0030097 -0.3138293 -0.0135038 0.9493787
381.050681 -0.0169797 0.0019921 -0.0117337 0.0024565 -0.3697857 -0.0188973 0.9289216
381.350652 -0.0169776 0.0019931 -0.0117377 0.0011341 -0.3848780 -0.0215544 0.9227150
381.400647 -0.0169791 0.0019923 -0.0117331 0.0016928 -0.3854198 -0.0233229 0.9224451
381.450642 -0.0169789 0.0019924 -0.0117335 0.0005766 -0.3838396 -0.0238938 0.9230904
381.550633 -0.0169468 0.0019945 -0.0117556 -0.0028457 -0.3849989 -0.0225048 0.9226382
381.600628 -0.0169532 0.0019924 -0.0117424 -0.0037866 -0.3864137 -0.0204446 0.9220912
