371.501606 0.0000000 0.0000000 0.0000000 -0.0000000 -0.0000000 -0.0000000 1.0000000
371.701586 -0.0285196 0.0001917 0.0015947 0.0001508 -0.0038686 0.0003075 0.9999925
371.751582 -0.0297075 0.0006077 0.0008748 0.0003483 -0.0048444 0.0005646 0.9999881
372.301528 -0.0944282 0.0004495 0.0015490 0.0002537 -0.0085170 0.0004022 0.9999636
372.451514 -0.1124178 0.0006055 0.0015078 0.0001540 -0.0084382 0.0004550 0.9999643
373.001461 -0.1842225 0.0006926 -0.0008724 0.0006142 -0.0099626 0.0005864 0.9999501
373.051456 -0.1879611 0.0014485 -0.0038480 0.0008151 -0.0105857 0.0006665 0.9999434
373.551407 -0.2565001 0.0004085 -0.0050281 0.0011988 -0.0091852 0.0010349 0.9999566
373.601402 -0.2644711 0.0009039 -0.0055037 0.0014232 -0.0087088 0.0011121 0.9999605
373.751388 -0.2917088 -0.0001635 -0.0066493 0.0013951 -0.0110185 0.0013028 0.9999375
374.201344 -0.3674356 0.0014120 -0.0057093 0.0007678 -0.0195776 0.0010983 0.9998075
374.601306 -0.4301997 0.0009110 -0.0025465 -0.0004719 -0.0395080 0.0003537 0.9992191
374.801286 -0.4605588 0.0013762 -0.0040375 -0.0009845 -0.0306675 0.0000237 0.9995292
374.901277 -0.4695989 0.0017948 -0.0038858 -0.0003878 -0.0262835 0.0005742 0.9996543
375.051262 -0.4913781 0.0013869 -0.0070780 0.0003653 -0.0224592 0.0010670 0.9997472
377.551020 -0.7072223 -0.0003377 -0.0107266 -0.0006286 -0.0262942 0.0007283 0.9996538
377.800996 -0.7285910 -0.0002425 -0.0136979 -0.0007051 -0.0178148 0.0007508 0.9998408
378.200957 -0.7741984 0.0000946 -0.0199006 -0.0015445 -0.0098674 0.0010268 0.9999496
378.400938 -0.7959092 0.0007148 -0.0231664 -0.0020772 -0.0093301 0.0005511 0.9999542
378.700909 -0.8310777 -0.0005652 -0.0254533 -0.0029986 -0.0131941 0.0005491 0.9999083
378.800899 -0.8421181 -0.0002746 -0.0261793 -0.0027880 -0.0138464 0.0005239 0.9999001
378.900889 -0.8528154 -0.0003200 -0.0274253 -0.0028869 -0.0139490 0.0007205 0.9998983
379.000880 -0.8637384 0.0005126 -0.0282364 -0.0025628 -0.0128055 0.0008388 0.9999144
379.300851 -0.9070340 -0.0002739 -0.0350096 -0.0029964 -0.0142241 0.0006874 0.9998941
379.400841 -0.9185003 0.0002108 -0.0367530 -0.0029097 -0.0146869 0.0007154 0.9998876
379.700812 -0.9511332 -0.0011671 -0.0396220 -0.0032323 -0.0198143 0.0005494 0.9997983
379.900793 -0.9693931 -0.0010911 -0.0394341 -0.0030418 -0.0276511 0.0002027 0.9996130
380.100773 -0.9728303 -0.0015621 -0.0382467 -0.0030736 -0.0335264 0.0006007 0.9994329
380.300754 -0.9789962 -0.0014174 -0.0368704 -0.0038445 -0.0388211 0.0008237 0.9992384
380.400744 -0.9882920 -0.0017482 -0.0362670 -0.0036877 -0.0412697 0.0010381 0.9991407
381.150671 -0.9791328 0.0004019 -0.0424907 -0.0039424 -0.0865323 -0.0014178 0.9962403
381.300657 -0.9800418 0.0019953 -0.0500652 -0.0057262 -0.0939867 0.0004095 0.9955570
381.400647 -0.9796228 0.0022311 -0.0506184 -0.0060469 -0.0958197 0.0012005 0.9953796
381.450642 -0.9796668 0.0022230 -0.0505876 -0.0064120 -0.0945976 0.0019671 0.9954930
381.550633 -0.9796697 0.0017430 -0.0501508 -0.0092896 -0.0952300 0.0065296 0.9953905
381.650623 -0.9805529 0.0008737 -0.0463811 -0.0117146 -0.0988564 0.0167967 0.9948910
381.750613 -0.9807791 0.0004495 -0.0446078 -0.0142937 -0.1064116 0.0275809 0.9938368
