371.501606 0.0000000 0.0000000 0.0000000 -0.0000000 -0.0000000 -0.0000000 1.0000000
371.701586 -0.0290156 0.0001164 0.0017505 0.0002266 -0.0038753 0.0005654 0.9999923
371.751582 -0.0342340 0.0004649 0.0013175 0.0003629 -0.0037006 0.0005116 0.9999930
372.251533 -0.0940245 0.0006757 0.0020713 0.0004434 -0.0075150 0.0008290 0.9999713
372.401519 -0.1111106 0.0005546 0.0020260 0.0004433 -0.0083799 0.0007486 0.9999645
372.751485 -0.1521078 0.0007997 0.0002183 0.0004815 -0.0061095 0.0006353 0.9999810
373.251436 -0.2248684 0.0017389 -0.0039566 0.0011930 -0.0128579 0.0010405 0.9999161
373.551407 -0.2660657 0.0009477 -0.0059149 0.0016485 -0.0085045 0.0012867 0.9999617
373.601402 -0.2745554 0.0001743 -0.0064135 0.0013501 -0.0077126 0.0016654 0.9999680
373.801383 -0.3123120 0.0000155 -0.0060400 0.0019450 -0.0113442 0.0020523 0.9999317
374.151349 -0.3747027 0.0014121 -0.0044485 0.0008624 -0.0169378 0.0019054 0.9998544
374.651301 -0.4586665 0.0017361 -0.0001570 -0.0007098 -0.0345681 0.0008898 0.9994017
374.901277 -0.4896588 0.0018135 -0.0006630 -0.0003074 -0.0235634 0.0008047 0.9997220
375.001267 -0.5043907 0.0008150 -0.0017708 -0.0002200 -0.0201457 0.0011623 0.9997964
376.551117 -0.6264187 0.0047024 -0.0062481 0.0000483 -0.0302373 0.0009197 0.9995424
376.651107 -0.6309133 0.0040070 -0.0074801 -0.0000824 -0.0299978 0.0015549 0.9995488
377.201054 -0.7211599 0.0018082 -0.0110833 0.0004632 -0.0212626 0.0032412 0.9997686
377.301044 -0.7227813 0.0026820 -0.0158907 0.0006238 -0.0227563 0.0029706 0.9997364
377.900986 -0.7537266 0.0015720 -0.0193809 -0.0004200 -0.0217627 0.0020933 0.9997609
377.950981 -0.7560331 0.0014669 -0.0221381 -0.0005154 -0.0214011 0.0018485 0.9997692
378.350943 -0.7785478 0.0040048 -0.0320282 -0.0006279 -0.0255543 0.0004447 0.9996731
378.550923 -0.7888609 0.0049063 -0.0353107 -0.0008831 -0.0314976 0.0004012 0.9995034
378.650914 -0.7913848 0.0050556 -0.0386196 -0.0010083 -0.0369494 0.0003490 0.9993166
378.850894 -0.8025597 0.0052635 -0.0397867 -0.0008859 -0.0422441 -0.0003702 0.9991069
378.950885 -0.8057694 0.0050138 -0.0415459 -0.0010694 -0.0434863 -0.0006482 0.9990532
379.350846 -0.8314884 0.0038526 -0.0569191 -0.0025420 -0.0539595 -0.0028114 0.9985359
379.450836 -0.8342018 0.0040549 -0.0606184 -0.0024528 -0.0577904 -0.0027808 0.9983219
379.550826 -0.8389703 0.0041990 -0.0620981 -0.0022581 -0.0605340 -0.0033678 0.9981579
379.950788 -0.8594734 0.0027368 -0.0726415 -0.0032877 -0.0798164 -0.0040564 0.9967960
380.050778 -0.8618698 0.0027577 -0.0741519 -0.0032081 -0.0825772 -0.0041699 0.9965708
380.200763 -0.8656765 0.0021804 -0.0752423 -0.0035515 -0.0857739 -0.0038322 0.9963009
380.300754 -0.8680617 0.0017456 -0.0761101 -0.0042116 -0.0895671 -0.0033199 0.9959664
380.500734 -0.8783571 0.0012640 -0.0789794 -0.0045585 -0.0984741 -0.0035613 0.9951228
380.600725 -0.8810318 0.0013154 -0.0831822 -0.0055154 -0.1026469 -0.0019648 0.9947007
380.700715 -0.8937287 0.0025333 -0.0976536 -0.0056962 -0.1043330 -0.0024465 0.9945231
381.250662 -0.9035164 0.0038079 -0.0871763 -0.0062948 -0.1379447 -0.0014025 0.9904190
381.350652 -0.9031556 0.0036133 -0.0872614 -0.0076407 -0.1387763 -0.0001303 0.9902943
381.450642 -0.9028116 0.0035217 -0.0875602 -0.0086537 -0.1392962 0.0019487 0.9902110
381.550633 -0.9024776 0.0027251 -0.0861897 -0.0114178 -0.1400905 0.0063360 0.9900526
381.650623 -0.9020613 0.0016740 -0.0846137 -0.0150604 -0.1436223 0.0144605 0.9894123
381.750613 -0.9044574 0.0018627 -0.0804601 -0.0179356 -0.1509340 0.0270187 0.9880118
