371.501606 0.0000000 0.0000000 0.0000000 -0.0000000 -0.0000000 -0.0000000 1.0000000
371.701586 -0.0141068 0.0000442 0.0008639 0.0000758 -0.0039562 0.0002034 0.9999921
371.751582 -0.0166934 -0.0000128 0.0002378 0.0000511 -0.0038139 0.0002983 0.9999927
371.951562 -0.0280252 -0.0000517 0.0001546 0.0001812 -0.0037094 0.0005888 0.9999930
372.401519 -0.0543654 0.0002237 0.0009948 0.0003046 -0.0084625 0.0004126 0.9999641
372.501509 -0.0600061 0.0005043 0.0008605 0.0003856 -0.0081876 0.0001664 0.9999664
372.601499 -0.0654079 0.0002128 0.0002404 0.0001432 -0.0069639 0.0002168 0.9999757
373.751388 -0.1459555 -0.0003074 -0.0034206 0.0011841 -0.0122064 0.0011285 0.9999242
373.801383 -0.1508354 -0.0004116 -0.0033349 0.0014048 -0.0133283 0.0009791 0.9999098
374.001364 -0.1683234 0.0001556 -0.0021491 0.0014423 -0.0199668 0.0004635 0.9997995
374.801286 -0.2310940 0.0005181 -0.0025098 -0.0011173 -0.0319110 -0.0008881 0.9994897
375.251243 -0.2622048 0.0003041 -0.0042615 0.0001476 -0.0279463 0.0002160 0.9996094
375.751194 -0.2777420 0.0001455 -0.0041817 -0.0008747 -0.0230324 -0.0004669 0.9997343
376.351136 -0.3081930 0.0004637 -0.0035599 -0.0010050 -0.0299805 -0.0004548 0.9995499
376.451126 -0.3107379 0.0005773 -0.0039453 -0.0015277 -0.0288616 -0.0004276 0.9995822
376.551117 -0.3132552 0.0009248 -0.0044819 -0.0017830 -0.0243300 -0.0004412 0.9997023
377.900986 -0.3750827 -0.0000991 -0.0094010 -0.0015170 -0.0132800 0.0002146 0.9999107
377.950981 -0.3773976 -0.0002933 -0.0095229 -0.0017451 -0.0120373 -0.0000891 0.9999260
378.500928 -0.4083933 0.0004415 -0.0127481 -0.0026620 -0.0097783 -0.0000364 0.9999487
378.600918 -0.4144251 0.0005383 -0.0128974 -0.0027158 -0.0116417 0.0000964 0.9999285
378.800899 -0.4245599 0.0004697 -0.0139500 -0.0027230 -0.0143868 -0.0001875 0.9998928
378.950885 -0.4331766 0.0007072 -0.0147496 -0.0024534 -0.0133614 0.0001448 0.9999077
379.050875 -0.4402918 0.0002762 -0.0159330 -0.0029728 -0.0128803 -0.0001886 0.9999126
379.300851 -0.4568005 0.0001224 -0.0188690 -0.0032455 -0.0151801 0.0003334 0.9998795
379.400841 -0.4619714 0.0000232 -0.0189410 -0.0034086 -0.0160055 -0.0003097 0.9998661
379.500831 -0.4663746 0.0008759 -0.0193895 -0.0024179 -0.0172649 -0.0005875 0.9998479
379.900793 -0.4998804 0.0001491 -0.0214120 -0.0028580 -0.0206156 -0.0002320 0.9997834
380.100773 -0.4995482 -0.0001838 -0.0203132 -0.0030202 -0.0276708 -0.0002972 0.9996125
380.200763 -0.4995201 -0.0000963 -0.0206380 -0.0030556 -0.0309731 0.0004811 0.9995154
380.300754 -0.5004466 -0.0000770 -0.0205082 -0.0034913 -0.0347562 0.0004791 0.9993896
380.400744 -0.5001327 0.0001865 -0.0214486 -0.0035104 -0.0405845 0.0008243 0.9991696
381.000686 -0.5009745 0.0016230 -0.0276264 -0.0039131 -0.0737020 -0.0005344 0.9972725
381.100676 -0.5009412 0.0016877 -0.0278526 -0.0042774 -0.0775874 0.0006640 0.9969762
381.400647 -0.5007473 0.0016167 -0.0277309 -0.0066628 -0.0914498 -0.0004818 0.9957873
381.500638 -0.5006763 0.0014978 -0.0276097 -0.0086058 -0.0905981 0.0015092 0.9958492
381.600628 -0.5005805 0.0015811 -0.0277248 -0.0110889 -0.0928326 0.0074908 0.9955918
381.700618 -0.5002954 0.0016864 -0.0281536 -0.0138784 -0.0989078 0.0238618 0.9947137
381.800609 -0.4985481 0.0026485 -0.0319826 -0.0143932 -0.1042889 0.0228140 0.9941812
