371.501606 0.0000000 0.0000000 0.0000000 -0.0000000 -0.0000000 -0.0000000 1.0000000
371.701586 -0.0196386 0.0002860 0.0005044 0.0003005 -0.0040660 0.0002081 0.9999917
371.751582 -0.0230648 0.0002817 0.0004835 0.0003106 -0.0040026 0.0002788 0.9999919
372.251533 -0.0643532 0.0006094 0.0010511 0.0005512 -0.0078493 0.0005717 0.9999689
372.401519 -0.0763329 0.0006910 0.0010611 0.0005823 -0.0087516 0.0006196 0.9999614
372.601499 -0.0923204 0.0010646 -0.0002749 0.0005698 -0.0067716 0.0004066 0.9999769
373.351427 -0.1619415 0.0022604 -0.0018316 0.0020438 -0.0160648 0.0015967 0.9998676
373.451417 -0.1712455 0.0022994 -0.0031547 0.0023785 -0.0124894 0.0015396 0.9999180
374.001364 -0.2350958 0.0021262 -0.0034793 0.0026688 -0.0206293 0.0015602 0.9997824
374.201344 -0.2588630 0.0020853 -0.0038320 0.0016477 -0.0206384 0.0013281 0.9997848
374.501315 -0.2905286 0.0030891 -0.0036766 0.0015746 -0.0414051 0.0011420 0.9991406
374.901277 -0.3316260 0.0032777 -0.0033408 0.0009882 -0.0270017 0.0009534 0.9996344
374.951272 -0.3356047 0.0025944 -0.0038654 0.0008777 -0.0249957 0.0011988 0.9996865
375.001267 -0.3402857 0.0017149 -0.0057736 0.0005283 -0.0241941 0.0015526 0.9997060
376.701102 -0.4442978 0.0018096 -0.0090802 -0.0008318 -0.0263349 0.0011804 0.9996521
376.801093 -0.4524397 0.0004599 -0.0093076 -0.0012991 -0.0280343 0.0011191 0.9996055
377.001073 -0.4659541 0.0005380 -0.0046450 -0.0004788 -0.0278615 0.0015172 0.9996105
377.301044 -0.4706939 0.0019983 -0.0127371 0.0003772 -0.0309084 0.0017104 0.9995207
377.551020 -0.4933494 -0.0012650 -0.0112170 -0.0012613 -0.0313089 0.0017001 0.9995075
377.800996 -0.5045115 0.0020496 -0.0135717 0.0003896 -0.0247611 0.0016907 0.9996919
378.100967 -0.5499844 0.0001367 -0.0121829 -0.0009411 -0.0067979 0.0020296 0.9999744
378.300947 -0.5516730 0.0008956 -0.0158178 -0.0012222 -0.0126645 0.0016310 0.9999177
378.600918 -0.5551448 0.0025695 -0.0236724 -0.0013841 -0.0257271 0.0007355 0.9996678
378.700909 -0.5571543 0.0036927 -0.0275151 -0.0011334 -0.0297753 0.0003986 0.9995559
378.900889 -0.5600643 0.0041392 -0.0328734 -0.0012989 -0.0365840 -0.0001899 0.9993297
379.000880 -0.5606242 0.0044547 -0.0343313 -0.0011074 -0.0384738 -0.0007061 0.9992588
379.100870 -0.5648289 0.0057050 -0.0417667 -0.0010527 -0.0413840 -0.0011689 0.9991421
379.300851 -0.5714823 0.0043352 -0.0406381 -0.0018880 -0.0485477 -0.0025801 0.9988158
379.400841 -0.5733135 0.0048949 -0.0429623 -0.0016455 -0.0516962 -0.0032045 0.9986564
379.800802 -0.5838344 0.0039970 -0.0503125 -0.0027159 -0.0689855 -0.0053084 0.9975998
380.000783 -0.5878741 0.0038288 -0.0503938 -0.0026604 -0.0781208 -0.0061056 0.9969217
380.100773 -0.5885634 0.0037576 -0.0518857 -0.0027843 -0.0809853 -0.0057204 0.9966950
380.200763 -0.5894886 0.0034288 -0.0518172 -0.0032794 -0.0837205 -0.0050113 0.9964713
380.650720 -0.6085331 0.0072394 -0.0583972 -0.0028291 -0.0973512 -0.0077958 0.9952155
381.150671 -0.6077204 0.0065231 -0.0523600 -0.0028757 -0.1283456 -0.0080273 0.9916928
381.250662 -0.6058809 0.0059044 -0.0520577 -0.0043895 -0.1380198 -0.0071474 0.9903940
381.350652 -0.6050265 0.0054971 -0.0518391 -0.0058111 -0.1388155 -0.0068908 0.9902772
381.450642 -0.6047337 0.0052395 -0.0519181 -0.0074324 -0.1392387 -0.0045020 0.9902207
381.550633 -0.6047183 0.0047383 -0.0514689 -0.0106561 -0.1397503 0.0003729 0.9901294
381.650623 -0.6041349 0.0036475 -0.0491229 -0.0135068 -0.1437044 0.0099014 0.9894789
381.750613 -0.6062309 0.0042470 -0.0447496 -0.0161883 -0.1504673 0.0230117 0.9882146
