371.501606 0.0000000 0.0000000 0.0000000 -0.0000000 -0.0000000 -0.0000000 1.0000000
371.701586 -0.0186383 0.0001060 0.0024498 0.0001834 -0.0041038 -0.0000933 0.9999915
371.751582 -0.0212400 0.0001263 0.0008320 0.0001656 -0.0043912 -0.0000704 0.9999903
372.151543 -0.0507548 -0.0002108 0.0004817 0.0000069 -0.0081852 -0.0003410 0.9999664
372.551504 -0.0839203 0.0002475 0.0030923 0.0000282 -0.0073989 -0.0003373 0.9999726
372.601499 -0.0866816 0.0007046 0.0027551 0.0003172 -0.0073779 -0.0001912 0.9999728
373.351427 -0.1532387 0.0009452 0.0036042 0.0012920 -0.0165241 0.0002393 0.9998626
373.451417 -0.1617302 0.0015427 0.0028272 0.0019296 -0.0131762 0.0003643 0.9999112
374.001364 -0.2218358 0.0018178 0.0032718 0.0026101 -0.0215888 0.0005483 0.9997634
374.101354 -0.2335033 0.0020031 0.0027433 0.0018562 -0.0201609 0.0005184 0.9997949
374.701296 -0.2950385 0.0029012 0.0054305 0.0002724 -0.0374992 -0.0006918 0.9992964
374.801286 -0.3037808 0.0020358 0.0037626 -0.0001722 -0.0342451 -0.0007113 0.9994132
376.451126 -0.4052113 0.0020118 0.0021858 -0.0003261 -0.0336275 -0.0005612 0.9994342
376.601112 -0.4103148 0.0020233 0.0010836 -0.0008215 -0.0278155 -0.0003056 0.9996127
376.701102 -0.4156889 0.0017898 0.0010150 -0.0007117 -0.0290448 -0.0003380 0.9995778
376.801093 -0.4206282 0.0016290 0.0016750 -0.0005974 -0.0324074 -0.0003188 0.9994745
377.950981 -0.4919479 0.0012312 -0.0060164 -0.0003824 -0.0175777 0.0004756 0.9998453
378.000976 -0.4930765 0.0011284 -0.0066405 -0.0005906 -0.0182893 0.0006445 0.9998324
378.600918 -0.5385094 0.0022184 -0.0109015 -0.0014284 -0.0186313 0.0004645 0.9998253
378.700909 -0.5389241 0.0026073 -0.0122790 -0.0012071 -0.0236838 0.0003496 0.9997187
378.750904 -0.5402374 0.0029581 -0.0145459 -0.0010710 -0.0251753 0.0003371 0.9996824
378.950885 -0.5533978 0.0022245 -0.0153530 -0.0015616 -0.0257278 0.0003195 0.9996677
379.050875 -0.5620978 0.0030002 -0.0153190 -0.0010599 -0.0256106 0.0000691 0.9996715
379.500831 -0.6135007 0.0021096 -0.0227610 -0.0018115 -0.0209172 -0.0001865 0.9997796
379.600822 -0.6129376 0.0023640 -0.0239936 -0.0015989 -0.0267373 -0.0005158 0.9996411
380.050778 -0.6101406 0.0019059 -0.0221731 -0.0014088 -0.0541359 -0.0018582 0.9985309
380.300754 -0.6096342 0.0009345 -0.0199361 -0.0023413 -0.0632986 -0.0022711 0.9979893
380.400744 -0.6132070 0.0017206 -0.0200702 -0.0019736 -0.0673759 -0.0021239 0.9977235
380.950691 -0.6095474 0.0026977 -0.0236235 -0.0023220 -0.1008425 -0.0063737 0.9948793
381.050681 -0.6093079 0.0026966 -0.0239976 -0.0029551 -0.1032577 -0.0039272 0.9946425
381.350652 -0.6089715 0.0036677 -0.0294853 -0.0050974 -0.1195410 -0.0030234 0.9928116
381.450642 -0.6080686 0.0027466 -0.0282689 -0.0070953 -0.1203458 -0.0015402 0.9927055
381.550633 -0.6072261 0.0020197 -0.0271229 -0.0096265 -0.1210311 0.0011882 0.9926013
381.650623 -0.6074821 0.0008308 -0.0290980 -0.0132890 -0.1241948 0.0126775 0.9920879
381.700618 -0.6159455 0.0016219 -0.0295270 -0.0146600 -0.1235656 0.0199907 0.9920267
381.750613 -0.6186715 0.0004267 -0.0339716 -0.0166776 -0.1258706 0.0262024 0.9915603
