371.501606 0.0000000 0.0000000 0.0000000 -0.0000000 -0.0000000 -0.0000000 1.0000000
371.701586 -0.0148580 -0.0000978 0.0005038 -0.0000253 -0.0042786 0.0001182 0.9999909
371.751582 -0.0172607 -0.0000472 -0.0001407 0.0000460 -0.0043525 0.0003413 0.9999905
372.151543 -0.0430928 0.0001823 0.0001415 0.0004160 -0.0073064 0.0006607 0.9999730
372.551504 -0.0695409 0.0003158 -0.0002435 0.0000287 -0.0067285 0.0001248 0.9999774
372.601499 -0.0713800 0.0006632 -0.0004181 0.0003307 -0.0068385 0.0003789 0.9999765
373.251436 -0.1199167 0.0011777 -0.0022423 0.0012283 -0.0134449 0.0009680 0.9999084
373.551407 -0.1412718 0.0011919 -0.0034163 0.0018911 -0.0095877 0.0012431 0.9999515
373.701393 -0.1562694 0.0006828 -0.0043907 0.0018211 -0.0100689 0.0016597 0.9999463
374.501315 -0.2302761 0.0017468 -0.0033380 0.0010882 -0.0386653 0.0005876 0.9992515
374.651301 -0.2442143 0.0016827 -0.0027603 -0.0000049 -0.0361293 0.0004667 0.9993470
374.851281 -0.2587259 0.0015820 -0.0032805 0.0000964 -0.0273352 0.0007924 0.9996260
375.051262 -0.2732797 0.0017972 -0.0049429 0.0011743 -0.0211484 0.0015067 0.9997745
375.801190 -0.3098328 0.0011268 -0.0066038 0.0000950 -0.0213512 0.0007521 0.9997718
376.351136 -0.3414064 0.0009019 -0.0053765 -0.0003511 -0.0271935 0.0007447 0.9996299
376.701102 -0.3532901 0.0009276 -0.0065874 -0.0012494 -0.0210163 0.0006657 0.9997782
376.801093 -0.3557835 0.0006952 -0.0060770 -0.0010834 -0.0255683 0.0008101 0.9996722
377.101064 -0.3665764 0.0005629 -0.0055603 -0.0005332 -0.0273251 0.0002608 0.9996265
377.601015 -0.3943280 0.0017510 -0.0062540 0.0007235 -0.0238548 0.0009590 0.9997147
378.200957 -0.4278708 0.0002877 -0.0093953 -0.0012347 -0.0098115 0.0011720 0.9999504
378.250952 -0.4282571 0.0003850 -0.0100248 -0.0012258 -0.0111516 0.0015936 0.9999358
378.400938 -0.4292493 0.0007312 -0.0118634 -0.0015041 -0.0163575 0.0017980 0.9998635
378.800899 -0.4312470 0.0016912 -0.0166109 -0.0017531 -0.0345729 -0.0003513 0.9994006
378.900889 -0.4319251 0.0019547 -0.0180088 -0.0018013 -0.0376502 -0.0008922 0.9992890
379.000880 -0.4326097 0.0022261 -0.0193588 -0.0015378 -0.0393584 -0.0007878 0.9992237
379.100870 -0.4335507 0.0027182 -0.0215470 -0.0015466 -0.0439992 -0.0030913 0.9990256
379.400841 -0.4358660 0.0037415 -0.0272448 -0.0018303 -0.0561322 -0.0051585 0.9984083
379.500831 -0.4378894 0.0043838 -0.0312279 -0.0015588 -0.0590302 -0.0057859 0.9982383
379.600822 -0.4381180 0.0045333 -0.0323991 -0.0017175 -0.0638458 -0.0061297 0.9979395
379.700812 -0.4381443 0.0047623 -0.0332912 -0.0015498 -0.0702019 -0.0070268 0.9975069
379.900793 -0.4379962 0.0051612 -0.0368874 -0.0020272 -0.0833680 -0.0088435 0.9964775
380.050778 -0.4371499 0.0050776 -0.0347556 -0.0015818 -0.0892841 -0.0095590 0.9959591
380.200763 -0.4429954 0.0076161 -0.0474054 -0.0018060 -0.0897741 -0.0089181 0.9959206
380.500734 -0.4392292 0.0049803 -0.0350987 -0.0024334 -0.1078966 -0.0103619 0.9941052
380.600725 -0.4384229 0.0052173 -0.0356849 -0.0030920 -0.1124691 -0.0105805 0.9935941
381.300657 -0.4348280 0.0076728 -0.0453845 -0.0054478 -0.1520785 -0.0124684 0.9882748
381.400647 -0.4346866 0.0076072 -0.0454709 -0.0065716 -0.1535847 -0.0128483 0.9880301
381.500638 -0.4346681 0.0076968 -0.0454578 -0.0073198 -0.1519279 -0.0112245 0.9883007
381.600628 -0.4347834 0.0076279 -0.0453015 -0.0100815 -0.1530271 -0.0063002 0.9881505
381.700618 -0.4346854 0.0077207 -0.0455343 -0.0119872 -0.1561904 0.0009611 0.9876538
381.750613 -0.4344330 0.0077346 -0.0457066 -0.0121357 -0.1586147 0.0006069 0.9872658
381.800609 -0.4342385 0.0078168 -0.0458754 -0.0120070 -0.1609510 0.0014039 0.9868884
