371.501606 0.0000000 0.0000000 0.0000000 -0.0000000 -0.0000000 -0.0000000 1.0000000
371.701586 -0.0219057 0.0003987 0.0000140 0.0002197 -0.0035099 0.0002411 0.9999938
371.751582 -0.0240677 0.0006136 -0.0007690 0.0002906 -0.0040928 0.0003267 0.9999915
371.951562 -0.0427730 -0.0004154 -0.0012608 0.0000192 -0.0031478 0.0006637 0.9999949
372.501509 -0.0905695 0.0011476 -0.0015802 0.0004244 -0.0075137 0.0003592 0.9999716
372.751485 -0.1117869 0.0005928 -0.0026662 0.0003518 -0.0057344 0.0004562 0.9999834
372.901470 -0.1294671 0.0019892 -0.0046807 0.0012603 -0.0077274 0.0004395 0.9999692
372.951465 -0.1299310 0.0018675 -0.0037643 0.0012068 -0.0106391 0.0005635 0.9999425
373.401422 -0.2136218 -0.0038421 0.0146102 -0.0001535 -0.0000310 0.0013590 0.9999991
373.451417 -0.2133800 -0.0031879 0.0131489 0.0001506 -0.0000630 0.0014457 0.9999990
373.551407 -0.2179255 -0.0022453 0.0089082 0.0003857 0.0004880 0.0017299 0.9999983
374.001364 -0.2259612 0.0010279 -0.0069650 0.0015700 -0.0326916 0.0020154 0.9994622
374.151349 -0.2286598 0.0014112 -0.0125368 0.0005083 -0.0403095 0.0026797 0.9991835
374.201344 -0.2292615 0.0019156 -0.0146629 0.0008068 -0.0434492 0.0024998 0.9990522
375.051262 -0.3347122 0.0004469 -0.0130076 -0.0003776 -0.0418376 0.0023368 0.9991216
375.101257 -0.3355905 -0.0000045 -0.0144300 -0.0007802 -0.0455440 0.0025091 0.9989589
376.151156 -0.4100728 -0.0006272 -0.0192921 -0.0013630 -0.0464527 0.0021991 0.9989172
376.201151 -0.4098308 -0.0006130 -0.0199567 -0.0015303 -0.0493872 0.0021565 0.9987763
376.651107 -0.4282674 -0.0004755 -0.0220360 -0.0026679 -0.0473223 0.0023904 0.9988733
376.801093 -0.4312413 -0.0016018 -0.0231629 -0.0029545 -0.0547974 0.0023750 0.9984903
377.001073 -0.5084703 -0.0047877 -0.0098030 -0.0035968 -0.0177384 -0.0011611 0.9998356
377.800996 -0.5164729 -0.0005723 -0.0288088 -0.0010628 -0.0373507 0.0023357 0.9992989
377.850991 -0.5169057 -0.0005677 -0.0297063 -0.0012966 -0.0370678 0.0026375 0.9993085
377.950981 -0.5171649 -0.0006036 -0.0302262 -0.0015896 -0.0377930 0.0025847 0.9992810
378.450933 -0.5202971 0.0013776 -0.0398750 -0.0021062 -0.0524274 0.0012435 0.9986218
378.550923 -0.5199755 0.0015524 -0.0405494 -0.0021378 -0.0577097 0.0008772 0.9983307
378.750904 -0.5212939 0.0029610 -0.0469368 -0.0020917 -0.0660637 -0.0013845 0.9978123
378.850894 -0.5210057 0.0029699 -0.0479185 -0.0021629 -0.0706513 -0.0012072 0.9974980
378.950885 -0.5213688 0.0034990 -0.0497199 -0.0019751 -0.0725110 -0.0019348 0.9973638
379.250855 -0.5277395 0.0063475 -0.0667676 -0.0021438 -0.0832510 -0.0050164 0.9965137
379.350846 -0.5274701 0.0065476 -0.0681404 -0.0019992 -0.0869452 -0.0052589 0.9961972
379.450836 -0.5271307 0.0068705 -0.0695133 -0.0019211 -0.0911705 -0.0057950 0.9958166
379.650817 -0.5258591 0.0076885 -0.0721995 -0.0014897 -0.1013657 -0.0073438 0.9948210
379.850797 -0.5292248 0.0105358 -0.0867101 -0.0016171 -0.1127519 -0.0102192 0.9935693
380.150768 -0.5261994 0.0113958 -0.0889524 -0.0015942 -0.1246589 -0.0125692 0.9921188
380.250759 -0.5261679 0.0114043 -0.0891580 -0.0015452 -0.1282898 -0.0124912 0.9916568
380.450739 -0.5220022 0.0159245 -0.1062383 -0.0016778 -0.1408462 -0.0128597 0.9899465
380.650720 -0.5216361 0.0161197 -0.1070212 -0.0023360 -0.1493150 -0.0133607 0.9886966
381.050681 -0.5190681 0.0175652 -0.1126533 -0.0024382 -0.1711983 -0.0137908 0.9851370
381.150671 -0.5185394 0.0177748 -0.1134516 -0.0021601 -0.1789699 -0.0149691 0.9837383
381.350652 -0.5181111 0.0179449 -0.1140962 -0.0042269 -0.1874125 -0.0144542 0.9821659
381.500638 -0.5180668 0.0180022 -0.1143238 -0.0055864 -0.1864850 -0.0131800 0.9823536
381.600628 -0.5181924 0.0179595 -0.1141537 -0.0078488 -0.1875206 -0.0079463 0.9821972
