371.501606 0.0000000 0.0000000 0.0000000 -0.0000000 -0.0000000 -0.0000000 1.0000000
371.701586 -0.0149031 0.0003568 0.0011485 0.0004014 -0.0040487 0.0005157 0.9999916
371.751582 -0.0175792 0.0001742 0.0005910 0.0002972 -0.0039293 0.0004690 0.9999921
371.951562 -0.0306262 -0.0000099 0.0008215 0.0002540 -0.0033192 0.0006288 0.9999943
372.451514 -0.0620456 0.0009506 0.0015247 0.0007379 -0.0079631 0.0008733 0.9999676
372.601499 -0.0711218 0.0009146 0.0007920 0.0005884 -0.0063068 0.0007534 0.9999797
372.751485 -0.0798558 0.0013369 0.0005667 0.0010539 -0.0064312 0.0006612 0.9999785
373.351427 -0.1269208 -0.0003798 -0.0008003 0.0003716 -0.0143122 0.0009464 0.9998971
373.451417 -0.1292808 0.0003294 -0.0041535 0.0012231 -0.0133790 0.0012587 0.9999090
374.751291 -0.2490121 0.0018024 -0.0048941 -0.0006386 -0.0301082 0.0013141 0.9995456
374.901277 -0.2566637 0.0017814 -0.0051068 0.0002547 -0.0253642 0.0015635 0.9996770
375.051262 -0.2688328 0.0014866 -0.0068899 0.0008299 -0.0215356 0.0020326 0.9997657
375.751194 -0.3051935 0.0011449 -0.0073909 0.0001396 -0.0192163 0.0014033 0.9998144
375.851185 -0.3062739 0.0010559 -0.0085334 0.0002722 -0.0249046 0.0020048 0.9996878
376.251146 -0.3331008 0.0005199 -0.0064355 -0.0004872 -0.0254925 0.0022724 0.9996723
376.651107 -0.3455652 0.0010019 -0.0089532 -0.0011735 -0.0205937 0.0020665 0.9997851
376.751098 -0.3453422 0.0010270 -0.0091720 -0.0009334 -0.0262074 0.0020700 0.9996539
377.001073 -0.3701721 -0.0009088 -0.0028711 -0.0014299 -0.0191574 0.0019648 0.9998136
377.051068 -0.3706738 -0.0007348 -0.0037128 -0.0012633 -0.0200287 0.0022965 0.9997960
377.651010 -0.3768917 0.0018581 -0.0141632 0.0002086 -0.0316312 0.0015769 0.9994984
377.751001 -0.3772094 0.0019221 -0.0146646 0.0000913 -0.0313162 0.0014181 0.9995086
378.150962 -0.3769989 0.0018630 -0.0148837 -0.0005296 -0.0364073 0.0000733 0.9993369
378.350943 -0.3774630 0.0021950 -0.0164265 -0.0010188 -0.0420020 -0.0006954 0.9991168
378.500928 -0.3784429 0.0026580 -0.0187573 -0.0015205 -0.0478504 -0.0011998 0.9988527
378.550923 -0.3785004 0.0027820 -0.0192897 -0.0015070 -0.0505428 -0.0013080 0.9987199
378.850894 -0.3807878 0.0040341 -0.0251273 -0.0011415 -0.0624208 -0.0045010 0.9980391
378.950885 -0.3809394 0.0041903 -0.0258985 -0.0010196 -0.0645944 -0.0048890 0.9978991
379.150865 -0.3813871 0.0047352 -0.0283566 -0.0010291 -0.0728851 -0.0078678 0.9973088
379.250855 -0.3811375 0.0049046 -0.0290166 -0.0010687 -0.0785800 -0.0093096 0.9968638
379.350846 -0.3811351 0.0049817 -0.0297768 -0.0010837 -0.0821312 -0.0090162 0.9965802
379.750807 -0.3816041 0.0058802 -0.0336083 -0.0006128 -0.1021767 -0.0143198 0.9946630
379.950788 -0.3815358 0.0059567 -0.0340571 -0.0007358 -0.1150056 -0.0142940 0.9932618
380.150768 -0.3814597 0.0060229 -0.0343229 -0.0009434 -0.1214531 -0.0141577 0.9924958
380.250759 -0.3814491 0.0060810 -0.0345745 -0.0011887 -0.1250975 -0.0145212 0.9920375
380.450739 -0.3811553 0.0081577 -0.0428795 -0.0013239 -0.1361791 -0.0153836 0.9905639
380.550730 -0.3810025 0.0080302 -0.0427124 -0.0023288 -0.1415887 -0.0145275 0.9898162
380.850701 -0.3816546 0.0097150 -0.0491836 -0.0019632 -0.1592056 -0.0174644 0.9870890
381.200667 -0.3813051 0.0102731 -0.0515883 -0.0030610 -0.1781777 -0.0172838 0.9838418
381.350652 -0.3815165 0.0100150 -0.0507720 -0.0051293 -0.1818860 -0.0154924 0.9831842
381.450642 -0.3814313 0.0100685 -0.0512596 -0.0063486 -0.1809278 -0.0149056 0.9833629
381.550633 -0.3814303 0.0097390 -0.0509682 -0.0091112 -0.1813593 -0.0115870 0.9833065
381.650623 -0.3812934 0.0092789 -0.0505257 -0.0127429 -0.1850168 -0.0047634 0.9826412
381.700618 -0.3792146 0.0099739 -0.0526673 -0.0144152 -0.1892205 0.0009858 0.9818283
381.750613 -0.3787707 0.0091758 -0.0496134 -0.0159773 -0.1937649 0.0074928 0.9808893
381.800609 -0.3775683 0.0090109 -0.0483273 -0.0169592 -0.1971731 0.0087324 0.9801831
