371.501606 0.0000000 0.0000000 0.0000000 -0.0000000 -0.0000000 -0.0000000 1.0000000
371.701586 -0.0125461 -0.0000681 0.0009361 0.0000769 -0.0043777 0.0003411 0.9999903
371.751582 -0.0148796 0.0000990 0.0004742 0.0002096 -0.0042918 0.0002759 0.9999908
372.251533 -0.0423384 0.0003680 0.0016444 0.0004561 -0.0083150 0.0005062 0.9999652
372.401519 -0.0511310 0.0000936 0.0017234 0.0002644 -0.0085596 0.0003370 0.9999633
372.501509 -0.0564502 0.0003938 0.0014384 0.0002820 -0.0081979 0.0000308 0.9999664
373.151446 -0.0952791 0.0009531 -0.0012272 0.0010147 -0.0117872 0.0007332 0.9999298
373.601402 -0.1240198 0.0000022 -0.0022769 0.0010592 -0.0097066 0.0007712 0.9999520
373.801383 -0.1412959 0.0001917 -0.0026807 0.0019690 -0.0134090 0.0012167 0.9999074
374.701296 -0.2093343 0.0003750 -0.0014882 -0.0016665 -0.0362092 -0.0004153 0.9993428
375.601209 -0.2542697 0.0004121 -0.0035796 -0.0006213 -0.0235070 0.0000095 0.9997235
375.751194 -0.2608641 0.0003807 -0.0037311 -0.0006724 -0.0229633 -0.0003013 0.9997361
376.251146 -0.2855765 0.0008602 -0.0029568 -0.0003475 -0.0286535 -0.0000283 0.9995894
376.701102 -0.2982707 0.0005846 -0.0038355 -0.0017578 -0.0251308 -0.0004455 0.9996825
376.801093 -0.3041143 0.0001390 -0.0043411 -0.0019113 -0.0262935 -0.0002521 0.9996524
378.350943 -0.3751506 0.0002363 -0.0107146 -0.0021885 -0.0092917 -0.0002402 0.9999545
378.450933 -0.3796612 0.0003729 -0.0112896 -0.0026506 -0.0101436 -0.0003265 0.9999450
378.750904 -0.3963795 0.0001495 -0.0124471 -0.0029059 -0.0136862 -0.0000593 0.9999021
378.850894 -0.4022496 0.0003187 -0.0123869 -0.0027604 -0.0140716 0.0001781 0.9998972
378.950885 -0.4070053 0.0000245 -0.0140021 -0.0030480 -0.0132670 -0.0000720 0.9999074
379.150865 -0.4217007 0.0003540 -0.0160289 -0.0029943 -0.0123859 -0.0001983 0.9999188
379.350846 -0.4371153 -0.0000108 -0.0164779 -0.0033673 -0.0110816 0.0004844 0.9999328
379.450836 -0.4378096 -0.0000251 -0.0175793 -0.0034095 -0.0151507 0.0001604 0.9998794
379.850797 -0.4358241 -0.0003034 -0.0168006 -0.0031738 -0.0409690 -0.0014906 0.9991543
380.050778 -0.4364331 -0.0002442 -0.0153232 -0.0027498 -0.0493582 -0.0016626 0.9987760
380.150768 -0.4361705 -0.0005271 -0.0148997 -0.0031666 -0.0526673 -0.0016446 0.9986057
380.350749 -0.4451261 -0.0002846 -0.0154249 -0.0036811 -0.0556429 -0.0018506 0.9984422
380.700715 -0.4453480 -0.0012493 -0.0122395 -0.0044288 -0.0741280 -0.0037335 0.9972319
380.900696 -0.4440967 -0.0005002 -0.0151998 -0.0041249 -0.0887669 -0.0051376 0.9960307
381.300657 -0.4466549 0.0010883 -0.0221273 -0.0062229 -0.1073123 -0.0023227 0.9942032
381.350652 -0.4465726 0.0010190 -0.0218660 -0.0064034 -0.1078372 -0.0021615 0.9941456
381.450642 -0.4465276 0.0009376 -0.0217900 -0.0075516 -0.1079564 -0.0013577 0.9941260
381.550633 -0.4465636 0.0008368 -0.0217648 -0.0103985 -0.1087114 0.0036726 0.9940122
381.650623 -0.4464992 0.0005786 -0.0217472 -0.0133592 -0.1131445 0.0130017 0.9934037
381.750613 -0.4456201 -0.0003012 -0.0178424 -0.0166815 -0.1216411 0.0275387 0.9920518
