371.501606 0.0000000 0.0000000 0.0000000 -0.0000000 -0.0000000 -0.0000000 1.0000000
371.701586 -0.0174168 0.0001059 0.0016233 0.0001456 -0.0036665 0.0000305 0.9999933
371.751582 -0.0187205 0.0002004 0.0003118 0.0001909 -0.0043581 0.0001591 0.9999905
372.151543 -0.0476064 0.0003320 0.0013832 0.0003699 -0.0069055 0.0002253 0.9999761
372.551504 -0.0752596 0.0003733 0.0010618 0.0000100 -0.0067530 -0.0000740 0.9999772
372.601499 -0.0777488 0.0006945 0.0007695 0.0002192 -0.0067075 0.0001807 0.9999775
373.051456 -0.1139018 0.0003049 -0.0024560 0.0003125 -0.0097318 0.0000854 0.9999526
373.401422 -0.1413125 0.0001806 -0.0019085 0.0006833 -0.0140451 0.0005365 0.9999010
373.751388 -0.1749664 0.0009505 -0.0048784 0.0019533 -0.0106038 0.0013923 0.9999409
374.001364 -0.2003247 0.0010547 -0.0040510 0.0018893 -0.0186512 0.0012916 0.9998235
374.601306 -0.2608847 0.0016463 -0.0027372 0.0001782 -0.0368258 0.0002944 0.9993216
374.701296 -0.2678249 0.0017377 -0.0023861 -0.0006305 -0.0334783 -0.0001539 0.9994392
374.801286 -0.2760424 0.0016861 -0.0028736 -0.0004507 -0.0300753 -0.0001416 0.9995475
376.201151 -0.3598741 0.0017762 -0.0055943 0.0001054 -0.0255770 0.0005072 0.9996727
376.451126 -0.3724281 0.0011795 -0.0059237 -0.0011062 -0.0256207 0.0003123 0.9996711
376.801093 -0.3843696 0.0013013 -0.0068452 -0.0010101 -0.0257044 0.0011198 0.9996685
377.001073 -0.3934640 0.0009865 -0.0046112 -0.0005535 -0.0269224 0.0019456 0.9996355
377.301044 -0.4034719 0.0026129 -0.0084033 0.0006684 -0.0265016 0.0006889 0.9996483
377.601015 -0.4410761 0.0000845 -0.0057144 -0.0003846 -0.0153542 0.0019086 0.9998803
377.800996 -0.4423735 0.0004855 -0.0075658 -0.0004031 -0.0141160 0.0024339 0.9998974
377.950981 -0.4439307 0.0009648 -0.0099051 -0.0007231 -0.0141992 0.0015019 0.9998978
378.100967 -0.4457014 0.0015296 -0.0128062 -0.0006745 -0.0177258 0.0015914 0.9998415
378.350943 -0.4478631 0.0024339 -0.0165654 -0.0011014 -0.0239179 0.0001068 0.9997133
378.450933 -0.4485665 0.0027531 -0.0181229 -0.0012297 -0.0275506 0.0002089 0.9996197
378.550923 -0.4487040 0.0028743 -0.0188556 -0.0013770 -0.0331293 0.0002878 0.9994501
378.750904 -0.4506447 0.0037465 -0.0230003 -0.0010917 -0.0415609 -0.0014736 0.9991343
378.850894 -0.4508821 0.0039094 -0.0238710 -0.0010542 -0.0451764 -0.0022180 0.9989760
378.950885 -0.4512029 0.0041381 -0.0247736 -0.0010588 -0.0474507 -0.0029721 0.9988686
379.050875 -0.4522834 0.0046468 -0.0271841 -0.0010114 -0.0502944 -0.0032654 0.9987286
379.250855 -0.4526850 0.0050228 -0.0293823 -0.0012816 -0.0600514 -0.0063616 0.9981742
379.350846 -0.4524893 0.0050785 -0.0297120 -0.0014448 -0.0640302 -0.0062123 0.9979276
379.450836 -0.4521250 0.0051003 -0.0298502 -0.0012572 -0.0689470 -0.0073795 0.9975923
379.650817 -0.4534546 0.0058988 -0.0340306 -0.0009790 -0.0784839 -0.0080209 0.9968827
380.000783 -0.4582876 0.0055641 -0.0322448 -0.0010156 -0.0962186 -0.0112171 0.9952965
380.200763 -0.4578144 0.0055629 -0.0317090 -0.0009472 -0.1024451 -0.0109245 0.9946783
380.300754 -0.4642198 0.0063104 -0.0361079 -0.0015567 -0.1035339 -0.0103535 0.9945708
380.500734 -0.4646084 0.0061234 -0.0353666 -0.0014319 -0.1152016 -0.0112775 0.9932771
380.600725 -0.4645553 0.0063740 -0.0357305 -0.0019558 -0.1199811 -0.0104263 0.9927195
380.700715 -0.4643631 0.0065920 -0.0359409 -0.0017497 -0.1249347 -0.0123623 0.9920864
381.100676 -0.4629038 0.0095337 -0.0472129 -0.0022637 -0.1448060 -0.0150777 0.9893426
381.200667 -0.4625651 0.0099608 -0.0490437 -0.0020829 -0.1548149 -0.0152702 0.9878233
381.300657 -0.4628048 0.0093656 -0.0481986 -0.0038153 -0.1569475 -0.0126508 0.9875185
381.450642 -0.4623367 0.0097656 -0.0503352 -0.0053353 -0.1578266 -0.0123600 0.9873751
381.550633 -0.4623643 0.0095659 -0.0501858 -0.0074567 -0.1576009 -0.0096537 0.9874276
381.650623 -0.4618641 0.0091446 -0.0490992 -0.0112995 -0.1619900 0.0004616 0.9867276
