371.501606 0.0000000 0.0000000 0.0000000 -0.0000000 -0.0000000 -0.0000000 1.0000000
371.701586 -0.0193393 -0.0000849 0.0010692 0.0000761 -0.0041880 0.0001219 0.9999912
371.751582 -0.0227349 -0.0002703 0.0005489 0.0000096 -0.0040833 0.0000975 0.9999917
371.951562 -0.0394898 -0.0002143 0.0001232 0.0000532 -0.0036307 0.0005370 0.9999933
372.451514 -0.0800948 0.0001771 0.0010532 0.0000992 -0.0086684 0.0005431 0.9999623
373.251436 -0.1551178 0.0008405 -0.0018225 0.0009144 -0.0135895 0.0009019 0.9999068
373.301431 -0.1600377 0.0008792 -0.0025498 0.0010192 -0.0147308 0.0007732 0.9998907
373.451417 -0.1725339 0.0013315 -0.0027532 0.0017172 -0.0123894 0.0009005 0.9999214
374.601306 -0.3105083 0.0016275 -0.0017291 0.0001274 -0.0380434 -0.0001482 0.9992760
374.701296 -0.3205453 0.0022231 -0.0020703 -0.0003839 -0.0335322 -0.0003095 0.9994376
374.801286 -0.3295704 0.0019890 -0.0024051 -0.0003168 -0.0306450 -0.0002914 0.9995303
374.901277 -0.3369700 0.0015726 -0.0030174 -0.0002473 -0.0254129 0.0000769 0.9996770
375.751194 -0.3972389 0.0014638 -0.0052977 -0.0000661 -0.0208735 0.0004362 0.9997820
376.451126 -0.4463174 0.0011201 -0.0055023 -0.0013355 -0.0254149 -0.0005807 0.9996759
376.551117 -0.4469032 0.0012233 -0.0056086 -0.0016086 -0.0226004 -0.0003667 0.9997432
376.701102 -0.4529622 0.0017397 -0.0059555 -0.0011390 -0.0233672 -0.0003958 0.9997262
378.100967 -0.5472877 0.0003384 -0.0119117 -0.0012117 -0.0100166 0.0003585 0.9999490
378.400938 -0.5709515 0.0008066 -0.0147049 -0.0021207 -0.0082146 0.0004441 0.9999639
378.600918 -0.5881205 0.0014435 -0.0156367 -0.0021532 -0.0109295 0.0006300 0.9999378
378.850894 -0.6070870 0.0006602 -0.0164906 -0.0025607 -0.0137814 0.0002892 0.9999018
378.950885 -0.6152784 0.0014625 -0.0179848 -0.0020772 -0.0123331 0.0003361 0.9999217
379.050875 -0.6244101 0.0016744 -0.0190126 -0.0019850 -0.0122667 0.0002292 0.9999228
379.150865 -0.6346999 0.0013668 -0.0215906 -0.0022850 -0.0129171 0.0002178 0.9999140
379.250855 -0.6442746 0.0016281 -0.0236771 -0.0025212 -0.0141914 0.0001160 0.9998961
379.800802 -0.6871095 -0.0006630 -0.0258306 -0.0030761 -0.0230003 0.0001421 0.9997308
380.100773 -0.7070767 0.0007365 -0.0262108 -0.0024269 -0.0276105 -0.0002608 0.9996158
380.200763 -0.7053952 0.0004653 -0.0251968 -0.0026091 -0.0317953 0.0003892 0.9994909
380.300754 -0.7053937 0.0006705 -0.0259149 -0.0029273 -0.0360159 0.0003275 0.9993469
380.700715 -0.7088063 0.0007078 -0.0260560 -0.0036632 -0.0565791 0.0002543 0.9983914
381.150671 -0.7084966 0.0032509 -0.0360373 -0.0035405 -0.0831724 -0.0004702 0.9965288
381.250662 -0.7084461 0.0029539 -0.0354417 -0.0048288 -0.0901679 -0.0009837 0.9959144
381.400647 -0.7084185 0.0030549 -0.0357506 -0.0060049 -0.0915574 -0.0004011 0.9957816
381.500638 -0.7079200 0.0028991 -0.0360300 -0.0077714 -0.0904668 -0.0003878 0.9958691
381.600628 -0.7077852 0.0029327 -0.0363151 -0.0108763 -0.0930688 0.0062235 0.9955809
381.650623 -0.7084394 0.0025026 -0.0346216 -0.0117370 -0.0937829 0.0109898 0.9954629
381.700618 -0.7082911 0.0020462 -0.0330618 -0.0135750 -0.0977048 0.0192436 0.9949368
381.800609 -0.7067569 0.0008576 -0.0274954 -0.0154333 -0.1068159 0.0267358 0.9937994
