371.501606 0.0000000 0.0000000 0.0000000 -0.0000000 -0.0000000 -0.0000000 1.0000000
371.701586 -0.0197010 -0.0002756 0.0007691 -0.0001592 -0.0042653 -0.0000629 0.9999909
371.751582 -0.0232572 -0.0004425 -0.0000140 -0.0002074 -0.0041593 0.0000484 0.9999914
372.151543 -0.0572645 -0.0000553 -0.0003394 0.0000795 -0.0074507 0.0001918 0.9999722
372.501509 -0.0865691 0.0003556 -0.0011825 -0.0000057 -0.0084520 0.0000353 0.9999643
372.601499 -0.0948801 0.0003950 -0.0018020 0.0000469 -0.0070457 0.0001012 0.9999752
373.301431 -0.1647687 0.0003033 -0.0053979 0.0004139 -0.0147355 0.0005780 0.9998912
373.401422 -0.1735951 0.0006090 -0.0053884 0.0007572 -0.0142891 0.0008890 0.9998972
373.751388 -0.2154489 0.0001886 -0.0088769 0.0012449 -0.0108421 0.0015071 0.9999393
373.901373 -0.2334062 0.0003919 -0.0089021 0.0014273 -0.0160943 0.0014543 0.9998684
374.101354 -0.2604343 0.0006058 -0.0101227 0.0005275 -0.0172564 0.0008354 0.9998506
374.601306 -0.3242190 0.0012583 -0.0085014 -0.0004236 -0.0356076 -0.0003535 0.9993657
374.701296 -0.3332629 0.0015311 -0.0084471 -0.0011220 -0.0319723 -0.0005644 0.9994880
374.901277 -0.3514800 0.0004912 -0.0100640 -0.0011881 -0.0233250 0.0000322 0.9997272
375.101257 -0.3747897 0.0023959 -0.0114133 0.0005840 -0.0201093 0.0010820 0.9997970
375.351233 -0.4292620 0.0001344 -0.0033932 0.0000100 -0.0039763 0.0009174 0.9999917
376.651107 -0.4726086 -0.0001912 -0.0111141 -0.0025785 -0.0183438 0.0015042 0.9998273
376.801093 -0.4793479 0.0004306 -0.0124267 -0.0017438 -0.0242796 0.0016222 0.9997024
377.900986 -0.5077972 0.0021360 -0.0199163 -0.0005683 -0.0369638 -0.0006570 0.9993162
377.950981 -0.5078135 0.0021117 -0.0199697 -0.0007464 -0.0373743 -0.0006373 0.9993009
378.200957 -0.5106373 0.0032320 -0.0251041 -0.0008568 -0.0425981 -0.0022630 0.9990894
378.350943 -0.5138274 0.0044506 -0.0308755 -0.0007263 -0.0463010 -0.0020951 0.9989251
378.550923 -0.5148481 0.0050694 -0.0336458 -0.0012045 -0.0554229 -0.0020583 0.9984601
378.850894 -0.5201584 0.0073911 -0.0450574 -0.0012656 -0.0664583 -0.0050135 0.9977758
378.950885 -0.5213916 0.0080570 -0.0478189 -0.0012688 -0.0678094 -0.0061040 0.9976788
379.050875 -0.5218415 0.0084015 -0.0494266 -0.0011818 -0.0708798 -0.0069423 0.9974600
379.350846 -0.5265837 0.0104020 -0.0613589 -0.0013267 -0.0838699 -0.0090529 0.9964347
379.450836 -0.5272544 0.0108526 -0.0641242 -0.0014531 -0.0881886 -0.0093276 0.9960591
379.550826 -0.5282762 0.0116634 -0.0676165 -0.0009619 -0.0915247 -0.0100566 0.9957516
379.650817 -0.5280508 0.0118884 -0.0688233 -0.0010147 -0.0974640 -0.0111728 0.9951758
379.750807 -0.5284169 0.0125569 -0.0717227 -0.0008507 -0.1027696 -0.0123173 0.9946286
380.150768 -0.5294954 0.0121184 -0.0699852 -0.0010590 -0.1210018 -0.0138840 0.9925546
380.300754 -0.5312344 0.0157416 -0.0851496 -0.0016971 -0.1251511 -0.0151473 0.9920206
380.700715 -0.5305685 0.0211075 -0.1055981 -0.0021131 -0.1454101 -0.0175481 0.9892136
380.750710 -0.5302870 0.0217134 -0.1068360 -0.0016545 -0.1490728 -0.0168372 0.9886815
380.900696 -0.5292625 0.0225872 -0.1110056 -0.0013929 -0.1599224 -0.0180676 0.9869633
381.000686 -0.5282640 0.0227756 -0.1123632 -0.0019331 -0.1631745 -0.0163760 0.9864594
381.100676 -0.5278298 0.0231298 -0.1127082 -0.0021157 -0.1673693 -0.0178192 0.9857310
381.350652 -0.5278118 0.0233919 -0.1152202 -0.0042091 -0.1793736 -0.0174833 0.9836167
381.450642 -0.5253748 0.0231991 -0.1163273 -0.0060444 -0.1807273 -0.0182243 0.9833459
381.500638 -0.5254936 0.0232400 -0.1166243 -0.0064327 -0.1799764 -0.0166063 0.9835097
381.550633 -0.5254488 0.0229832 -0.1165023 -0.0083012 -0.1805786 -0.0146766 0.9834160
381.600628 -0.5254161 0.0230014 -0.1167319 -0.0095191 -0.1818261 -0.0125450 0.9832046
381.650623 -0.5255430 0.0228535 -0.1163279 -0.0105886 -0.1825404 -0.0075663 0.9831122
