371.501606 0.0000000 0.0000000 0.0000000 -0.0000000 -0.0000000 -0.0000000 1.0000000
371.701586 -0.0203474 -0.0001762 0.0017046 0.0000116 -0.0043679 0.0005070 0.9999903
371.751582 -0.0237935 -0.0000960 0.0003448 0.0000848 -0.0044121 0.0005596 0.9999901
372.301528 -0.0718096 -0.0003508 0.0009004 -0.0000292 -0.0087456 0.0007464 0.9999615
372.551504 -0.0942638 0.0000100 -0.0000210 -0.0001378 -0.0076118 0.0002581 0.9999710
372.601499 -0.0976578 0.0002288 -0.0007863 0.0000504 -0.0073973 0.0005316 0.9999725
373.701393 -0.2132926 0.0009897 -0.0047638 0.0020928 -0.0118335 0.0017285 0.9999263
374.001364 -0.2528675 0.0012947 -0.0031490 0.0021315 -0.0210881 0.0016665 0.9997740
374.501315 -0.3137369 0.0025474 -0.0028730 0.0011171 -0.0413693 0.0012819 0.9991425
374.601306 -0.3287246 0.0013254 -0.0030861 0.0000064 -0.0399014 0.0007372 0.9992034
374.701296 -0.3371483 0.0013430 -0.0031752 -0.0008258 -0.0368714 0.0006309 0.9993195
375.001267 -0.3668758 0.0009948 -0.0061693 0.0001337 -0.0245707 0.0012856 0.9996973
375.801190 -0.4222350 0.0009530 -0.0082094 -0.0000648 -0.0251024 0.0011194 0.9996843
376.101160 -0.4444892 0.0010139 -0.0081791 -0.0002309 -0.0287370 0.0009521 0.9995865
376.301141 -0.4597738 0.0013847 -0.0076181 -0.0002157 -0.0317515 0.0013560 0.9994949
376.701102 -0.4809891 0.0012099 -0.0096539 -0.0012255 -0.0254899 0.0006122 0.9996741
377.451030 -0.5311368 0.0001934 -0.0102139 -0.0003409 -0.0314105 0.0003025 0.9995065
377.651010 -0.5323933 0.0009649 -0.0134809 -0.0001406 -0.0307200 0.0007470 0.9995278
378.400938 -0.5948066 0.0010661 -0.0222425 -0.0017559 -0.0174120 0.0011027 0.9998463
378.700909 -0.6195490 0.0010008 -0.0243325 -0.0022007 -0.0226127 0.0009654 0.9997414
378.750904 -0.6193520 0.0010065 -0.0242478 -0.0020034 -0.0249318 0.0009183 0.9996867
378.800899 -0.6199772 0.0012758 -0.0254489 -0.0020020 -0.0272310 0.0010725 0.9996266
378.850894 -0.6207175 0.0014263 -0.0267067 -0.0020220 -0.0295038 0.0012041 0.9995619
379.350846 -0.6694772 -0.0000685 -0.0347286 -0.0030999 -0.0301440 0.0014112 0.9995397
379.450836 -0.6779285 -0.0005790 -0.0367675 -0.0034180 -0.0309358 0.0007394 0.9995153
379.550826 -0.6843599 -0.0010892 -0.0388021 -0.0033950 -0.0326749 0.0008105 0.9994600
380.150768 -0.7307646 -0.0012058 -0.0414986 -0.0033966 -0.0442260 0.0004704 0.9990157
380.250759 -0.7308224 -0.0009488 -0.0424480 -0.0035270 -0.0481781 0.0005295 0.9988324
380.550730 -0.7300776 -0.0014126 -0.0411619 -0.0043121 -0.0649426 0.0004747 0.9978796
380.650720 -0.7300231 -0.0010176 -0.0429825 -0.0048847 -0.0699788 0.0010155 0.9975360
380.850701 -0.7299659 0.0002446 -0.0475350 -0.0041398 -0.0844637 -0.0011541 0.9964173
381.250662 -0.7303907 0.0016368 -0.0534540 -0.0051969 -0.1072538 0.0012500 0.9942173
381.350652 -0.7308389 0.0018370 -0.0547609 -0.0061961 -0.1070764 0.0021797 0.9942291
381.450642 -0.7303224 0.0013914 -0.0532172 -0.0075519 -0.1078255 0.0039538 0.9941334
381.550633 -0.7303154 0.0012596 -0.0529205 -0.0095954 -0.1079082 0.0070556 0.9940895
381.650623 -0.7310050 0.0015632 -0.0548373 -0.0126287 -0.1117875 0.0189454 0.9934713
381.750613 -0.7315349 -0.0036281 -0.0325120 -0.0173042 -0.1193649 0.0300522 0.9922447
