2469.725037 0.0000000 0.0000000 0.0000000 -0.0000000 -0.0000000 -0.0000000 1.0000000
2471.654562 -0.0200644 0.0010552 -0.0019801 -0.0130006 0.0040979 -0.0005792 0.9999070
2471.754572 -0.0216004 0.0010465 -0.0022452 -0.0154797 0.0045125 -0.0008670 0.9998696
2471.854879 -0.0225208 0.0014508 -0.0023267 -0.0201779 0.0061412 -0.0011473 0.9997769
2472.106039 -0.0259081 0.0023299 -0.0016911 -0.0267528 0.0093864 -0.0016416 0.9995967
2472.155896 -0.0266348 0.0028148 -0.0017996 -0.0287248 0.0110490 -0.0019548 0.9995244
2472.605932 -0.0318725 0.0023439 -0.0025879 -0.0300484 0.0067149 -0.0020762 0.9995238
2473.005933 -0.0357617 0.0020204 -0.0031499 -0.0268028 0.0009228 -0.0016534 0.9996390
2473.255651 -0.0382199 0.0011464 -0.0037053 -0.0143698 -0.0029622 -0.0005078 0.9998922
2473.553627 -0.0410818 -0.0020978 -0.0050804 0.0170816 -0.0076727 0.0011045 0.9998240
2474.053085 -0.0444015 -0.0041415 -0.0066688 0.0509218 -0.0104939 0.0029809 0.9986430
2474.202182 -0.0461943 -0.0054045 -0.0073209 0.0640921 -0.0137429 0.0036033 0.9978428
2474.252177 -0.0466365 -0.0058385 -0.0077388 0.0662828 -0.0156802 0.0035805 0.9976712
2476.129395 -0.0649113 -0.0105643 -0.0142497 0.1347192 -0.0217616 0.0067655 0.9906217
2476.624369 -0.0688345 -0.0095456 -0.0133639 0.1297959 -0.0166144 0.0075118 0.9913731
2476.674364 -0.0687580 -0.0103534 -0.0144675 0.1319480 -0.0176736 0.0078252 0.9910682
2476.824350 -0.0700198 -0.0101844 -0.0145791 0.1350930 -0.0186002 0.0080873 0.9906253
2476.974335 -0.0707497 -0.0105020 -0.0142471 0.1370880 -0.0181766 0.0083823 0.9903566
2477.224311 -0.0714120 -0.0108508 -0.0142684 0.1419852 -0.0178251 0.0085960 0.9896709
2477.574277 -0.0750028 -0.0106735 -0.0145105 0.1384813 -0.0145513 0.0083579 0.9902229
2477.774258 -0.0775366 -0.0101617 -0.0151133 0.1252310 -0.0119596 0.0072936 0.9920287
2477.924243 -0.0785569 -0.0093451 -0.0143637 0.1171587 -0.0111201 0.0072582 0.9930244
2479.624079 -0.0905744 0.0029590 -0.0113037 -0.0325748 0.0065367 -0.0028402 0.9994439
2480.024040 -0.0922570 0.0040881 -0.0103945 -0.0667337 0.0107632 -0.0060562 0.9976944
2480.124030 -0.0904834 0.0052691 -0.0126713 -0.0721053 0.0097919 -0.0053559 0.9973346
2481.623885 -0.0914742 0.0100210 -0.0098665 -0.1104476 0.0144578 -0.0100125 0.9937264
2481.823866 -0.0917133 0.0106885 -0.0102435 -0.1095138 0.0129278 -0.0103797 0.9938470
