2469.725037 0.0000000 0.0000000 0.0000000 -0.0000000 -0.0000000 -0.0000000 1.0000000
2471.654562 -0.0219675 0.0005667 -0.0023595 -0.0131949 0.0046073 -0.0005919 0.9999022
2471.754572 -0.0236394 0.0007729 -0.0028350 -0.0155523 0.0050706 -0.0008873 0.9998658
2471.854879 -0.0244576 0.0015583 -0.0026498 -0.0201100 0.0065596 -0.0010393 0.9997757
2472.306356 -0.0314938 0.0018239 -0.0024031 -0.0301004 0.0096924 -0.0020344 0.9994978
2473.005933 -0.0393000 0.0017536 -0.0036015 -0.0269212 0.0018476 -0.0015854 0.9996346
2473.255651 -0.0424375 0.0006852 -0.0042909 -0.0146137 -0.0017476 -0.0005115 0.9998916
2473.405519 -0.0441543 -0.0012967 -0.0049538 0.0013617 -0.0033688 0.0001952 0.9999934
2473.553627 -0.0447200 -0.0021223 -0.0058116 0.0172275 -0.0067904 0.0011153 0.9998279
2473.752897 -0.0467647 -0.0032619 -0.0063868 0.0287533 -0.0073611 0.0017667 0.9995579
2474.102764 -0.0493178 -0.0060000 -0.0076586 0.0563396 -0.0104953 0.0032812 0.9983511
2474.997107 -0.0585415 -0.0104162 -0.0110736 0.1147492 -0.0186753 0.0051792 0.9932054
2475.145394 -0.0602224 -0.0116438 -0.0116054 0.1226072 -0.0186609 0.0057131 0.9922634
2476.524379 -0.0741279 -0.0107433 -0.0144263 0.1255134 -0.0139304 0.0072473 0.9919677
2476.624369 -0.0751393 -0.0119242 -0.0141672 0.1289826 -0.0149967 0.0074857 0.9915052
2476.674364 -0.0748961 -0.0117015 -0.0147359 0.1315260 -0.0160601 0.0078732 0.9911513
2476.824350 -0.0774715 -0.0118235 -0.0157302 0.1345910 -0.0166507 0.0077596 0.9907310
2476.924340 -0.0794585 -0.0124885 -0.0154051 0.1362860 -0.0156467 0.0079614 0.9905140
2477.574277 -0.0830930 -0.0116867 -0.0138924 0.1381644 -0.0123437 0.0080656 0.9902996
2477.624272 -0.0823151 -0.0117502 -0.0145204 0.1362326 -0.0127591 0.0082720 0.9905602
2478.174219 -0.0894592 -0.0106328 -0.0167583 0.0986519 -0.0085140 0.0061314 0.9950667
2478.724166 -0.0919758 -0.0106468 -0.0195188 0.0491374 -0.0000930 0.0046851 0.9987810
2480.024040 -0.1007629 0.0043143 -0.0132289 -0.0667137 0.0131357 -0.0052114 0.9976721
2480.174026 -0.1001386 0.0054867 -0.0138727 -0.0778314 0.0139323 -0.0056218 0.9968534
2480.374006 -0.1004950 0.0062966 -0.0163845 -0.0897975 0.0156565 -0.0071222 0.9958115
2480.623982 -0.0999357 0.0072688 -0.0134611 -0.1077774 0.0180498 -0.0084730 0.9939751
2481.623885 -0.1001000 0.0079039 -0.0142228 -0.1121176 0.0170941 -0.0087934 0.9935090
2481.823866 -0.0997228 0.0092675 -0.0123015 -0.1103948 0.0151310 -0.0095898 0.9937264
