2469.725037 0.0000000 0.0000000 0.0000000 -0.0000000 -0.0000000 -0.0000000 1.0000000
2471.654562 -0.0218483 0.0003562 -0.0025493 -0.0133187 0.0046912 -0.0007482 0.9999000
2471.754572 -0.0233442 0.0005591 -0.0029445 -0.0157108 0.0050903 -0.0009661 0.9998631
2471.854879 -0.0242190 0.0013046 -0.0025370 -0.0202740 0.0065962 -0.0011367 0.9997721
2472.356351 -0.0314659 0.0024628 -0.0024164 -0.0302752 0.0092049 -0.0022626 0.9994966
2472.905942 -0.0371295 0.0015886 -0.0040940 -0.0308015 0.0038992 -0.0020451 0.9995158
2473.205498 -0.0404690 0.0004072 -0.0048823 -0.0202683 -0.0015180 -0.0009865 0.9997929
2473.255651 -0.0411084 0.0003743 -0.0044376 -0.0147326 -0.0020605 -0.0005738 0.9998892
2473.653795 -0.0445256 -0.0029757 -0.0061849 0.0245243 -0.0078067 0.0015001 0.9996676
2473.752897 -0.0460901 -0.0036065 -0.0064935 0.0285110 -0.0073254 0.0015867 0.9995654
2474.202182 -0.0498658 -0.0062313 -0.0077295 0.0637915 -0.0126224 0.0034255 0.9978775
2474.252177 -0.0502672 -0.0064780 -0.0083558 0.0660816 -0.0145108 0.0035641 0.9977024
2475.145394 -0.0576487 -0.0106641 -0.0113444 0.1229154 -0.0192573 0.0058006 0.9922134
2475.687479 -0.0627581 -0.0124005 -0.0134610 0.1466595 -0.0215848 0.0067015 0.9889288
2476.374393 -0.0703500 -0.0114671 -0.0144269 0.1282570 -0.0169711 0.0068066 0.9915724
2476.674364 -0.0722181 -0.0114092 -0.0146777 0.1315408 -0.0165803 0.0077520 0.9911418
2476.824350 -0.0759707 -0.0119519 -0.0159269 0.1344589 -0.0167627 0.0075544 0.9907486
2476.974335 -0.0775062 -0.0119646 -0.0151191 0.1365108 -0.0160548 0.0078234 0.9904776
2477.024331 -0.0775053 -0.0118868 -0.0152213 0.1373904 -0.0160250 0.0079860 0.9903551
2477.574277 -0.0781198 -0.0110299 -0.0161253 0.1382586 -0.0137296 0.0083914 0.9902654
2477.624272 -0.0779817 -0.0111819 -0.0159833 0.1364148 -0.0139806 0.0084547 0.9905171
2479.724069 -0.0964354 0.0017752 -0.0144066 -0.0385296 0.0086767 -0.0028438 0.9992158
2480.174026 -0.0974208 0.0066450 -0.0114413 -0.0772554 0.0130897 -0.0063907 0.9969049
2480.324011 -0.0974891 0.0085442 -0.0118096 -0.0869455 0.0147629 -0.0076474 0.9960743
2480.723972 -0.0979270 0.0072877 -0.0115535 -0.1109768 0.0174712 -0.0105177 0.9936138
2480.773967 -0.0975845 0.0082547 -0.0122887 -0.1111570 0.0174021 -0.0105449 0.9935945
2480.973948 -0.0971844 0.0083958 -0.0131702 -0.1122138 0.0175679 -0.0104805 0.9934735
