2461.552142 0.0000000 0.0000000 0.0000000 -0.0000000 -0.0000000 -0.0000000 1.0000000
2463.101874 -0.0132970 -0.0017495 0.0010883 0.0345662 -0.0215065 -0.0025860 0.9991676
2463.201508 -0.0131881 -0.0019039 0.0013080 0.0349634 -0.0228534 -0.0022922 0.9991246
2463.301321 -0.0133721 -0.0017693 0.0010314 0.0347689 -0.0235500 -0.0022217 0.9991154
2463.751119 -0.0137876 -0.0014487 0.0002197 0.0385739 -0.0303107 -0.0008992 0.9987956
2465.825415 -0.0346486 -0.0012549 -0.0035407 0.0250441 -0.0462524 -0.0053437 0.9986015
2465.925405 -0.0352166 -0.0011676 -0.0038010 0.0197519 -0.0444939 -0.0057967 0.9987976
2466.025395 -0.0350708 -0.0011731 -0.0036307 0.0123147 -0.0440584 -0.0060489 0.9989347
2466.325366 -0.0358380 -0.0004888 -0.0054768 -0.0075807 -0.0523923 -0.0066638 0.9985756
2467.475255 -0.0463335 0.0038163 -0.0056048 -0.0800125 -0.0434437 -0.0180090 0.9956838
2467.875216 -0.0475596 0.0034547 -0.0065332 -0.0942645 -0.0374109 -0.0201066 0.9946408
2467.925211 -0.0476307 0.0034847 -0.0066780 -0.0970599 -0.0382721 -0.0199739 0.9943419
2471.097089 -0.0686949 0.0082389 -0.0094074 -0.1561591 -0.0498085 -0.0262843 0.9861251
2472.256203 -0.0761941 0.0090335 -0.0107558 -0.1771610 -0.0375693 -0.0309445 0.9829776
2472.356351 -0.0765608 0.0090201 -0.0107637 -0.1765508 -0.0390803 -0.0306196 0.9830387
2472.805794 -0.0789438 0.0087766 -0.0114958 -0.1777741 -0.0435683 -0.0299841 0.9826491
2472.955937 -0.0798629 0.0087592 -0.0115528 -0.1756641 -0.0452282 -0.0292066 0.9829769
2473.255651 -0.0819190 0.0083448 -0.0120782 -0.1612004 -0.0503098 -0.0266999 0.9852769
2473.405519 -0.0828431 0.0073195 -0.0121357 -0.1455669 -0.0522147 -0.0247210 0.9876603
2473.454862 -0.0831355 0.0069341 -0.0121622 -0.1405932 -0.0526647 -0.0240005 0.9883744
2474.997107 -0.0903421 0.0017772 -0.0145816 -0.0334213 -0.0692574 -0.0118208 0.9969688
2475.095616 -0.0905325 0.0017000 -0.0148084 -0.0298050 -0.0688448 -0.0113381 0.9971176
2476.824350 -0.1004062 0.0006504 -0.0178729 -0.0134545 -0.0671299 -0.0084404 0.9976178
2477.024331 -0.1008218 0.0006547 -0.0178342 -0.0105043 -0.0667394 -0.0077922 0.9976847
2477.324302 -0.1013558 0.0007851 -0.0181737 -0.0058291 -0.0653126 -0.0074039 0.9978204
2477.824253 -0.1037053 0.0009554 -0.0189714 -0.0264340 -0.0606549 -0.0100772 0.9977579
2478.124224 -0.1058282 0.0014541 -0.0193045 -0.0461708 -0.0591699 -0.0121899 0.9971051
2479.174122 -0.1108913 0.0057981 -0.0189998 -0.1391424 -0.0409341 -0.0261719 0.9890798
2479.474093 -0.1113653 0.0068781 -0.0196594 -0.1676808 -0.0397701 -0.0294400 0.9845988
2479.674074 -0.1107837 0.0088959 -0.0191869 -0.1812550 -0.0402450 -0.0308327 0.9821285
2479.924050 -0.1107601 0.0084791 -0.0205440 -0.2060073 -0.0370229 -0.0347478 0.9772323
2480.074035 -0.1109655 0.0095384 -0.0197952 -0.2148386 -0.0364517 -0.0358411 0.9753107
2481.623885 -0.1101881 0.0122304 -0.0194780 -0.2551500 -0.0318363 -0.0421679 0.9654568
2481.823866 -0.1105714 0.0121720 -0.0202367 -0.2540478 -0.0334741 -0.0415650 0.9657182
