2469.725037 0.0000000 0.0000000 0.0000000 -0.0000000 -0.0000000 -0.0000000 1.0000000
2471.097089 -0.0205736 0.0026193 -0.0013518 -0.0088257 -0.0014875 -0.0005616 0.9999598
2471.197514 -0.0215387 0.0025295 -0.0012760 -0.0075909 -0.0018071 -0.0004000 0.9999695
2471.804883 -0.0285671 0.0027764 -0.0020034 -0.0169296 0.0053458 -0.0011761 0.9998417
2472.005891 -0.0317206 0.0039405 -0.0019394 -0.0223036 0.0062671 -0.0012739 0.9997308
2472.455927 -0.0393700 0.0045403 -0.0021336 -0.0294183 0.0073889 -0.0022839 0.9995373
2472.905942 -0.0444861 0.0041543 -0.0029446 -0.0301214 0.0031084 -0.0019847 0.9995394
2473.205498 -0.0490677 0.0031278 -0.0038725 -0.0193728 -0.0021727 -0.0010993 0.9998094
2473.355662 -0.0514991 0.0022030 -0.0040553 -0.0013692 -0.0038728 -0.0001538 0.9999915
2473.454862 -0.0517326 0.0016604 -0.0048382 0.0079347 -0.0050037 0.0006921 0.9999558
2474.053085 -0.0583308 -0.0042388 -0.0073239 0.0512644 -0.0099957 0.0027630 0.9986313
2474.102764 -0.0585309 -0.0047107 -0.0078426 0.0572620 -0.0114041 0.0030637 0.9982893
2474.897828 -0.0666552 -0.0091452 -0.0116160 0.1098631 -0.0206694 0.0049762 0.9937193
2475.145394 -0.0704210 -0.0110664 -0.0131566 0.1236990 -0.0199949 0.0056128 0.9921025
2476.129395 -0.0845374 -0.0112726 -0.0155171 0.1354734 -0.0213576 0.0064578 0.9905297
2476.574374 -0.0881619 -0.0110077 -0.0154726 0.1291521 -0.0159967 0.0074022 0.9914681
2476.674364 -0.0889204 -0.0117639 -0.0164782 0.1324695 -0.0172741 0.0078983 0.9910051
2476.824350 -0.0922635 -0.0115015 -0.0164679 0.1356156 -0.0177864 0.0079905 0.9905697
2476.924340 -0.0936240 -0.0125582 -0.0167620 0.1372552 -0.0171659 0.0081287 0.9903536
2477.124321 -0.0947642 -0.0117390 -0.0162332 0.1407503 -0.0165000 0.0083575 0.9898723
2477.274306 -0.0957884 -0.0115932 -0.0177981 0.1437916 -0.0161717 0.0083617 0.9894405
2478.724166 -0.1115841 -0.0006454 -0.0155262 0.0531238 -0.0009977 0.0045671 0.9985770
2479.474093 -0.1194257 -0.0016346 -0.0215931 -0.0216016 0.0083462 -0.0017782 0.9997302
2479.674074 -0.1192702 -0.0013587 -0.0217450 -0.0365107 0.0078335 -0.0029987 0.9992981
2479.924050 -0.1183155 -0.0016660 -0.0204963 -0.0617358 0.0103301 -0.0042228 0.9980302
2480.424001 -0.1197203 -0.0025370 -0.0202903 -0.0984629 0.0152768 -0.0064780 0.9950024
2480.773967 -0.1149525 0.0090377 -0.0167210 -0.1113777 0.0145971 -0.0107735 0.9936125
2481.073938 -0.1158259 0.0090515 -0.0171234 -0.1124137 0.0163373 -0.0098488 0.9934784
