2461.502147 0.0000000 0.0000000 0.0000000 -0.0000000 -0.0000000 -0.0000000 1.0000000
2462.751513 -0.0057956 -0.0009638 0.0009360 0.0379468 -0.0185657 -0.0029540 0.9991029
2462.851503 -0.0058922 -0.0008271 0.0006987 0.0373032 -0.0208662 -0.0030263 0.9990816
2462.951493 -0.0060672 -0.0007785 0.0005141 0.0369280 -0.0224090 -0.0029562 0.9990623
2464.296009 -0.0062752 -0.0005111 -0.0001364 0.0447515 -0.0396006 0.0011343 0.9982123
2464.987724 -0.0129396 -0.0004395 -0.0012390 0.0591985 -0.0479690 -0.0005027 0.9970929
2465.232505 -0.0130366 -0.0001316 -0.0019317 0.0541187 -0.0537636 -0.0012592 0.9970853
2465.525819 -0.0148646 -0.0004686 -0.0018133 0.0410727 -0.0542052 -0.0033101 0.9976793
2465.875410 -0.0158375 -0.0002604 -0.0019731 0.0254219 -0.0497485 -0.0052931 0.9984242
2465.925405 -0.0158093 -0.0003195 -0.0020221 0.0223676 -0.0491047 -0.0056409 0.9985272
2465.975400 -0.0158164 -0.0003182 -0.0020266 0.0184597 -0.0485758 -0.0058358 0.9986319
2466.125386 -0.0156988 -0.0004365 -0.0020270 0.0091922 -0.0519462 -0.0060422 0.9985893
2466.225376 -0.0157585 -0.0003639 -0.0022156 0.0026066 -0.0560086 -0.0053174 0.9984128
2466.275371 -0.0157095 -0.0003760 -0.0021590 -0.0025246 -0.0574494 -0.0058027 0.9983284
2467.525250 -0.0183935 -0.0013016 -0.0063135 -0.0815949 -0.0503055 -0.0159169 0.9952679
2469.825028 -0.0279773 0.0038581 -0.0038717 -0.1459500 -0.0517919 -0.0264612 0.9875809
2469.875023 -0.0283401 0.0039543 -0.0039332 -0.1475309 -0.0505679 -0.0271765 0.9873900
2470.839706 -0.0311312 0.0040538 -0.0045546 -0.1560989 -0.0526615 -0.0277370 0.9859466
2471.147519 -0.0321472 0.0038362 -0.0048890 -0.1536489 -0.0552343 -0.0268270 0.9862158
2471.553643 -0.0331543 0.0037529 -0.0050308 -0.1568376 -0.0488752 -0.0285235 0.9860018
2472.555779 -0.0360741 0.0043563 -0.0056118 -0.1751799 -0.0459588 -0.0312766 0.9829657
2472.855789 -0.0368158 0.0043000 -0.0058956 -0.1745270 -0.0498305 -0.0303157 0.9829233
2473.454862 -0.0388109 0.0034985 -0.0062362 -0.1382241 -0.0582408 -0.0247693 0.9883767
2474.053085 -0.0397592 0.0029683 -0.0066585 -0.0940583 -0.0646057 -0.0189612 0.9932873
2475.438708 -0.0431274 0.0003892 -0.0082123 -0.0084551 -0.0793463 -0.0090487 0.9967702
2476.624369 -0.0461739 0.0005347 -0.0090874 -0.0163723 -0.0718896 -0.0091924 0.9972359
2476.824350 -0.0467754 0.0006113 -0.0093071 -0.0107388 -0.0734725 -0.0082068 0.9972057
2477.324302 -0.0472154 0.0003809 -0.0091312 -0.0036469 -0.0716708 -0.0073507 0.9973946
2477.624272 -0.0470453 0.0004751 -0.0094563 -0.0092085 -0.0706059 -0.0074744 0.9974338
2477.974239 -0.0480943 0.0006460 -0.0100637 -0.0330057 -0.0672773 -0.0103799 0.9971342
2478.474190 -0.0496005 0.0009733 -0.0103635 -0.0711037 -0.0630519 -0.0147873 0.9953643
2479.074132 -0.0508101 0.0027566 -0.0103904 -0.1269335 -0.0480755 -0.0250657 0.9904284
2479.174122 -0.0506747 0.0028177 -0.0101326 -0.1370002 -0.0483809 -0.0258317 0.9890515
2479.924050 -0.0512762 0.0026062 -0.0110865 -0.2055096 -0.0437841 -0.0357844 0.9770201
2480.324011 -0.0511613 0.0028996 -0.0110589 -0.2334914 -0.0403414 -0.0400571 0.9706955
2480.523992 -0.0512217 0.0030627 -0.0108935 -0.2464971 -0.0375798 -0.0422073 0.9674945
2480.773967 -0.0511342 0.0044124 -0.0112280 -0.2543645 -0.0372258 -0.0434595 0.9654140
