2469.725037 0.0000000 0.0000000 0.0000000 -0.0000000 -0.0000000 -0.0000000 1.0000000
2471.654562 -0.0217941 0.0002019 -0.0025329 -0.0133749 0.0048042 -0.0008926 0.9998986
2471.754572 -0.0234166 0.0003128 -0.0028856 -0.0158061 0.0052592 -0.0011003 0.9998606
2472.106039 -0.0278084 0.0017445 -0.0021581 -0.0269993 0.0100518 -0.0018403 0.9995832
2472.155896 -0.0281714 0.0019872 -0.0020339 -0.0291401 0.0115729 -0.0021361 0.9995061
2472.256203 -0.0299685 0.0021948 -0.0024004 -0.0309962 0.0106082 -0.0023577 0.9994605
2472.905942 -0.0364011 0.0013158 -0.0034965 -0.0309896 0.0037115 -0.0021194 0.9995106
2472.955937 -0.0367841 0.0014942 -0.0036060 -0.0294558 0.0028998 -0.0019497 0.9995600
2473.603958 -0.0442124 -0.0027143 -0.0055556 0.0191200 -0.0071033 0.0009994 0.9997914
2474.053085 -0.0467762 -0.0053157 -0.0071077 0.0504180 -0.0097212 0.0027441 0.9986771
2474.550607 -0.0533357 -0.0091142 -0.0099721 0.0860247 -0.0202916 0.0038894 0.9960788
2474.897828 -0.0545677 -0.0099842 -0.0112992 0.1086842 -0.0198794 0.0045749 0.9938670
2475.930244 -0.0663036 -0.0128583 -0.0144969 0.1440337 -0.0220741 0.0069245 0.9893023
2476.424389 -0.0699345 -0.0105912 -0.0142946 0.1270899 -0.0164039 0.0069850 0.9917309
2476.624369 -0.0721642 -0.0109479 -0.0145435 0.1292395 -0.0155516 0.0073335 0.9914643
2476.674364 -0.0716850 -0.0116546 -0.0150898 0.1314070 -0.0166484 0.0077379 0.9911585
2476.874345 -0.0738322 -0.0112751 -0.0144088 0.1355477 -0.0170606 0.0079966 0.9905917
2476.974335 -0.0735714 -0.0114687 -0.0143196 0.1366845 -0.0171948 0.0081861 0.9904316
2477.574277 -0.0776322 -0.0113789 -0.0143852 0.1381330 -0.0136693 0.0082343 0.9902852
2477.774258 -0.0785342 -0.0112593 -0.0149815 0.1246018 -0.0117003 0.0077409 0.9921076
2479.824059 -0.0932745 0.0037591 -0.0131526 -0.0484589 0.0091261 -0.0031892 0.9987784
2480.074035 -0.0934598 0.0045971 -0.0114147 -0.0694444 0.0106665 -0.0057779 0.9975120
2480.124030 -0.0936673 0.0070619 -0.0122673 -0.0715770 0.0107886 -0.0052602 0.9973629
2480.523992 -0.0934494 0.0067575 -0.0131516 -0.1016918 0.0157109 -0.0088442 0.9946526
2481.223924 -0.0929553 0.0070235 -0.0125927 -0.1138693 0.0169528 -0.0103228 0.9932975
