2469.725037 0.0000000 0.0000000 0.0000000 -0.0000000 -0.0000000 -0.0000000 1.0000000
2471.097089 -0.0212834 0.0007797 -0.0015895 -0.0095335 -0.0011166 -0.0006526 0.9999537
2471.197514 -0.0220006 0.0019677 -0.0013915 -0.0077304 -0.0014822 -0.0004633 0.9999689
2472.055886 -0.0347168 0.0040769 -0.0014270 -0.0237761 0.0082421 -0.0019855 0.9996814
2472.256203 -0.0373815 0.0048324 -0.0013500 -0.0302560 0.0104866 -0.0022037 0.9994848
2472.356351 -0.0402969 0.0053717 -0.0016107 -0.0293736 0.0098168 -0.0025195 0.9995171
2472.755937 -0.0409549 0.0054256 -0.0018275 -0.0300442 0.0038525 -0.0017913 0.9995396
2473.255651 -0.0499390 0.0027813 -0.0031356 -0.0139014 -0.0023956 -0.0005455 0.9999004
2473.355662 -0.0512844 0.0013764 -0.0038584 -0.0016863 -0.0035882 -0.0000444 0.9999921
2473.454862 -0.0524810 0.0003304 -0.0042159 0.0073357 -0.0044130 0.0005786 0.9999632
2474.053085 -0.0582158 -0.0037556 -0.0064279 0.0514424 -0.0097209 0.0026890 0.9986250
2476.079045 -0.0822222 -0.0119564 -0.0151967 0.1374041 -0.0219326 0.0068535 0.9902486
2476.179055 -0.0835713 -0.0126127 -0.0154159 0.1335846 -0.0203952 0.0065275 0.9908060
2476.624369 -0.0863525 -0.0106632 -0.0147810 0.1302592 -0.0164990 0.0077730 0.9913123
2476.824350 -0.0906036 -0.0120686 -0.0159924 0.1354004 -0.0177737 0.0081165 0.9905983
2476.924340 -0.0917272 -0.0124255 -0.0160599 0.1372425 -0.0171393 0.0081629 0.9903556
2477.474287 -0.0965918 -0.0121375 -0.0158729 0.1426520 -0.0134172 0.0086806 0.9896439
2477.524282 -0.0974637 -0.0113030 -0.0167737 0.1405134 -0.0131974 0.0081648 0.9899572
2477.674268 -0.0973427 -0.0116296 -0.0165763 0.1338854 -0.0132510 0.0087296 0.9908698
2477.824253 -0.0997730 -0.0149156 -0.0196754 0.1208314 -0.0112175 0.0075269 0.9925811
2479.774064 -0.1175211 0.0091031 -0.0140698 -0.0424075 0.0090380 -0.0033426 0.9990540
2480.124030 -0.1185030 0.0089148 -0.0149709 -0.0719102 0.0114927 -0.0051472 0.9973316
2480.224021 -0.1182822 0.0088256 -0.0144845 -0.0810173 0.0125785 -0.0059991 0.9966153
2480.374006 -0.1184809 0.0095698 -0.0149670 -0.0893782 0.0142095 -0.0073034 0.9958696
2480.773967 -0.1186037 0.0090027 -0.0149598 -0.1118790 0.0166877 -0.0098004 0.9935334
2481.123934 -0.1168009 0.0182703 -0.0119795 -0.1088827 0.0172727 -0.0098196 0.9938561
