2469.725037 0.0000000 0.0000000 0.0000000 -0.0000000 -0.0000000 -0.0000000 1.0000000
2471.097089 -0.0236961 0.0011452 -0.0020791 -0.0093335 0.0002311 -0.0014444 0.9999554
2471.654562 -0.0243991 0.0016183 -0.0016989 -0.0128773 0.0040889 -0.0007096 0.9999085
2472.155896 -0.0244424 0.0018068 -0.0008906 -0.0295521 0.0079661 -0.0002792 0.9995314
2472.356351 -0.0349816 0.0035232 -0.0018661 -0.0300413 0.0083571 -0.0021121 0.9995115
2472.805794 -0.0411772 0.0034578 -0.0027041 -0.0311120 0.0042896 -0.0023480 0.9995040
2472.955937 -0.0414256 0.0035000 -0.0028899 -0.0287651 0.0019206 -0.0015905 0.9995831
2473.255651 -0.0464721 0.0023636 -0.0033187 -0.0140421 -0.0028506 -0.0005823 0.9998972
2473.903416 -0.0520098 -0.0036566 -0.0061972 0.0401330 -0.0094478 0.0024866 0.9991466
2474.202182 -0.0558511 -0.0058544 -0.0074851 0.0643155 -0.0137465 0.0034502 0.9978290
2474.302014 -0.0586786 -0.0068300 -0.0088226 0.0710798 -0.0175474 0.0035055 0.9973102
2476.129395 -0.0790110 -0.0115059 -0.0148493 0.1350873 -0.0215049 0.0066004 0.9905784
2476.229050 -0.0788915 -0.0119108 -0.0143609 0.1316486 -0.0202255 0.0068277 0.9910666
2476.474384 -0.0804840 -0.0109379 -0.0155258 0.1262392 -0.0166477 0.0071301 0.9918345
2476.874345 -0.0864309 -0.0127609 -0.0164504 0.1359448 -0.0177007 0.0080766 0.9905254
2476.974335 -0.0870101 -0.0131779 -0.0160116 0.1370399 -0.0175788 0.0082421 0.9903753
2477.424292 -0.0912443 -0.0122414 -0.0162544 0.1436337 -0.0143703 0.0082821 0.9894919
2477.524282 -0.0915280 -0.0126402 -0.0167555 0.1399091 -0.0138288 0.0081883 0.9900339
2477.624272 -0.0922003 -0.0119799 -0.0149629 0.1369375 -0.0140880 0.0080744 0.9904466
2477.724263 -0.0938902 -0.0125958 -0.0139877 0.1299230 -0.0127818 0.0077952 0.9914111
2479.824059 -0.1113984 0.0063751 -0.0122333 -0.0477167 0.0091141 -0.0039193 0.9988117
2480.074035 -0.1092291 0.0068532 -0.0133176 -0.0687848 0.0099418 -0.0056193 0.9975662
2480.174026 -0.1104310 0.0104162 -0.0093596 -0.0761152 0.0117243 -0.0058933 0.9970127
2480.374006 -0.1090196 0.0104561 -0.0120196 -0.0886733 0.0127833 -0.0073329 0.9959517
2480.523992 -0.1117871 0.0117298 -0.0118655 -0.1002920 0.0161495 -0.0093003 0.9947835
2481.573890 -0.1086835 0.0110602 -0.0115393 -0.1118624 0.0145224 -0.0101348 0.9935659
