2469.725037 0.0000000 0.0000000 0.0000000 -0.0000000 -0.0000000 -0.0000000 1.0000000
2471.654562 -0.0200478 0.0016270 -0.0009249 -0.0128025 0.0040264 -0.0005061 0.9999098
2471.754572 -0.0216128 0.0016902 -0.0011702 -0.0152567 0.0045021 -0.0007924 0.9998732
2471.854879 -0.0219071 0.0024200 -0.0009337 -0.0197876 0.0057219 -0.0008483 0.9997875
2472.805794 -0.0336147 0.0031178 -0.0016627 -0.0309494 0.0041030 -0.0021394 0.9995103
2473.055789 -0.0359558 0.0026340 -0.0019364 -0.0270649 0.0006003 -0.0014051 0.9996325
2473.255651 -0.0382158 0.0023317 -0.0018653 -0.0138972 -0.0029267 -0.0003569 0.9998991
2473.405519 -0.0398030 0.0006450 -0.0024842 0.0021224 -0.0045025 0.0003831 0.9999875
2473.903416 -0.0433212 -0.0023990 -0.0040897 0.0403552 -0.0092335 0.0025201 0.9991396
2474.053085 -0.0446242 -0.0030098 -0.0044841 0.0513256 -0.0103147 0.0029632 0.9986243
2474.600602 -0.0500334 -0.0062546 -0.0067480 0.0906484 -0.0209699 0.0043976 0.9956524
2475.687479 -0.0588979 -0.0100054 -0.0102757 0.1475275 -0.0226105 0.0066944 0.9887769
2476.524379 -0.0667711 -0.0086238 -0.0115533 0.1262726 -0.0156751 0.0074579 0.9918437
2476.624369 -0.0682467 -0.0087494 -0.0111243 0.1300478 -0.0165344 0.0076622 0.9913402
2476.774355 -0.0702986 -0.0093327 -0.0115794 0.1342536 -0.0183536 0.0077663 0.9907466
2476.874345 -0.0713204 -0.0092009 -0.0121270 0.1363812 -0.0175615 0.0079218 0.9904691
2477.474287 -0.0753141 -0.0092794 -0.0123211 0.1426267 -0.0137751 0.0086701 0.9896427
2477.574277 -0.0754649 -0.0089215 -0.0127378 0.1389873 -0.0140124 0.0082311 0.9901608
2477.624272 -0.0753950 -0.0092192 -0.0124972 0.1370219 -0.0142481 0.0083804 0.9904301
2477.674268 -0.0754135 -0.0090747 -0.0126241 0.1338971 -0.0137994 0.0085790 0.9908620
2478.924147 -0.0885192 -0.0023037 -0.0120800 0.0328809 0.0045465 0.0020611 0.9994468
2479.674074 -0.0907649 0.0042910 -0.0107120 -0.0344996 0.0071008 -0.0034880 0.9993734
2480.024040 -0.0913133 0.0073092 -0.0096076 -0.0649399 0.0107592 -0.0055474 0.9978158
2480.324011 -0.0894886 0.0098748 -0.0092064 -0.0864422 0.0126074 -0.0074705 0.9961491
2480.923953 -0.0890259 0.0104476 -0.0090302 -0.1116745 0.0155700 -0.0094472 0.9935780
2481.123934 -0.0897945 0.0098990 -0.0096811 -0.1109110 0.0164967 -0.0100384 0.9936427
