2469.725037 0.0000000 0.0000000 0.0000000 -0.0000000 -0.0000000 -0.0000000 1.0000000
2471.654562 -0.0208235 0.0009486 -0.0018789 -0.0130562 0.0045208 -0.0006580 0.9999043
2471.754572 -0.0221839 0.0007972 -0.0025334 -0.0156068 0.0049246 -0.0007800 0.9998658
2471.854879 -0.0230180 0.0018387 -0.0020961 -0.0199784 0.0064155 -0.0010368 0.9997793
2472.106039 -0.0258607 0.0021992 -0.0016619 -0.0268243 0.0093526 -0.0013280 0.9995955
2472.306356 -0.0291993 0.0020711 -0.0021301 -0.0300164 0.0093113 -0.0018989 0.9995043
2472.555779 -0.0315300 0.0022407 -0.0025169 -0.0311151 0.0076434 -0.0020992 0.9994844
2473.405519 -0.0407335 -0.0007758 -0.0043990 0.0014982 -0.0040124 0.0003431 0.9999908
2473.454862 -0.0407663 -0.0012780 -0.0045637 0.0066351 -0.0045535 0.0009019 0.9999672
2474.003090 -0.0444703 -0.0041153 -0.0063462 0.0490600 -0.0105764 0.0029254 0.9987355
2474.202182 -0.0469139 -0.0052716 -0.0070237 0.0641201 -0.0132888 0.0036402 0.9978471
2474.252177 -0.0472761 -0.0054620 -0.0076918 0.0664635 -0.0152370 0.0038111 0.9976653
2474.997107 -0.0535291 -0.0090358 -0.0099666 0.1150660 -0.0196558 0.0052477 0.9931495
2476.624369 -0.0684611 -0.0103005 -0.0133745 0.1294711 -0.0164109 0.0076688 0.9914178
2476.674364 -0.0690370 -0.0103733 -0.0137074 0.1318661 -0.0172054 0.0077165 0.9910882
2476.824350 -0.0712472 -0.0108028 -0.0148480 0.1348579 -0.0178729 0.0079461 0.9906719
2476.924340 -0.0723646 -0.0108795 -0.0143643 0.1367401 -0.0171425 0.0079792 0.9904265
2477.024331 -0.0720961 -0.0103639 -0.0143978 0.1379972 -0.0173686 0.0083077 0.9902455
2477.624272 -0.0766671 -0.0107812 -0.0145884 0.1365742 -0.0138955 0.0082051 0.9904984
2477.674268 -0.0776556 -0.0107354 -0.0148724 0.1331753 -0.0130288 0.0082967 0.9909722
2479.274113 -0.0935238 -0.0006529 -0.0106332 -0.0016203 0.0092980 -0.0008243 0.9999552
2479.624079 -0.0914241 0.0015261 -0.0128872 -0.0329181 0.0071084 -0.0023780 0.9994299
2479.824059 -0.0929835 0.0020146 -0.0139251 -0.0490192 0.0095187 -0.0038390 0.9987451
2480.124030 -0.0938564 0.0059571 -0.0109602 -0.0718443 0.0116081 -0.0052874 0.9973343
2480.274016 -0.0917329 0.0065870 -0.0133022 -0.0830078 0.0124095 -0.0069885 0.9964471
2480.723972 -0.0942168 0.0079071 -0.0124904 -0.1107324 0.0170049 -0.0114292 0.9936391
