2444.927438 0.0000000 0.0000000 0.0000000 -0.0000000 -0.0000000 -0.0000000 1.0000000
2449.776969 -0.0150231 0.0014707 0.0018503 -0.0225003 -0.0247120 -0.0016875 0.9994400
2449.876959 -0.0165572 0.0014469 0.0015215 -0.0219172 -0.0259120 -0.0022805 0.9994214
2450.576891 -0.0257669 0.0010664 0.0019385 -0.0157860 -0.0441382 -0.0152478 0.9987844
2451.626790 -0.0418946 0.0009165 0.0017289 -0.0118320 -0.0709839 -0.0367353 0.9967306
2452.076746 -0.0476692 0.0008723 0.0006813 -0.0093883 -0.0835536 -0.0416758 0.9955872
2452.476707 -0.0523139 0.0010517 0.0000310 -0.0048674 -0.0917009 -0.0455559 0.9947321
2452.726683 -0.0587665 0.0018894 -0.0013928 -0.0039681 -0.1019849 -0.0484027 0.9935998
2452.826673 -0.0632984 0.0022063 -0.0033764 -0.0042660 -0.1107590 -0.0510652 0.9925254
2452.976659 -0.0668945 0.0027372 -0.0036341 -0.0077425 -0.1200983 -0.0558393 0.9911602
2453.976562 -0.0763153 0.0042343 -0.0035807 -0.0085962 -0.1375391 -0.0725542 0.9877980
2456.126354 -0.1044711 0.0107205 -0.0085328 -0.0120523 -0.1836253 -0.1176868 0.9758516
2456.326335 -0.1062494 0.0112039 -0.0088470 -0.0130631 -0.1856045 -0.1215487 0.9749904
2456.826286 -0.1137408 0.0139960 -0.0102342 -0.0161896 -0.1942274 -0.1339408 0.9716344
2457.326238 -0.1244610 0.0168958 -0.0138318 -0.0186424 -0.2095257 -0.1463090 0.9666153
2457.576214 -0.1293405 0.0185884 -0.0162021 -0.0169560 -0.2183828 -0.1545632 0.9633960
2457.876184 -0.1348360 0.0198555 -0.0206054 -0.0167755 -0.2281027 -0.1641893 0.9595466
2458.076165 -0.1382341 0.0207803 -0.0210756 -0.0160434 -0.2316092 -0.1664753 0.9583244
2458.376136 -0.1446738 0.0248452 -0.0251052 -0.0023685 -0.2412259 -0.1748178 0.9545906
2458.426131 -0.1466987 0.0238496 -0.0259325 0.0006330 -0.2458016 -0.1749153 0.9534075
2458.576117 -0.1509011 0.0254742 -0.0286727 0.0081716 -0.2557524 -0.1778525 0.9502066
2458.880493 -0.1577703 0.0267236 -0.0345873 0.0266832 -0.2710182 -0.1812264 0.9449837
2458.980345 -0.1605983 0.0272629 -0.0361799 0.0340652 -0.2763357 -0.1824676 0.9429654
2459.438499 -0.1669083 0.0276356 -0.0421117 0.0689587 -0.2966056 -0.1812630 0.9351008
2459.594331 -0.1699919 0.0274207 -0.0444326 0.0791645 -0.3042227 -0.1821226 0.9316721
2459.897087 -0.1754707 0.0289495 -0.0486315 0.0985283 -0.3184898 -0.1833943 0.9247826
2460.499834 -0.1827902 0.0301578 -0.0547739 0.1298249 -0.3369331 -0.1810504 0.9147909
2460.852763 -0.1874695 0.0326270 -0.0590542 0.1455556 -0.3493019 -0.1790482 0.9081540
2461.252507 -0.1929847 0.0349742 -0.0647857 0.1580678 -0.3593949 -0.1801990 0.9018748
2461.352873 -0.1936062 0.0345027 -0.0653114 0.1608557 -0.3637118 -0.1806582 0.8995565
2462.302070 -0.2064267 0.0406246 -0.0765208 0.1930199 -0.3857942 -0.1757053 0.8848920
2464.246231 -0.2189086 0.0505042 -0.0912613 0.1967438 -0.4076861 -0.1745784 0.8744177
2464.889946 -0.2326382 0.0590834 -0.1048676 0.2033120 -0.4153919 -0.1738311 0.8694231
2465.875410 -0.2300984 0.0627695 -0.1097232 0.1781989 -0.4157988 -0.1868170 0.8720412
2465.975400 -0.2296106 0.0633390 -0.1098775 0.1726265 -0.4133616 -0.1897154 0.8736935
2466.175381 -0.2287193 0.0646599 -0.1116433 0.1605226 -0.4160604 -0.1950298 0.8735500
2466.475352 -0.2358226 0.0724186 -0.1163792 0.1377862 -0.4081956 -0.2089428 0.8779147
2467.825221 -0.2431857 0.0850855 -0.1245717 0.0812285 -0.3828188 -0.2417345 0.8879280
2468.025202 -0.2442260 0.0863344 -0.1258403 0.0734780 -0.3859117 -0.2454617 0.8862402
2469.425066 -0.2509081 0.0969778 -0.1351323 0.0376577 -0.3829573 -0.2638330 0.8844873
2469.625047 -0.2516877 0.0971524 -0.1363686 0.0329864 -0.3810948 -0.2663181 0.8847335
2470.330964 -0.2564009 0.1027125 -0.1408157 0.0218446 -0.3758941 -0.2721340 0.8855335
2470.839706 -0.2592485 0.1052276 -0.1447300 0.0216552 -0.3754992 -0.2722100 0.8856823
2472.605932 -0.2688632 0.1160682 -0.1583496 0.0074615 -0.3650402 -0.2802404 0.8877811
2473.055789 -0.2713860 0.1177314 -0.1621727 0.0080828 -0.3708639 -0.2791940 0.8856892
2473.255651 -0.2727104 0.1185532 -0.1637108 0.0182993 -0.3776814 -0.2731189 0.8845496
2473.355662 -0.2734485 0.1177354 -0.1648165 0.0283996 -0.3821990 -0.2683885 0.8837901
2474.451427 -0.2804562 0.1171601 -0.1771228 0.0952971 -0.4181550 -0.2334965 0.8726650
2474.997107 -0.2806279 0.1167787 -0.1782538 0.1260038 -0.4256607 -0.2171983 0.8693451
2476.574374 -0.2871014 0.1223645 -0.1938468 0.1379719 -0.4247514 -0.2101544 0.8697041
2476.924340 -0.2907672 0.1237072 -0.1972687 0.1447136 -0.4273228 -0.2065363 0.8682142
2477.174316 -0.2909817 0.1240795 -0.1983759 0.1481138 -0.4278149 -0.2044584 0.8678902
2477.574277 -0.2906443 0.1249646 -0.1992734 0.1468058 -0.4252001 -0.2049551 0.8692792
2477.674268 -0.2903388 0.1253129 -0.1997382 0.1424353 -0.4236867 -0.2072413 0.8702028
2477.774258 -0.2897733 0.1258899 -0.2003776 0.1359129 -0.4205958 -0.2105284 0.8719546
2478.074229 -0.2892832 0.1271519 -0.2023476 0.1201418 -0.4164458 -0.2185569 0.8742836
2479.174122 -0.2944170 0.1381861 -0.2006465 0.0399364 -0.3770390 -0.2625651 0.8873028
2480.124030 -0.2938792 0.1448904 -0.2022700 -0.0282902 -0.3499283 -0.2988347 0.8873825
2480.473997 -0.2918375 0.1467225 -0.1997477 -0.0479000 -0.3395547 -0.3091181 0.8870480
2480.923953 -0.2919000 0.1489562 -0.1990580 -0.0602559 -0.3331617 -0.3159361 0.8863165
2481.623885 -0.2929038 0.1492464 -0.2002315 -0.0596103 -0.3343077 -0.3157312 0.8860016
2481.923856 -0.2930610 0.1483475 -0.2007778 -0.0588481 -0.3369676 -0.3145477 0.8854657
