2469.725037 0.0000000 0.0000000 0.0000000 -0.0000000 -0.0000000 -0.0000000 1.0000000
2471.451994 -0.0213571 0.0013754 -0.0014198 -0.0081559 0.0009630 -0.0003746 0.9999662
2471.553643 -0.0217708 0.0015716 -0.0011662 -0.0118914 0.0041653 -0.0005192 0.9999205
2471.804883 -0.0252792 0.0022501 -0.0012820 -0.0170742 0.0053817 -0.0009453 0.9998393
2471.854879 -0.0256672 0.0026072 -0.0015442 -0.0197653 0.0060449 -0.0009632 0.9997859
2472.055886 -0.0290910 0.0034542 -0.0010976 -0.0239832 0.0073167 -0.0013686 0.9996846
2472.306356 -0.0329357 0.0033776 -0.0012984 -0.0296381 0.0090249 -0.0019191 0.9995182
2472.805794 -0.0388278 0.0037250 -0.0022328 -0.0308752 0.0042843 -0.0021715 0.9995117
2473.454862 -0.0460552 0.0000595 -0.0036466 0.0072477 -0.0049043 0.0008032 0.9999614
2473.653795 -0.0475217 -0.0009459 -0.0041212 0.0253925 -0.0085638 0.0016485 0.9996396
2473.903416 -0.0494722 -0.0030051 -0.0051082 0.0403014 -0.0092043 0.0025885 0.9991419
2474.302014 -0.0557034 -0.0052403 -0.0072333 0.0715293 -0.0173903 0.0035269 0.9972807
2474.947112 -0.0597852 -0.0084840 -0.0096736 0.1149162 -0.0205017 0.0052490 0.9931498
2475.145394 -0.0634368 -0.0089352 -0.0097400 0.1240003 -0.0196823 0.0054712 0.9920719
2475.979054 -0.0732151 -0.0104946 -0.0126756 0.1420487 -0.0227099 0.0069122 0.9895750
2476.774355 -0.0792305 -0.0098920 -0.0132820 0.1345148 -0.0187301 0.0078512 0.9907035
2476.874345 -0.0810395 -0.0095510 -0.0131595 0.1367447 -0.0177576 0.0080333 0.9904146
2476.924340 -0.0804576 -0.0103029 -0.0135061 0.1374423 -0.0179691 0.0080714 0.9903139
2477.424292 -0.0859724 -0.0105879 -0.0135708 0.1437708 -0.0142351 0.0081358 0.9894752
2477.574277 -0.0860175 -0.0102171 -0.0135797 0.1390985 -0.0140399 0.0082728 0.9901445
2477.674268 -0.0861599 -0.0104656 -0.0136604 0.1339069 -0.0137461 0.0085979 0.9908613
2479.524088 -0.1062966 -0.0000367 -0.0133564 -0.0245698 0.0079919 -0.0023506 0.9996634
2479.724069 -0.1061526 0.0004998 -0.0153317 -0.0389527 0.0084721 -0.0029252 0.9992009
2480.124030 -0.1044773 0.0076553 -0.0134592 -0.0713609 0.0106321 -0.0051119 0.9973808
2481.023943 -0.1031687 0.0129020 -0.0120611 -0.1096216 0.0164588 -0.0100754 0.9937860
2481.623885 -0.1050459 0.0106833 -0.0109535 -0.1108341 0.0151907 -0.0102087 0.9936704
