2469.725037 0.0000000 0.0000000 0.0000000 -0.0000000 -0.0000000 -0.0000000 1.0000000
2471.097089 -0.0210400 0.0011813 -0.0022601 -0.0093633 -0.0014815 -0.0005279 0.9999549
2471.197514 -0.0227000 0.0011772 -0.0022540 -0.0080592 -0.0015271 -0.0004808 0.9999663
2472.005891 -0.0337058 0.0021445 -0.0036210 -0.0229346 0.0067641 -0.0015599 0.9997129
2472.256203 -0.0384088 0.0037326 -0.0026675 -0.0307623 0.0103254 -0.0022260 0.9994709
2472.356351 -0.0399159 0.0030661 -0.0031160 -0.0302960 0.0091399 -0.0023819 0.9994963
2472.855789 -0.0455389 0.0029578 -0.0038729 -0.0302687 0.0037256 -0.0021351 0.9995326
2473.205498 -0.0510008 0.0014063 -0.0052476 -0.0199778 -0.0018626 -0.0010674 0.9997981
2473.255651 -0.0515899 0.0010706 -0.0053383 -0.0145209 -0.0025430 -0.0006287 0.9998912
2473.454862 -0.0540446 -0.0017440 -0.0064160 0.0066463 -0.0046268 0.0005861 0.9999670
2473.752897 -0.0578097 -0.0037394 -0.0077567 0.0288417 -0.0078384 0.0016298 0.9995520
2474.550607 -0.0679036 -0.0103747 -0.0126509 0.0865837 -0.0208059 0.0040355 0.9960191
2474.947112 -0.0697829 -0.0127122 -0.0141735 0.1139850 -0.0203064 0.0053555 0.9932605
2476.229050 -0.0899348 -0.0146839 -0.0176705 0.1311662 -0.0190624 0.0063807 0.9911566
2476.624369 -0.0913715 -0.0139100 -0.0181302 0.1294291 -0.0162785 0.0076279 0.9914258
2476.824350 -0.0948188 -0.0137207 -0.0181588 0.1350373 -0.0178040 0.0078288 0.9906496
2476.924340 -0.0965570 -0.0143123 -0.0177428 0.1367665 -0.0169957 0.0078521 0.9904264
2477.074326 -0.0966698 -0.0135287 -0.0171039 0.1386102 -0.0166347 0.0082272 0.9901732
2477.624272 -0.1037756 -0.0144768 -0.0188003 0.1364569 -0.0134981 0.0080265 0.9905216
2477.924243 -0.1076293 -0.0112809 -0.0181529 0.1174431 -0.0100728 0.0076027 0.9929994
2479.724069 -0.1230044 0.0044094 -0.0180416 -0.0379962 0.0081620 -0.0027503 0.9992408
2479.824059 -0.1243896 0.0042638 -0.0165833 -0.0484186 0.0098275 -0.0040044 0.9987708
2480.024040 -0.1242051 0.0045203 -0.0154953 -0.0669238 0.0112721 -0.0061284 0.9976756
2480.174026 -0.1244674 0.0106428 -0.0148933 -0.0764770 0.0124614 -0.0070468 0.9969686
2480.224021 -0.1279952 0.0083366 -0.0150647 -0.0811007 0.0138729 -0.0070057 0.9965847
2481.023943 -0.1264553 0.0102250 -0.0159909 -0.1114519 0.0179920 -0.0099657 0.9935570
