2469.725037 0.0000000 0.0000000 0.0000000 -0.0000000 -0.0000000 -0.0000000 1.0000000
2470.891756 -0.0133674 0.0020496 -0.0005548 -0.0106768 -0.0002773 -0.0006039 0.9999428
2471.654562 -0.0197885 0.0022699 -0.0008925 -0.0125094 0.0037571 -0.0005068 0.9999146
2472.155896 -0.0267049 0.0039352 -0.0005314 -0.0282790 0.0109411 -0.0018794 0.9995384
2472.605932 -0.0308346 0.0043726 -0.0007933 -0.0291970 0.0059823 -0.0018190 0.9995542
2472.656085 -0.0317554 0.0041002 -0.0010689 -0.0297158 0.0049936 -0.0017420 0.9995444
2472.955937 -0.0345959 0.0039039 -0.0012138 -0.0284205 0.0019323 -0.0015859 0.9995930
2473.155503 -0.0371877 0.0037041 -0.0013910 -0.0223670 -0.0015422 -0.0011420 0.9997480
2473.305508 -0.0382565 0.0025751 -0.0019497 -0.0083795 -0.0037676 -0.0000763 0.9999578
2474.053085 -0.0445023 -0.0021416 -0.0039507 0.0517322 -0.0107071 0.0029460 0.9985993
2474.102764 -0.0455598 -0.0026454 -0.0044794 0.0576449 -0.0116607 0.0030085 0.9982645
2474.550607 -0.0503526 -0.0042941 -0.0060611 0.0880930 -0.0216196 0.0039286 0.9958699
2474.749304 -0.0505274 -0.0044382 -0.0069737 0.1045049 -0.0215594 0.0046260 0.9942799
2474.947112 -0.0519816 -0.0064934 -0.0069391 0.1153256 -0.0210986 0.0051900 0.9930901
2476.574374 -0.0680872 -0.0067815 -0.0093856 0.1298523 -0.0166984 0.0073819 0.9913653
2476.674364 -0.0682475 -0.0073439 -0.0097082 0.1332399 -0.0181253 0.0079532 0.9908862
2476.924340 -0.0712008 -0.0084693 -0.0109010 0.1378342 -0.0183512 0.0080057 0.9902530
2477.124321 -0.0721540 -0.0081203 -0.0101564 0.1412170 -0.0175657 0.0084256 0.9897870
2477.474287 -0.0729339 -0.0077690 -0.0105631 0.1433616 -0.0152841 0.0088229 0.9895130
2477.624272 -0.0777614 -0.0083845 -0.0088515 0.1376275 -0.0144038 0.0077746 0.9903488
2478.474190 -0.0797618 -0.0044974 -0.0138960 0.0766979 -0.0097716 0.0067368 0.9969837
2480.174026 -0.0888525 0.0113277 -0.0045183 -0.0750031 0.0098572 -0.0062119 0.9971153
2480.473997 -0.0875785 0.0125307 -0.0054810 -0.0947595 0.0122862 -0.0081389 0.9953911
2481.623885 -0.0879718 0.0146434 -0.0050991 -0.1088047 0.0124779 -0.0099923 0.9939346
2481.923856 -0.0889958 0.0143876 -0.0065680 -0.1066280 0.0107131 -0.0093041 0.9941977
