2469.725037 0.0000000 0.0000000 0.0000000 -0.0000000 -0.0000000 -0.0000000 1.0000000
2471.097089 -0.0207990 0.0014351 -0.0019981 -0.0092382 -0.0013858 -0.0005099 0.9999563
2471.197514 -0.0219554 0.0012911 -0.0019436 -0.0079862 -0.0016275 -0.0004223 0.9999667
2471.804883 -0.0290909 0.0017130 -0.0026478 -0.0172976 0.0056174 -0.0012270 0.9998339
2472.005891 -0.0321334 0.0028104 -0.0025533 -0.0226740 0.0064615 -0.0013024 0.9997212
2472.605932 -0.0420154 0.0033186 -0.0030843 -0.0298749 0.0070546 -0.0023031 0.9995261
2472.955937 -0.0459289 0.0027076 -0.0038557 -0.0291217 0.0026583 -0.0017496 0.9995708
2473.355662 -0.0522539 -0.0004969 -0.0053316 -0.0023569 -0.0035168 -0.0001394 0.9999911
2473.454862 -0.0531196 -0.0010426 -0.0056836 0.0068875 -0.0044461 0.0005763 0.9999663
2474.053085 -0.0588074 -0.0057403 -0.0081977 0.0507817 -0.0097748 0.0027380 0.9986582
2474.352365 -0.0643068 -0.0081899 -0.0104525 0.0736969 -0.0185464 0.0034566 0.9971023
2474.947112 -0.0679099 -0.0113628 -0.0126993 0.1143374 -0.0202425 0.0053497 0.9932213
2475.145394 -0.0706542 -0.0118785 -0.0139258 0.1234331 -0.0197974 0.0057068 0.9921390
2476.624369 -0.0899615 -0.0133247 -0.0166733 0.1294944 -0.0158611 0.0075756 0.9914243
2476.824350 -0.0941161 -0.0139862 -0.0173252 0.1348103 -0.0171032 0.0076365 0.9906944
2476.924340 -0.0949067 -0.0145349 -0.0174989 0.1365252 -0.0165575 0.0078696 0.9904670
2477.224311 -0.0955911 -0.0152069 -0.0182148 0.1415560 -0.0164041 0.0085036 0.9897578
2477.574277 -0.0989911 -0.0136531 -0.0176874 0.1383726 -0.0134756 0.0083441 0.9902534
2477.624272 -0.0989982 -0.0146496 -0.0177570 0.1362970 -0.0135186 0.0084018 0.9905401
2479.374103 -0.1166783 0.0006781 -0.0162522 -0.0105171 0.0085645 0.0005282 0.9999079
2480.024040 -0.1209335 0.0079474 -0.0150452 -0.0656405 0.0121721 -0.0044004 0.9977594
2480.174026 -0.1200008 0.0095771 -0.0135474 -0.0767213 0.0129924 -0.0059884 0.9969500
2481.623885 -0.1186558 0.0119492 -0.0164192 -0.1112136 0.0153465 -0.0085936 0.9936409
2481.873861 -0.1190580 0.0111654 -0.0147045 -0.1097104 0.0133422 -0.0084759 0.9938379
