2469.725037 0.0000000 0.0000000 0.0000000 -0.0000000 -0.0000000 -0.0000000 1.0000000
2471.654562 -0.0217563 0.0004963 -0.0025538 -0.0131982 0.0046570 -0.0007452 0.9999018
2471.754572 -0.0233423 0.0005018 -0.0028747 -0.0157156 0.0051307 -0.0009902 0.9998628
2472.106039 -0.0280305 0.0015270 -0.0022514 -0.0271138 0.0100046 -0.0018200 0.9995807
2472.155896 -0.0282497 0.0020581 -0.0020202 -0.0290757 0.0114554 -0.0019718 0.9995096
2472.306356 -0.0310104 0.0014539 -0.0026158 -0.0303006 0.0097616 -0.0022081 0.9994907
2472.905942 -0.0368909 0.0014885 -0.0038838 -0.0308303 0.0038454 -0.0020578 0.9995151
2473.105646 -0.0390306 0.0012855 -0.0037979 -0.0255257 0.0000581 -0.0015629 0.9996729
2473.355662 -0.0420002 -0.0008742 -0.0047120 -0.0025433 -0.0033447 -0.0000853 0.9999912
2473.553627 -0.0442427 -0.0031397 -0.0056888 0.0166930 -0.0066544 0.0008432 0.9998382
2474.053085 -0.0475157 -0.0056853 -0.0075124 0.0502651 -0.0095386 0.0028485 0.9986863
2475.145394 -0.0581079 -0.0103320 -0.0121658 0.1230848 -0.0190938 0.0056987 0.9921961
2476.079045 -0.0680245 -0.0124120 -0.0151223 0.1362209 -0.0213178 0.0068842 0.9904252
2476.524379 -0.0709157 -0.0112217 -0.0151009 0.1252174 -0.0146122 0.0073422 0.9919946
2476.624369 -0.0721206 -0.0111698 -0.0145913 0.1291802 -0.0155788 0.0075732 0.9914699
2476.674364 -0.0723499 -0.0120146 -0.0153977 0.1312591 -0.0164966 0.0078956 0.9911794
2476.974335 -0.0759854 -0.0126272 -0.0156260 0.1362901 -0.0165877 0.0081865 0.9904963
2477.274306 -0.0771212 -0.0127213 -0.0159196 0.1422313 -0.0156568 0.0086996 0.9896713
2477.524282 -0.0799750 -0.0123654 -0.0159571 0.1390923 -0.0127483 0.0081147 0.9901641
2477.574277 -0.0798043 -0.0127442 -0.0159070 0.1375874 -0.0129484 0.0082914 0.9903703
2477.624272 -0.0797335 -0.0127587 -0.0155220 0.1358112 -0.0132518 0.0085184 0.9906095
2480.074035 -0.0968112 0.0033761 -0.0119621 -0.0700679 0.0118278 -0.0058901 0.9974547
2480.174026 -0.0969054 0.0049724 -0.0121415 -0.0779162 0.0129949 -0.0063936 0.9968547
2480.224021 -0.0958177 0.0051895 -0.0111979 -0.0816116 0.0126791 -0.0072426 0.9965572
2481.223924 -0.0953690 0.0089171 -0.0142258 -0.1134772 0.0174531 -0.0092225 0.9933445
