2444.927438 0.0000000 0.0000000 0.0000000 -0.0000000 -0.0000000 -0.0000000 1.0000000
2449.776969 -0.0156377 0.0013196 0.0015095 -0.0225983 -0.0245642 -0.0018021 0.9994412
2449.876959 -0.0169217 0.0014525 0.0015673 -0.0219348 -0.0260193 -0.0023116 0.9994181
2450.276920 -0.0222923 0.0009523 0.0014773 -0.0185187 -0.0349985 -0.0078843 0.9991847
2450.326915 -0.0221907 0.0008592 0.0017850 -0.0182034 -0.0367980 -0.0091066 0.9991154
2451.376814 -0.0388294 0.0008997 0.0015978 -0.0111782 -0.0636223 -0.0329742 0.9973665
2451.626790 -0.0433045 0.0008296 0.0017697 -0.0119243 -0.0709826 -0.0369358 0.9967222
2452.476707 -0.0540315 0.0013104 0.0001684 -0.0047908 -0.0916540 -0.0456097 0.9947343
2452.626693 -0.0574046 0.0015930 -0.0002963 -0.0031203 -0.0964415 -0.0477606 0.9941872
2453.876572 -0.0780869 0.0045360 -0.0036883 -0.0082389 -0.1352362 -0.0709915 0.9882325
2454.026557 -0.0795549 0.0045546 -0.0039462 -0.0090632 -0.1378706 -0.0744738 0.9876048
2456.126354 -0.1079289 0.0113318 -0.0086764 -0.0119803 -0.1833400 -0.1177480 0.9758987
2456.826286 -0.1169345 0.0140891 -0.0113526 -0.0163277 -0.1940563 -0.1339407 0.9716663
2457.176252 -0.1255126 0.0163321 -0.0146486 -0.0171813 -0.2032307 -0.1451330 0.9681624
2457.576214 -0.1330731 0.0191158 -0.0172750 -0.0169144 -0.2182499 -0.1548173 0.9633860
2457.826189 -0.1386285 0.0202729 -0.0210261 -0.0166804 -0.2265934 -0.1626906 0.9601609
2458.076165 -0.1423279 0.0207422 -0.0227909 -0.0162603 -0.2313992 -0.1667482 0.9583241
2458.126160 -0.1434112 0.0216191 -0.0235189 -0.0141965 -0.2320974 -0.1682516 0.9579252
2458.376136 -0.1493746 0.0253270 -0.0282134 -0.0021442 -0.2407712 -0.1755295 0.9545754
2458.676502 -0.1578846 0.0252330 -0.0328993 0.0159516 -0.2625987 -0.1794384 0.9479396
2458.880493 -0.1620931 0.0259929 -0.0368948 0.0261556 -0.2711838 -0.1816286 0.9448738
2458.980345 -0.1642887 0.0262141 -0.0381484 0.0333323 -0.2768365 -0.1827620 0.9427876
2459.136493 -0.1668087 0.0270006 -0.0406563 0.0458296 -0.2848912 -0.1832505 0.9397638
2459.287288 -0.1694193 0.0272763 -0.0427723 0.0592178 -0.2920235 -0.1824266 0.9369825
2459.489521 -0.1716138 0.0271406 -0.0450608 0.0722097 -0.2996207 -0.1817978 0.9337894
2460.751923 -0.1895263 0.0321805 -0.0593616 0.1411119 -0.3449095 -0.1784270 0.9106529
2460.852763 -0.1925283 0.0336100 -0.0611711 0.1455500 -0.3494546 -0.1793610 0.9080344
2461.352873 -0.1996717 0.0361903 -0.0679096 0.1611483 -0.3635196 -0.1813340 0.8994458
2463.051681 -0.2202102 0.0479959 -0.0872319 0.1932838 -0.3946914 -0.1768972 0.8806631
2463.701124 -0.2193825 0.0478607 -0.0878114 0.1936973 -0.4034368 -0.1757615 0.8768284
2465.825415 -0.2392177 0.0660202 -0.1141715 0.1804403 -0.4159172 -0.1871030 0.8714624
2466.025395 -0.2387644 0.0666686 -0.1149478 0.1698641 -0.4118166 -0.1921588 0.8744303
2466.125386 -0.2381740 0.0673107 -0.1156924 0.1644111 -0.4139648 -0.1947342 0.8738883
2466.425357 -0.2360954 0.0704338 -0.1186543 0.1420147 -0.4122416 -0.2051391 0.8762458
2467.925211 -0.2492950 0.0874966 -0.1288206 0.0777038 -0.3826124 -0.2435485 0.8878367
2468.075197 -0.2507483 0.0900489 -0.1299051 0.0722013 -0.3862381 -0.2468453 0.8858186
2469.475061 -0.2572851 0.0996918 -0.1383727 0.0355687 -0.3825371 -0.2650950 0.8843783
2469.625047 -0.2598129 0.0995689 -0.1397744 0.0327569 -0.3807408 -0.2669578 0.8847016
2470.891756 -0.2657582 0.1079562 -0.1490505 0.0216977 -0.3766943 -0.2726730 0.8850311
2471.804883 -0.2706071 0.1134836 -0.1554194 0.0181580 -0.3698290 -0.2750311 0.8872738
2472.055886 -0.2716032 0.1150474 -0.1574669 0.0124742 -0.3663959 -0.2779761 0.8878782
2472.206050 -0.2738100 0.1172295 -0.1589639 0.0092215 -0.3618302 -0.2804676 0.8890061
2472.656085 -0.2753572 0.1193423 -0.1622482 0.0069493 -0.3662680 -0.2806930 0.8871364
2473.504185 -0.2811784 0.1202381 -0.1710569 0.0395089 -0.3873788 -0.2632700 0.8826469
2473.703475 -0.2808010 0.1201566 -0.1719007 0.0521393 -0.3940566 -0.2563117 0.8810818
2475.438708 -0.2889428 0.1186251 -0.1893346 0.1441547 -0.4337948 -0.2079763 0.8647470
2475.832546 -0.2916932 0.1206125 -0.1931723 0.1521023 -0.4330975 -0.2039831 0.8646863
2477.224311 -0.2978493 0.1264902 -0.2017962 0.1490525 -0.4287219 -0.2042413 0.8673329
2477.374297 -0.2976131 0.1267033 -0.2024093 0.1505136 -0.4276820 -0.2032611 0.8678241
2477.524282 -0.2981020 0.1274326 -0.2036075 0.1477560 -0.4255908 -0.2047000 0.8689871
2477.674268 -0.2972895 0.1279885 -0.2044113 0.1422317 -0.4240924 -0.2074250 0.8699946
2477.824253 -0.2965113 0.1291012 -0.2052830 0.1329187 -0.4201207 -0.2127170 0.8721139
2478.474190 -0.3010457 0.1350286 -0.2068973 0.0936843 -0.4059854 -0.2334452 0.8785799
2478.824156 -0.3016240 0.1398144 -0.2078143 0.0677638 -0.3893574 -0.2481256 0.8844448
2479.174122 -0.3035690 0.1437813 -0.2068399 0.0405256 -0.3762165 -0.2636105 0.8873152
2480.024040 -0.3017147 0.1495906 -0.2055034 -0.0224395 -0.3520823 -0.2967380 0.8874014
2480.224021 -0.3009949 0.1512081 -0.2053258 -0.0345567 -0.3462688 -0.3032646 0.8870932
2480.374006 -0.3005106 0.1508419 -0.2048795 -0.0417275 -0.3428280 -0.3061539 0.8871289
2480.723972 -0.2999221 0.1530916 -0.2049222 -0.0582083 -0.3339030 -0.3157730 0.8862324
2481.823866 -0.3004812 0.1527468 -0.2050830 -0.0595358 -0.3364067 -0.3154313 0.8853186
