2469.725037 0.0000000 0.0000000 0.0000000 -0.0000000 -0.0000000 -0.0000000 1.0000000
2471.654562 -0.0198745 0.0011779 -0.0015544 -0.0129853 0.0041363 -0.0004448 0.9999071
2471.754572 -0.0214819 0.0011986 -0.0020025 -0.0154610 0.0046149 -0.0006897 0.9998696
2471.854879 -0.0220021 0.0017793 -0.0017247 -0.0200530 0.0059916 -0.0009063 0.9997806
2472.155896 -0.0259730 0.0027467 -0.0014332 -0.0287778 0.0108965 -0.0017917 0.9995248
2472.306356 -0.0285178 0.0021371 -0.0016940 -0.0300396 0.0091166 -0.0020143 0.9995052
2472.905942 -0.0339786 0.0020749 -0.0027155 -0.0306355 0.0030692 -0.0017198 0.9995244
2473.355662 -0.0386381 0.0000499 -0.0034998 -0.0022029 -0.0042183 0.0001795 0.9999887
2473.454862 -0.0395992 -0.0005475 -0.0036171 0.0069229 -0.0049516 0.0009378 0.9999633
2473.903416 -0.0425139 -0.0031221 -0.0050218 0.0400109 -0.0093692 0.0027095 0.9991516
2473.953411 -0.0434943 -0.0034611 -0.0051324 0.0438338 -0.0095318 0.0027670 0.9989896
2474.997107 -0.0525647 -0.0084421 -0.0090979 0.1152390 -0.0198375 0.0052164 0.9931260
2475.687479 -0.0581224 -0.0104796 -0.0111878 0.1472695 -0.0226478 0.0068339 0.9888135
2476.129395 -0.0643335 -0.0099439 -0.0122684 0.1348581 -0.0215269 0.0067319 0.9906082
2476.424389 -0.0650258 -0.0090117 -0.0123910 0.1276516 -0.0176388 0.0073484 0.9916350
2476.674364 -0.0668034 -0.0097506 -0.0124498 0.1320583 -0.0177760 0.0079843 0.9910504
2476.824350 -0.0710911 -0.0097439 -0.0129579 0.1352372 -0.0177305 0.0075528 0.9906259
2477.024331 -0.0710077 -0.0095873 -0.0131887 0.1382216 -0.0176762 0.0079150 0.9902120
2477.474287 -0.0710395 -0.0093883 -0.0134288 0.1426480 -0.0151238 0.0088310 0.9896185
2477.574277 -0.0715849 -0.0101796 -0.0127757 0.1385296 -0.0151702 0.0087769 0.9902033
2478.024234 -0.0778019 -0.0087930 -0.0153810 0.1093160 -0.0113180 0.0070591 0.9939175
2479.724069 -0.0888876 0.0032265 -0.0132509 -0.0378926 0.0072846 -0.0036099 0.9992488
2480.024040 -0.0912597 0.0041572 -0.0113349 -0.0667090 0.0115053 -0.0062655 0.9976864
2480.074035 -0.0883850 0.0055969 -0.0124639 -0.0688062 0.0099933 -0.0062906 0.9975602
2480.174026 -0.0885991 0.0060495 -0.0114959 -0.0773456 0.0110377 -0.0071066 0.9969180
2481.173929 -0.0882790 0.0087717 -0.0114743 -0.1122872 0.0165790 -0.0104710 0.9934824
2481.323914 -0.0882674 0.0085025 -0.0114595 -0.1134081 0.0163814 -0.0106321 0.9933566
2481.623885 -0.0885811 0.0082645 -0.0118878 -0.1114441 0.0143197 -0.0100043 0.9936172
