2444.927438 0.0000000 0.0000000 0.0000000 -0.0000000 -0.0000000 -0.0000000 1.0000000
2449.776969 -0.0148645 0.0019653 0.0022523 -0.0222126 -0.0246214 -0.0019355 0.9994482
2449.826964 -0.0152086 0.0019395 0.0019751 -0.0216134 -0.0256252 -0.0021696 0.9994356
2449.926954 -0.0162778 0.0019649 0.0021957 -0.0203781 -0.0270267 -0.0026527 0.9994234
2449.976949 -0.0167964 0.0019728 0.0021106 -0.0204720 -0.0281599 -0.0029564 0.9993894
2450.426906 -0.0225966 0.0012781 0.0022085 -0.0169523 -0.0407211 -0.0122491 0.9989517
2450.576891 -0.0248689 0.0016797 0.0026579 -0.0154330 -0.0443234 -0.0154224 0.9987790
2451.376814 -0.0363736 0.0017083 0.0024412 -0.0107207 -0.0638985 -0.0330066 0.9973528
2451.626790 -0.0407071 0.0018403 0.0026765 -0.0113743 -0.0711562 -0.0369859 0.9967144
2452.476707 -0.0505347 0.0017307 0.0006947 -0.0045416 -0.0919817 -0.0456250 0.9947045
2452.726683 -0.0566711 0.0025343 -0.0008256 -0.0035708 -0.1024459 -0.0486657 0.9935411
2452.826673 -0.0611491 0.0022048 -0.0026851 -0.0042106 -0.1109723 -0.0512813 0.9924906
2453.026654 -0.0650666 0.0044085 -0.0024358 -0.0086064 -0.1234181 -0.0571139 0.9906725
2453.976562 -0.0735201 0.0050674 -0.0025820 -0.0080844 -0.1379148 -0.0727578 0.9877350
2456.326335 -0.1024226 0.0127345 -0.0067373 -0.0121499 -0.1861054 -0.1217607 0.9748803
2457.176252 -0.1171254 0.0166599 -0.0115604 -0.0165715 -0.2042800 -0.1456034 0.9678816
2457.576214 -0.1243911 0.0192499 -0.0143454 -0.0163346 -0.2191368 -0.1551671 0.9631383
2457.826189 -0.1294897 0.0204496 -0.0176593 -0.0159521 -0.2275736 -0.1631010 0.9598718
2457.876184 -0.1293876 0.0203872 -0.0188102 -0.0161117 -0.2289712 -0.1646998 0.9592636
2458.076165 -0.1324978 0.0212394 -0.0196615 -0.0153045 -0.2324981 -0.1670646 0.9580187
2458.476126 -0.1426960 0.0251387 -0.0254693 0.0051429 -0.2499720 -0.1776703 0.9517987
2458.526122 -0.1424529 0.0247911 -0.0267973 0.0061126 -0.2535507 -0.1776300 0.9508535
2458.576117 -0.1420721 0.0238849 -0.0276765 0.0081736 -0.2576307 -0.1780332 0.9496651
2458.780107 -0.1486066 0.0251378 -0.0314693 0.0199104 -0.2684151 -0.1808995 0.9459558
2458.980345 -0.1526449 0.0262513 -0.0345405 0.0342092 -0.2779227 -0.1828958 0.9424106
2459.136493 -0.1550928 0.0265269 -0.0366433 0.0463903 -0.2861028 -0.1831462 0.9393884
2459.187575 -0.1572359 0.0264500 -0.0387371 0.0510925 -0.2877002 -0.1843600 0.9384186
2459.337284 -0.1583015 0.0266435 -0.0391888 0.0626456 -0.2950462 -0.1824453 0.9358082
2459.489521 -0.1588089 0.0257900 -0.0410847 0.0725010 -0.3010436 -0.1819359 0.9332822
2460.651143 -0.1756581 0.0302742 -0.0542413 0.1356157 -0.3418152 -0.1804304 0.9122585
2460.751923 -0.1770062 0.0310165 -0.0555054 0.1415701 -0.3458984 -0.1788168 0.9101301
2462.302070 -0.1971586 0.0390898 -0.0726909 0.1931160 -0.3875235 -0.1759025 0.8840759
2462.401704 -0.1971368 0.0391993 -0.0729090 0.1952645 -0.3902020 -0.1742415 0.8827537
2465.332179 -0.2216726 0.0603396 -0.1045693 0.1992519 -0.4253147 -0.1772348 0.8648664
2465.875410 -0.2221662 0.0619970 -0.1070887 0.1788454 -0.4166668 -0.1880427 0.8712308
2465.975400 -0.2217854 0.0619864 -0.1070434 0.1729603 -0.4142368 -0.1908602 0.8729633
2466.275371 -0.2194259 0.0656593 -0.1107065 0.1533534 -0.4183642 -0.1994660 0.8727356
2466.375362 -0.2193259 0.0655497 -0.1107392 0.1450881 -0.4156102 -0.2037355 0.8744767
2468.125192 -0.2330073 0.0855179 -0.1207643 0.0705542 -0.3892037 -0.2479440 0.8843452
2468.225183 -0.2343495 0.0869526 -0.1215542 0.0676272 -0.3899723 -0.2495301 0.8837890
2469.225086 -0.2376798 0.0924048 -0.1274756 0.0418430 -0.3853132 -0.2624083 0.8836995
2469.875023 -0.2412168 0.0952571 -0.1311618 0.0294279 -0.3784626 -0.2693713 0.8850645
2470.839706 -0.2466202 0.1013509 -0.1391526 0.0218535 -0.3776980 -0.2730996 0.8844678
2471.451994 -0.2494563 0.1040284 -0.1437800 0.0245804 -0.3784830 -0.2715422 0.8845401
2471.955580 -0.2521729 0.1078536 -0.1470583 0.0138858 -0.3697650 -0.2777184 0.8865402
2472.356351 -0.2547759 0.1108204 -0.1504402 0.0080907 -0.3653859 -0.2811988 0.8873303
2473.205498 -0.2591776 0.1142645 -0.1576475 0.0140200 -0.3777139 -0.2765514 0.8835468
2474.152601 -0.2641323 0.1119419 -0.1667437 0.0788398 -0.4067999 -0.2429123 0.8770928
2474.451427 -0.2661487 0.1125978 -0.1704423 0.0952048 -0.4207699 -0.2338170 0.8713315
2475.687479 -0.2696123 0.1124622 -0.1802388 0.1527443 -0.4368639 -0.2033985 0.8628141
2476.624369 -0.2734579 0.1173962 -0.1863063 0.1384733 -0.4281072 -0.2101400 0.8679807
2476.924340 -0.2753786 0.1186021 -0.1885634 0.1444693 -0.4304663 -0.2066702 0.8666689
2477.324302 -0.2758407 0.1195861 -0.1895538 0.1495370 -0.4304478 -0.2035806 0.8665496
2478.024234 -0.2763899 0.1237909 -0.1935273 0.1226068 -0.4192727 -0.2182342 0.8726693
2478.274210 -0.2777179 0.1261633 -0.1941426 0.1079660 -0.4136363 -0.2262643 0.8752444
2478.824156 -0.2802023 0.1313563 -0.1952085 0.0678122 -0.3916033 -0.2485363 0.8833336
2479.174122 -0.2809486 0.1344410 -0.1947682 0.0404231 -0.3788700 -0.2637632 0.8861447
2479.524088 -0.2798886 0.1379096 -0.1952331 0.0131232 -0.3700099 -0.2780558 0.8863438
2479.824059 -0.2802047 0.1378671 -0.1944161 -0.0083229 -0.3610607 -0.2889178 0.8866186
2480.324011 -0.2784395 0.1422862 -0.1922952 -0.0398760 -0.3458505 -0.3061771 0.8860321
2480.424001 -0.2785552 0.1423548 -0.1928988 -0.0449518 -0.3424327 -0.3091348 0.8860897
2480.773967 -0.2774733 0.1431374 -0.1915299 -0.0588233 -0.3365552 -0.3162107 0.8850318
2481.923856 -0.2779799 0.1428929 -0.1927020 -0.0587175 -0.3397589 -0.3153118 0.8841349
