369.201828 0.0000000 0.0000000 0.0000000 -0.0000000 -0.0000000 -0.0000000 1.0000000
369.601790 -0.0070791 0.0000479 -0.0007881 -0.0010129 0.0076915 -0.0000731 0.9999699
369.651785 -0.0087882 0.0002662 -0.0006349 -0.0009998 0.0072905 0.0001902 0.9999729
369.751775 -0.0136437 0.0000478 -0.0002477 -0.0018074 0.0080034 0.0001875 0.9999663
370.301722 -0.0444273 0.0003305 -0.0011085 -0.0016916 0.0066314 0.0015377 0.9999754
370.951659 -0.0685733 0.0003370 -0.0005261 -0.0022333 0.0203378 0.0012515 0.9997899
371.301625 -0.0833977 0.0001703 -0.0011429 -0.0025682 0.0237692 0.0014620 0.9997131
371.551601 -0.0952069 0.0001454 -0.0003105 -0.0026524 0.0194342 0.0018437 0.9998059
371.751582 -0.1037734 0.0001251 0.0002212 -0.0024763 0.0177948 0.0020379 0.9998365
372.651494 -0.1370615 0.0000878 0.0002452 -0.0028158 0.0168891 0.0023017 0.9998507
372.851475 -0.1454330 -0.0001246 0.0004000 -0.0025487 0.0146920 0.0025672 0.9998856
373.451417 -0.1721648 -0.0002070 0.0008806 -0.0019940 0.0119183 0.0026724 0.9999234
373.551407 -0.1766620 -0.0002700 0.0012844 -0.0017445 0.0147202 0.0029406 0.9998859
373.751388 -0.1885259 -0.0004318 0.0011642 -0.0013196 0.0135820 0.0031899 0.9999018
374.001364 -0.2017822 -0.0002779 0.0021293 -0.0014114 0.0052914 0.0030924 0.9999802
374.101354 -0.2070193 -0.0003506 0.0026997 -0.0022008 0.0061269 0.0032504 0.9999735
374.351330 -0.2190092 -0.0004947 0.0036560 -0.0028371 -0.0053409 0.0029550 0.9999774
375.851185 -0.2752764 -0.0005728 0.0061823 -0.0030959 0.0013744 0.0034187 0.9999884
376.051165 -0.2820432 -0.0006934 0.0062879 -0.0034574 0.0006925 0.0033735 0.9999881
376.351136 -0.2912474 -0.0009000 0.0072288 -0.0041062 -0.0025569 0.0032434 0.9999831
376.751098 -0.3000100 -0.0006771 0.0073384 -0.0045515 0.0036393 0.0030568 0.9999784
376.851088 -0.3025826 -0.0008621 0.0079575 -0.0045131 0.0002878 0.0029631 0.9999854
377.850991 -0.3333298 -0.0012068 0.0072130 -0.0039005 0.0156724 0.0038723 0.9998621
378.100967 -0.3420394 -0.0012267 0.0075454 -0.0041081 0.0201910 0.0038937 0.9997801
378.200957 -0.3459609 -0.0009917 0.0075887 -0.0042560 0.0216260 0.0038472 0.9997497
378.850894 -0.3692267 -0.0010961 0.0083756 -0.0054519 0.0180499 0.0028702 0.9998181
379.050875 -0.3773349 -0.0012842 0.0078435 -0.0055947 0.0201798 0.0030562 0.9997761
379.300851 -0.3884206 -0.0014270 0.0072739 -0.0058376 0.0190364 0.0031737 0.9997967
379.600822 -0.3993980 -0.0015601 0.0072317 -0.0055505 0.0173829 0.0029251 0.9998292
379.850797 -0.4094042 -0.0016187 0.0078867 -0.0051326 0.0114893 0.0029791 0.9999164
380.000783 -0.4135981 -0.0016955 0.0081565 -0.0052050 0.0086828 0.0031806 0.9999437
380.300754 -0.4198816 -0.0015344 0.0092159 -0.0057137 0.0053144 0.0037550 0.9999625
381.050681 -0.4474394 -0.0019873 0.0106008 -0.0066447 -0.0066702 0.0093756 0.9999118
381.250662 -0.4541677 -0.0021345 0.0105505 -0.0078215 -0.0152823 0.0095739 0.9998068
381.450642 -0.4581135 -0.0020202 0.0104518 -0.0105429 -0.0110787 0.0114471 0.9998176
381.800609 -0.4701715 -0.0034590 0.0079746 -0.0179021 -0.0127940 0.0393557 0.9989830
381.900599 -0.4738030 -0.0045535 0.0071261 -0.0157318 -0.0143699 0.0439126 0.9988081
382.100580 -0.4857475 -0.0137443 0.0082327 -0.0062248 -0.0211037 0.0505559 0.9984788
382.300560 -0.5016873 -0.0185918 0.0111140 -0.0047963 -0.0149351 0.0467760 0.9987823
382.400550 -0.5094177 -0.0187897 0.0131673 -0.0078502 -0.0116524 0.0469074 0.9988005
382.500541 -0.5157880 -0.0184539 0.0138683 -0.0083229 -0.0077960 0.0427652 0.9990201
382.600531 -0.5231673 -0.0179600 0.0160174 -0.0076999 -0.0087906 0.0451374 0.9989125
382.750517 -0.5346242 -0.0198133 0.0174307 -0.0034412 -0.0058096 0.0487407 0.9987887
382.850507 -0.5433040 -0.0192597 0.0188183 -0.0033114 -0.0059308 0.0456888 0.9989327
385.050294 -0.5610349 -0.0141169 0.0214692 0.0209986 -0.0441752 0.0698603 0.9963570
386.800125 -0.5615506 -0.0141943 0.0205689 0.0210707 -0.0442026 0.0700397 0.9963416
387.350071 -0.5615497 -0.0141942 0.0205775 0.0211331 -0.0442796 0.0703294 0.9963164
388.999911 -0.5613801 -0.0142148 0.0208754 0.0211284 -0.0442617 0.0702035 0.9963263
390.899728 -0.5614427 -0.0141826 0.0207526 0.0210980 -0.0442299 0.0701853 0.9963296
391.249694 -0.5614482 -0.0141895 0.0207341 0.0210066 -0.0444539 0.0706675 0.9962875
