369.201828 0.0000000 0.0000000 0.0000000 -0.0000000 -0.0000000 -0.0000000 1.0000000
369.601790 -0.0085436 -0.0000249 -0.0008242 -0.0010083 0.0078004 0.0000068 0.9999691
369.701780 -0.0131990 -0.0001722 -0.0006384 -0.0014820 0.0064219 -0.0001095 0.9999783
369.901761 -0.0251099 0.0002181 -0.0006015 -0.0018106 0.0083441 -0.0000075 0.9999636
370.601693 -0.0678004 0.0003816 -0.0008774 -0.0018652 0.0099803 0.0014111 0.9999475
370.701683 -0.0722607 0.0001937 -0.0001891 -0.0019791 0.0140384 0.0013834 0.9998986
371.051649 -0.0862189 0.0003691 0.0002009 -0.0021161 0.0217980 0.0015885 0.9997589
371.301625 -0.1000520 0.0001370 -0.0003886 -0.0024186 0.0244775 0.0014349 0.9996964
372.301528 -0.1487198 0.0001840 0.0026590 -0.0023336 0.0147067 0.0025075 0.9998860
372.501509 -0.1574607 0.0000736 0.0025908 -0.0024562 0.0150493 0.0024171 0.9998809
372.651494 -0.1640649 0.0001067 0.0017455 -0.0025698 0.0177585 0.0022892 0.9998364
373.551407 -0.2110547 -0.0004784 0.0028191 -0.0014821 0.0155891 0.0030907 0.9998726
373.801383 -0.2279906 -0.0002901 0.0025309 -0.0007284 0.0128409 0.0032617 0.9999120
374.001364 -0.2408693 -0.0005966 0.0046529 -0.0012494 0.0060338 0.0032672 0.9999757
374.201344 -0.2538097 -0.0005514 0.0050947 -0.0023826 0.0063149 0.0031632 0.9999722
374.601306 -0.2784189 -0.0005780 0.0078852 -0.0034349 -0.0128140 0.0028877 0.9999079
374.701296 -0.2837614 -0.0006947 0.0073584 -0.0043639 -0.0081039 0.0024921 0.9999545
375.101257 -0.3047732 -0.0006321 0.0072594 -0.0028482 0.0037100 0.0035461 0.9999828
376.201151 -0.3419557 -0.0012686 0.0098286 -0.0037320 0.0004861 0.0035458 0.9999866
376.401131 -0.3488441 -0.0011321 0.0096188 -0.0041726 -0.0010605 0.0033048 0.9999853
376.801093 -0.3596496 -0.0011551 0.0101633 -0.0044621 0.0029450 0.0033405 0.9999802
377.900986 -0.3999723 -0.0013777 0.0101729 -0.0035588 0.0188678 0.0045946 0.9998051
378.150962 -0.4103541 -0.0012712 0.0106747 -0.0036360 0.0222518 0.0045876 0.9997353
378.350943 -0.4193322 -0.0013594 0.0101930 -0.0044775 0.0242847 0.0041324 0.9996865
378.700909 -0.4348026 -0.0014442 0.0110580 -0.0053059 0.0210362 0.0037708 0.9997575
378.900889 -0.4430350 -0.0014536 0.0114716 -0.0053181 0.0205726 0.0033974 0.9997684
379.150865 -0.4562636 -0.0015983 0.0105413 -0.0052750 0.0218841 0.0037538 0.9997396
379.250855 -0.4616479 -0.0018382 0.0104568 -0.0056470 0.0208021 0.0040067 0.9997597
379.350846 -0.4656406 -0.0019063 0.0104816 -0.0056285 0.0205845 0.0039236 0.9997646
379.800802 -0.4862407 -0.0022785 0.0107420 -0.0050806 0.0145685 0.0044228 0.9998712
380.200763 -0.4989392 -0.0022005 0.0124796 -0.0050147 0.0092350 0.0042939 0.9999356
380.300754 -0.5021054 -0.0023985 0.0125205 -0.0056364 0.0077527 0.0044949 0.9999440
381.250662 -0.5422670 -0.0031101 0.0147579 -0.0078049 -0.0132719 0.0106164 0.9998251
381.600628 -0.5527162 -0.0034187 0.0143135 -0.0138923 -0.0059277 0.0197147 0.9996915
381.850604 -0.5639535 -0.0052736 0.0118621 -0.0162083 -0.0098912 0.0419144 0.9989408
382.050584 -0.5749479 -0.0133090 0.0118276 -0.0094554 -0.0185455 0.0523675 0.9984109
382.150575 -0.5849673 -0.0193781 0.0145776 -0.0046881 -0.0162704 0.0496567 0.9986228
382.250565 -0.5944247 -0.0222291 0.0158458 -0.0038318 -0.0123034 0.0472547 0.9987997
382.350555 -0.6033413 -0.0229424 0.0188879 -0.0056066 -0.0107732 0.0480409 0.9987715
382.550536 -0.6193829 -0.0224527 0.0219946 -0.0070344 -0.0051354 0.0446626 0.9989642
382.800512 -0.6424484 -0.0242493 0.0276704 -0.0020637 -0.0025581 0.0472865 0.9988760
382.900502 -0.6523967 -0.0248424 0.0301589 -0.0027647 -0.0030595 0.0508278 0.9986989
387.150091 -0.6693813 -0.0187174 0.0329277 0.0215967 -0.0414609 0.0713651 0.9963542
387.350071 -0.6692187 -0.0188963 0.0334378 0.0215808 -0.0416831 0.0716666 0.9963236
387.450062 -0.6693144 -0.0189014 0.0338765 0.0216026 -0.0415613 0.0712051 0.9963613
388.399970 -0.6696522 -0.0190784 0.0331438 0.0212405 -0.0413493 0.0717797 0.9963367
389.449868 -0.6696952 -0.0190304 0.0330348 0.0213200 -0.0413040 0.0715819 0.9963511
391.049713 -0.6697426 -0.0188900 0.0327891 0.0212681 -0.0414810 0.0718168 0.9963279
