369.201828 0.0000000 0.0000000 0.0000000 -0.0000000 -0.0000000 -0.0000000 1.0000000
369.601790 -0.0071979 -0.0001191 -0.0006495 -0.0010934 0.0077885 -0.0001369 0.9999691
369.651785 -0.0093766 0.0001390 -0.0006444 -0.0010371 0.0076761 0.0001904 0.9999700
369.751775 -0.0140016 -0.0001878 -0.0005262 -0.0019741 0.0082200 0.0000705 0.9999643
370.951659 -0.0708966 0.0000651 -0.0008073 -0.0025291 0.0211461 0.0014257 0.9997722
371.101644 -0.0766464 0.0000153 -0.0006341 -0.0024586 0.0226302 0.0013272 0.9997400
371.201635 -0.0807813 -0.0000398 -0.0013012 -0.0026517 0.0236215 0.0014240 0.9997165
371.451611 -0.0938515 -0.0001390 -0.0011015 -0.0029217 0.0237677 0.0018099 0.9997116
372.301528 -0.1282796 0.0000279 0.0010802 -0.0026489 0.0151586 0.0029280 0.9998773
372.501509 -0.1358244 0.0000664 0.0012830 -0.0027753 0.0154930 0.0026275 0.9998727
372.801480 -0.1475748 -0.0001265 0.0006031 -0.0026478 0.0167068 0.0028358 0.9998529
373.301431 -0.1709258 -0.0002200 0.0013544 -0.0023233 0.0104080 0.0030273 0.9999386
374.001364 -0.2077563 -0.0005997 0.0029906 -0.0015785 0.0068738 0.0035974 0.9999686
374.201344 -0.2188619 -0.0006141 0.0035851 -0.0027016 0.0069294 0.0035156 0.9999661
374.401325 -0.2284821 -0.0007102 0.0050129 -0.0029118 -0.0071435 0.0032828 0.9999649
374.701296 -0.2446659 -0.0005282 0.0062693 -0.0044435 -0.0071201 0.0026859 0.9999612
375.601209 -0.2752580 -0.0007588 0.0061666 -0.0036168 0.0055004 0.0037450 0.9999713
375.801190 -0.2816710 -0.0006656 0.0070127 -0.0032503 0.0058415 0.0039910 0.9999697
376.001170 -0.2884830 -0.0009502 0.0072106 -0.0034293 0.0012545 0.0039630 0.9999855
376.551117 -0.3035003 -0.0006856 0.0085054 -0.0049040 0.0063043 0.0034545 0.9999622
377.751001 -0.3381253 -0.0013030 0.0096623 -0.0032763 0.0130535 0.0047512 0.9998981
377.900986 -0.3445501 -0.0012251 0.0092135 -0.0036673 0.0200428 0.0047903 0.9997809
378.050972 -0.3499116 -0.0013524 0.0091772 -0.0039078 0.0229631 0.0047330 0.9997175
378.300947 -0.3591514 -0.0011670 0.0093118 -0.0044141 0.0249334 0.0042362 0.9996704
378.800899 -0.3773546 -0.0014198 0.0100176 -0.0053749 0.0211359 0.0039143 0.9997545
379.150865 -0.3926549 -0.0016276 0.0095701 -0.0054477 0.0230681 0.0040211 0.9997110
379.250855 -0.3973977 -0.0017652 0.0097533 -0.0058535 0.0222294 0.0040845 0.9997274
379.750807 -0.4164066 -0.0018846 0.0099550 -0.0050510 0.0174833 0.0038155 0.9998271
380.100773 -0.4269477 -0.0023114 0.0111105 -0.0052292 0.0111149 0.0040323 0.9999164
380.200763 -0.4290440 -0.0021583 0.0117712 -0.0052987 0.0104753 0.0039586 0.9999233
380.400744 -0.4353867 -0.0020598 0.0118444 -0.0059759 0.0074031 0.0043121 0.9999455
381.000686 -0.4575936 -0.0024766 0.0133122 -0.0062840 -0.0040758 0.0092748 0.9999290
381.350652 -0.4682107 -0.0023041 0.0135248 -0.0088904 -0.0098555 0.0107408 0.9998542
381.450642 -0.4702337 -0.0025887 0.0129997 -0.0106020 -0.0076226 0.0123055 0.9998391
381.900599 -0.4860467 -0.0051337 0.0102206 -0.0156712 -0.0108365 0.0448401 0.9988125
382.000589 -0.4904609 -0.0088282 0.0104947 -0.0111777 -0.0166589 0.0517894 0.9984565
382.100580 -0.4981314 -0.0143817 0.0117204 -0.0059734 -0.0177292 0.0511505 0.9985157
382.300560 -0.5143874 -0.0196268 0.0142228 -0.0049312 -0.0114504 0.0480898 0.9987652
382.550536 -0.5321825 -0.0194120 0.0175916 -0.0074592 -0.0039435 0.0442292 0.9989858
382.700521 -0.5445297 -0.0199989 0.0200101 -0.0053692 -0.0028866 0.0495796 0.9987516
382.850507 -0.5573863 -0.0208494 0.0236893 -0.0033510 -0.0020190 0.0467037 0.9989012
382.950497 -0.5649540 -0.0208984 0.0274594 -0.0064407 -0.0044488 0.0544751 0.9984844
383.400454 -0.5754465 -0.0148604 0.0274801 -0.0137811 -0.0160680 0.0674215 0.9975000
384.600338 -0.5758125 -0.0158851 0.0257566 0.0207012 -0.0399188 0.0714082 0.9964331
385.050294 -0.5756550 -0.0155948 0.0265463 0.0209524 -0.0400436 0.0709361 0.9964565
388.299979 -0.5757553 -0.0158343 0.0258986 0.0211661 -0.0401514 0.0713231 0.9964200
390.899728 -0.5757088 -0.0157264 0.0256952 0.0209761 -0.0404103 0.0717433 0.9963834
