369.201828 0.0000000 0.0000000 0.0000000 -0.0000000 -0.0000000 -0.0000000 1.0000000
369.601790 -0.0097520 0.0000758 -0.0008686 -0.0008662 0.0078284 -0.0002557 0.9999689
369.651785 -0.0122027 0.0003228 -0.0007623 -0.0008514 0.0074207 0.0001090 0.9999721
369.751775 -0.0185511 0.0000076 -0.0005492 -0.0017410 0.0081467 -0.0001323 0.9999653
370.651688 -0.0809609 0.0004353 0.0001736 -0.0017711 0.0126045 0.0010271 0.9999185
370.751678 -0.0852117 -0.0000826 0.0002548 -0.0021504 0.0154775 0.0008439 0.9998776
371.101644 -0.1017933 0.0002605 0.0010476 -0.0019783 0.0224598 0.0008148 0.9997455
371.251630 -0.1106697 0.0002116 0.0001107 -0.0021446 0.0244157 0.0011863 0.9996989
372.101548 -0.1593786 0.0000292 0.0022556 -0.0022264 0.0165336 0.0019257 0.9998590
372.551504 -0.1816581 -0.0002061 0.0028520 -0.0026080 0.0159308 0.0019474 0.9998678
373.101451 -0.2132943 -0.0002113 0.0027842 -0.0022124 0.0138573 0.0022390 0.9998990
373.151446 -0.2161516 -0.0001272 0.0030084 -0.0021522 0.0129781 0.0023317 0.9999108
373.651398 -0.2469647 -0.0005080 0.0037736 -0.0011719 0.0156247 0.0029678 0.9998729
373.701393 -0.2509493 -0.0005807 0.0037408 -0.0010581 0.0145765 0.0027453 0.9998894
374.351330 -0.2967094 -0.0010013 0.0075488 -0.0026773 -0.0045746 0.0027313 0.9999822
374.551310 -0.3118718 -0.0006799 0.0094035 -0.0030656 -0.0152064 0.0022759 0.9998771
374.651301 -0.3183348 -0.0006604 0.0098853 -0.0038444 -0.0121075 0.0022519 0.9999168
375.201248 -0.3512311 -0.0006885 0.0097053 -0.0025105 0.0002029 0.0032959 0.9999914
375.601209 -0.3619221 -0.0007812 0.0097233 -0.0032833 0.0041621 0.0028791 0.9999818
376.551117 -0.3985755 -0.0008802 0.0118750 -0.0047096 0.0041865 0.0028938 0.9999760
376.751098 -0.4044921 -0.0008519 0.0123650 -0.0041991 0.0034123 0.0028058 0.9999815
377.601015 -0.4384830 -0.0014935 0.0136464 -0.0026230 0.0056679 0.0041963 0.9999717
378.200957 -0.4666123 -0.0015562 0.0125433 -0.0039614 0.0218022 0.0037910 0.9997473
378.700909 -0.4911484 -0.0016133 0.0134931 -0.0051701 0.0194443 0.0031449 0.9997926
378.900889 -0.5006424 -0.0016536 0.0137183 -0.0051990 0.0189717 0.0030525 0.9998018
379.050875 -0.5092796 -0.0019354 0.0135146 -0.0052519 0.0206065 0.0031020 0.9997691
379.250855 -0.5222391 -0.0019690 0.0132677 -0.0055092 0.0198758 0.0031299 0.9997824
379.350846 -0.5264246 -0.0021035 0.0134505 -0.0056244 0.0194703 0.0031080 0.9997898
379.600822 -0.5383390 -0.0023870 0.0133901 -0.0052335 0.0175845 0.0029345 0.9998274
380.100773 -0.5609354 -0.0025530 0.0152947 -0.0047844 0.0085771 0.0033338 0.9999462
380.200763 -0.5634730 -0.0023773 0.0159600 -0.0048740 0.0076525 0.0034718 0.9999529
380.300754 -0.5666828 -0.0021137 0.0162185 -0.0050905 0.0060422 0.0035931 0.9999623
380.600725 -0.5800839 -0.0025041 0.0174593 -0.0059650 0.0003872 0.0053759 0.9999677
381.100676 -0.6042823 -0.0029587 0.0181773 -0.0062890 -0.0086115 0.0101352 0.9998918
381.600628 -0.6231467 -0.0034044 0.0176010 -0.0137678 -0.0080957 0.0187244 0.9996971
381.800609 -0.6328603 -0.0049715 0.0153327 -0.0175776 -0.0127695 0.0393093 0.9989909
382.100580 -0.6537065 -0.0185905 0.0155765 -0.0057839 -0.0208902 0.0497831 0.9985248
382.200570 -0.6640338 -0.0228600 0.0175187 -0.0037251 -0.0169788 0.0469636 0.9987454
382.300560 -0.6750468 -0.0252334 0.0193317 -0.0044704 -0.0147636 0.0467586 0.9987871
382.500541 -0.6944435 -0.0251349 0.0230865 -0.0081021 -0.0073537 0.0424892 0.9990370
382.700521 -0.7145864 -0.0253906 0.0269572 -0.0047977 -0.0063488 0.0483792 0.9987974
382.800512 -0.7251551 -0.0263816 0.0301728 -0.0017692 -0.0048923 0.0463308 0.9989126
384.150381 -0.7561517 -0.0195671 0.0342761 0.0157713 -0.0388575 0.0705445 0.9966267
386.300173 -0.7556857 -0.0198519 0.0342120 0.0212847 -0.0439394 0.0706455 0.9963059
387.350071 -0.7559457 -0.0196061 0.0336788 0.0213921 -0.0437415 0.0703526 0.9963331
387.600047 -0.7559562 -0.0195211 0.0338698 0.0215241 -0.0437850 0.0703635 0.9963276
390.899728 -0.7559990 -0.0199211 0.0336779 0.0213073 -0.0439282 0.0704661 0.9963186
391.299689 -0.7560433 -0.0199246 0.0335918 0.0211619 -0.0438949 0.0706608 0.9963094
