369.201828 0.0000000 0.0000000 0.0000000 -0.0000000 -0.0000000 -0.0000000 1.0000000
369.601790 -0.0076651 -0.0000001 -0.0008179 -0.0010273 0.0077542 -0.0000879 0.9999694
369.651785 -0.0095265 0.0002065 -0.0006759 -0.0010164 0.0073772 0.0000581 0.9999723
369.701780 -0.0124022 0.0000617 -0.0005089 -0.0013618 0.0067586 -0.0000670 0.9999763
370.601693 -0.0615936 0.0003058 -0.0004139 -0.0017587 0.0103276 0.0010091 0.9999446
371.001654 -0.0760499 0.0000347 0.0007891 -0.0022863 0.0219690 0.0009995 0.9997556
371.301625 -0.0901610 0.0000879 0.0003829 -0.0023676 0.0245148 0.0011859 0.9996960
371.401615 -0.0954177 0.0001373 0.0005846 -0.0023431 0.0243811 0.0010465 0.9996995
371.801577 -0.1139891 0.0001735 0.0013716 -0.0022211 0.0199412 0.0016302 0.9997974
372.351523 -0.1355248 0.0001932 0.0024937 -0.0022083 0.0144567 0.0018205 0.9998915
373.151446 -0.1711479 -0.0001085 0.0022656 -0.0023709 0.0138253 0.0019189 0.9998998
373.601402 -0.1917700 -0.0001966 0.0027347 -0.0013972 0.0161078 0.0022664 0.9998667
373.651398 -0.1947295 -0.0003050 0.0028832 -0.0012656 0.0158215 0.0023449 0.9998713
374.251339 -0.2291282 -0.0003587 0.0053429 -0.0022737 0.0042839 0.0022628 0.9999857
374.751291 -0.2560698 -0.0004224 0.0074750 -0.0045556 -0.0054000 0.0011284 0.9999744
374.851281 -0.2598736 -0.0003815 0.0072792 -0.0038190 -0.0025042 0.0017545 0.9999881
375.601209 -0.2856594 -0.0005121 0.0072669 -0.0034477 0.0047718 0.0023536 0.9999799
375.851185 -0.2931251 -0.0005007 0.0082127 -0.0029263 0.0021944 0.0030204 0.9999887
376.351136 -0.3104196 -0.0006791 0.0093862 -0.0039035 -0.0014718 0.0025090 0.9999882
376.451126 -0.3121389 -0.0007321 0.0096518 -0.0045404 -0.0000476 0.0022212 0.9999872
376.801093 -0.3209260 -0.0006554 0.0097527 -0.0044878 0.0024328 0.0024598 0.9999840
377.850991 -0.3547042 -0.0010189 0.0098411 -0.0035184 0.0164089 0.0033399 0.9998536
378.050972 -0.3624619 -0.0009352 0.0099091 -0.0037411 0.0212448 0.0034491 0.9997614
378.150962 -0.3657509 -0.0009152 0.0098948 -0.0038150 0.0213309 0.0031943 0.9997601
378.900889 -0.3951382 -0.0010503 0.0107210 -0.0054045 0.0199267 0.0024466 0.9997839
379.000880 -0.3989801 -0.0008227 0.0105369 -0.0051503 0.0214907 0.0025824 0.9997525
379.250855 -0.4112450 -0.0012246 0.0106292 -0.0056680 0.0198486 0.0028364 0.9997829
379.350846 -0.4146167 -0.0013014 0.0104637 -0.0056267 0.0196167 0.0028702 0.9997876
379.600822 -0.4248095 -0.0013836 0.0103919 -0.0052807 0.0184595 0.0025434 0.9998124
379.900793 -0.4368962 -0.0014858 0.0107675 -0.0049666 0.0103799 0.0031868 0.9999287
380.400744 -0.4505283 -0.0014704 0.0125970 -0.0055903 0.0046752 0.0031977 0.9999683
381.050681 -0.4749767 -0.0018504 0.0140283 -0.0063681 -0.0062636 0.0090270 0.9999194
381.400647 -0.4857900 -0.0018924 0.0133878 -0.0096912 -0.0124174 0.0105903 0.9998199
381.600628 -0.4916315 -0.0020055 0.0131475 -0.0135367 -0.0073342 0.0181834 0.9997162
381.800609 -0.4995256 -0.0033490 0.0113686 -0.0174569 -0.0119189 0.0393487 0.9990020
382.000589 -0.5087923 -0.0088780 0.0101817 -0.0114365 -0.0184807 0.0503239 0.9984965
382.100580 -0.5155957 -0.0140641 0.0123763 -0.0057534 -0.0204503 0.0500121 0.9985226
382.300560 -0.5328454 -0.0194888 0.0151233 -0.0045650 -0.0138506 0.0468689 0.9987946
382.500541 -0.5478554 -0.0192869 0.0179159 -0.0082225 -0.0066225 0.0424443 0.9990430
382.600531 -0.5559620 -0.0188785 0.0199958 -0.0075664 -0.0074985 0.0450860 0.9989263
382.700521 -0.5637243 -0.0195069 0.0215232 -0.0048277 -0.0056710 0.0484003 0.9988003
382.800512 -0.5720075 -0.0207818 0.0233666 -0.0022192 -0.0041769 0.0461701 0.9989224
385.050294 -0.5951760 -0.0153528 0.0287765 0.0211669 -0.0433085 0.0701169 0.9963734
386.350168 -0.5958817 -0.0154956 0.0275684 0.0211089 -0.0431748 0.0701926 0.9963751
386.850120 -0.5957798 -0.0154674 0.0277577 0.0212098 -0.0432617 0.0702129 0.9963678
388.249984 -0.5957473 -0.0154966 0.0278127 0.0212956 -0.0431464 0.0704962 0.9963509
394.649365 -0.5964602 -0.0156156 0.0266101 0.0208930 -0.0425473 0.0698795 0.9964287
