369.201828 0.0000000 0.0000000 0.0000000 -0.0000000 -0.0000000 -0.0000000 1.0000000
369.601790 -0.0085261 0.0000878 -0.0007119 -0.0009044 0.0078889 -0.0000287 0.9999685
369.651785 -0.0104475 0.0001546 -0.0007276 -0.0009473 0.0074648 0.0000721 0.9999717
369.701780 -0.0135152 0.0001716 -0.0003376 -0.0011613 0.0067268 -0.0001230 0.9999767
370.501702 -0.0637479 0.0001532 -0.0007569 -0.0016497 0.0079103 0.0013097 0.9999665
371.101644 -0.0879093 0.0001542 0.0004548 -0.0022229 0.0223643 0.0008283 0.9997471
371.251630 -0.0959657 0.0001502 0.0004357 -0.0022150 0.0244551 0.0010796 0.9996979
371.301625 -0.0990313 -0.0001393 0.0004626 -0.0024793 0.0245232 0.0010817 0.9996956
371.801577 -0.1250289 -0.0000091 0.0018757 -0.0022114 0.0195427 0.0015714 0.9998053
372.951465 -0.1766716 -0.0004298 0.0027491 -0.0023644 0.0134689 0.0017775 0.9999049
373.301431 -0.1951763 -0.0003450 0.0036570 -0.0020548 0.0094111 0.0021335 0.9999514
373.751388 -0.2211331 -0.0005283 0.0033341 -0.0008917 0.0138180 0.0027212 0.9999005
373.901373 -0.2306937 -0.0004777 0.0054902 -0.0005077 0.0091083 0.0029012 0.9999542
374.251339 -0.2515968 -0.0006167 0.0062899 -0.0023122 0.0037005 0.0024741 0.9999874
374.451320 -0.2633472 -0.0004576 0.0068867 -0.0025905 -0.0115087 0.0020519 0.9999284
375.751194 -0.3179526 -0.0007189 0.0092728 -0.0032636 0.0042336 0.0026812 0.9999821
375.851185 -0.3213947 -0.0006914 0.0096248 -0.0027333 0.0013016 0.0030738 0.9999907
376.351136 -0.3396450 -0.0007558 0.0113561 -0.0035312 -0.0030557 0.0029463 0.9999847
377.251049 -0.3659760 -0.0011312 0.0096142 -0.0032072 0.0049500 0.0035545 0.9999763
377.751001 -0.3835573 -0.0012196 0.0116451 -0.0028726 0.0099897 0.0041113 0.9999375
377.850991 -0.3884010 -0.0012352 0.0111819 -0.0033325 0.0148980 0.0038881 0.9998759
378.250952 -0.4051022 -0.0011919 0.0109471 -0.0041375 0.0214484 0.0032968 0.9997560
378.950885 -0.4346371 -0.0011584 0.0119761 -0.0049573 0.0194141 0.0025935 0.9997959
379.050875 -0.4396378 -0.0013102 0.0119103 -0.0051091 0.0198022 0.0027283 0.9997872
379.150865 -0.4450597 -0.0013637 0.0113832 -0.0050894 0.0195409 0.0027845 0.9997922
379.400841 -0.4556285 -0.0015340 0.0116251 -0.0053429 0.0173736 0.0029310 0.9998305
379.850797 -0.4760984 -0.0016593 0.0122054 -0.0045630 0.0105098 0.0028608 0.9999303
380.050778 -0.4825097 -0.0017026 0.0131861 -0.0044064 0.0076090 0.0032015 0.9999563
380.150768 -0.4846928 -0.0018426 0.0131737 -0.0046936 0.0068184 0.0032722 0.9999604
380.500734 -0.4963484 -0.0021344 0.0139498 -0.0057902 -0.0002434 0.0041074 0.9999748
380.600725 -0.5003948 -0.0017796 0.0144807 -0.0059402 -0.0010605 0.0052784 0.9999679
381.000686 -0.5181687 -0.0022393 0.0147512 -0.0059774 -0.0084841 0.0082306 0.9999123
381.650623 -0.5398967 -0.0028088 0.0139345 -0.0145054 -0.0090540 0.0244718 0.9995543
381.750613 -0.5439329 -0.0033776 0.0131002 -0.0165826 -0.0133228 0.0382113 0.9990433
381.900599 -0.5505952 -0.0047811 0.0111286 -0.0152845 -0.0154012 0.0437852 0.9988053
382.000589 -0.5566804 -0.0097851 0.0110654 -0.0113599 -0.0207088 0.0508158 0.9984287
382.100580 -0.5644709 -0.0157968 0.0123338 -0.0059899 -0.0223553 0.0503313 0.9984644
382.250565 -0.5787226 -0.0208635 0.0138397 -0.0036584 -0.0161540 0.0459941 0.9988044
382.350555 -0.5878023 -0.0217622 0.0159055 -0.0058755 -0.0145280 0.0470027 0.9987718
382.550536 -0.6038129 -0.0206084 0.0186854 -0.0068448 -0.0084937 0.0431610 0.9990086
382.750517 -0.6214259 -0.0225045 0.0219253 -0.0030428 -0.0068073 0.0481988 0.9988099
382.850507 -0.6319436 -0.0225624 0.0248736 -0.0030078 -0.0067740 0.0450776 0.9989560
383.400454 -0.6532664 -0.0143624 0.0287400 -0.0126321 -0.0203636 0.0656803 0.9975530
385.050294 -0.6524032 -0.0168355 0.0283186 0.0209563 -0.0452994 0.0696451 0.9963224
386.850120 -0.6524406 -0.0165689 0.0271130 0.0212997 -0.0455408 0.0697860 0.9962943
390.949723 -0.6533092 -0.0171822 0.0269882 0.0208336 -0.0450710 0.0702672 0.9962917
391.249694 -0.6532670 -0.0170029 0.0266054 0.0209048 -0.0452273 0.0701770 0.9962895
394.899340 -0.6533182 -0.0171885 0.0267425 0.0207799 -0.0451158 0.0703148 0.9962874
