369.201828 0.0000000 0.0000000 0.0000000 -0.0000000 -0.0000000 -0.0000000 1.0000000
369.601790 -0.0086073 0.0002969 -0.0008607 -0.0007132 0.0078116 -0.0003386 0.9999692
369.651785 -0.0108537 0.0004905 -0.0008005 -0.0007561 0.0074087 -0.0000198 0.9999723
369.751775 -0.0165189 0.0003026 -0.0004533 -0.0015848 0.0080900 -0.0001011 0.9999660
370.701683 -0.0738085 0.0006667 -0.0002466 -0.0019163 0.0141825 0.0010831 0.9998970
370.801674 -0.0777125 0.0005036 0.0000052 -0.0021985 0.0163771 0.0008533 0.9998631
371.301625 -0.1014681 0.0006167 -0.0009567 -0.0022730 0.0239688 0.0014665 0.9997091
371.951562 -0.1350112 0.0007650 0.0007885 -0.0019205 0.0186113 0.0023320 0.9998223
372.101548 -0.1419200 0.0008692 0.0011979 -0.0018726 0.0160772 0.0024921 0.9998659
372.301528 -0.1509115 0.0004934 0.0021887 -0.0021491 0.0143245 0.0025558 0.9998918
372.851475 -0.1765095 0.0002977 0.0016413 -0.0020439 0.0150461 0.0026211 0.9998813
373.651398 -0.2206627 -0.0001003 0.0024899 -0.0011639 0.0153379 0.0030558 0.9998770
373.751388 -0.2280435 0.0001058 0.0026087 -0.0006577 0.0134665 0.0033959 0.9999033
373.851378 -0.2350758 -0.0001663 0.0033207 -0.0005620 0.0110269 0.0031769 0.9999340
374.301335 -0.2623153 -0.0000581 0.0050483 -0.0021763 0.0002219 0.0028187 0.9999936
374.351330 -0.2654568 -0.0001511 0.0053109 -0.0024153 -0.0049535 0.0029195 0.9999806
374.651301 -0.2847955 -0.0002942 0.0069460 -0.0038791 -0.0120654 0.0020392 0.9999176
375.401228 -0.3197169 -0.0005096 0.0072862 -0.0021080 -0.0016289 0.0031978 0.9999914
375.751194 -0.3291900 -0.0006270 0.0068123 -0.0035683 0.0043686 0.0027411 0.9999803
376.351136 -0.3522731 -0.0007823 0.0089217 -0.0038816 -0.0026028 0.0034413 0.9999832
376.451126 -0.3542229 -0.0005472 0.0090062 -0.0043241 -0.0010612 0.0030674 0.9999854
377.900986 -0.4055360 -0.0008363 0.0095972 -0.0034037 0.0176181 0.0040405 0.9998308
378.100967 -0.4138652 -0.0010039 0.0091918 -0.0038354 0.0204341 0.0037652 0.9997768
378.200957 -0.4182637 -0.0008534 0.0090592 -0.0040276 0.0214447 0.0040518 0.9997537
379.000880 -0.4537005 -0.0009561 0.0105561 -0.0050933 0.0208944 0.0029701 0.9997643
379.100870 -0.4594442 -0.0010688 0.0100148 -0.0051035 0.0206382 0.0032375 0.9997687
379.200860 -0.4648279 -0.0012136 0.0099389 -0.0052915 0.0199453 0.0027782 0.9997832
379.400841 -0.4736139 -0.0014437 0.0098413 -0.0056861 0.0184886 0.0027617 0.9998091
379.750807 -0.4902712 -0.0015085 0.0099399 -0.0049705 0.0144963 0.0030755 0.9998779
379.950788 -0.4984576 -0.0017732 0.0109572 -0.0048304 0.0090490 0.0033434 0.9999418
380.200763 -0.5049512 -0.0017201 0.0124384 -0.0049901 0.0072726 0.0033087 0.9999557
380.300754 -0.5080222 -0.0016488 0.0125107 -0.0053529 0.0057015 0.0033281 0.9999639
380.600725 -0.5206348 -0.0015878 0.0131327 -0.0060268 0.0002889 0.0052475 0.9999681
380.800705 -0.5316088 -0.0015551 0.0131488 -0.0056642 -0.0044883 0.0061321 0.9999551
381.000686 -0.5389556 -0.0018678 0.0134214 -0.0059592 -0.0071657 0.0079095 0.9999253
381.600628 -0.5592011 -0.0020997 0.0128148 -0.0135156 -0.0080305 0.0180838 0.9997129
381.700618 -0.5635037 -0.0033199 0.0119823 -0.0167135 -0.0098213 0.0332722 0.9992583
381.900599 -0.5723850 -0.0049501 0.0097306 -0.0155638 -0.0141744 0.0433852 0.9988366
382.100580 -0.5869629 -0.0161167 0.0110311 -0.0060277 -0.0209690 0.0501104 0.9985054
382.200570 -0.5965541 -0.0198965 0.0131205 -0.0038174 -0.0169745 0.0467413 0.9987555
382.300560 -0.6063510 -0.0218944 0.0145793 -0.0044666 -0.0147670 0.0465458 0.9987970
382.500541 -0.6236838 -0.0219290 0.0178359 -0.0081863 -0.0075598 0.0424415 0.9990368
382.600531 -0.6333597 -0.0212865 0.0199950 -0.0075491 -0.0081628 0.0449819 0.9989259
382.700521 -0.6419262 -0.0220455 0.0210948 -0.0049203 -0.0066014 0.0484447 0.9987920
382.800512 -0.6516165 -0.0234873 0.0239305 -0.0022612 -0.0050405 0.0461839 0.9989177
385.050294 -0.6787866 -0.0169526 0.0282509 0.0210986 -0.0438007 0.0698777 0.9963701
386.300173 -0.6793377 -0.0172258 0.0273827 0.0210816 -0.0438057 0.0700233 0.9963601
387.750033 -0.6792734 -0.0171461 0.0274451 0.0211324 -0.0435941 0.0696320 0.9963957
388.649945 -0.6795247 -0.0171598 0.0273286 0.0213154 -0.0437019 0.0699318 0.9963661
391.299689 -0.6795375 -0.0172067 0.0273274 0.0209984 -0.0438069 0.0698614 0.9963731
394.749355 -0.6795293 -0.0172545 0.0274493 0.0211131 -0.0439457 0.0699512 0.9963583
