369.201828 0.0000000 0.0000000 0.0000000 -0.0000000 -0.0000000 -0.0000000 1.0000000
369.601790 -0.0089726 0.0000354 -0.0008553 -0.0008418 0.0079594 -0.0001966 0.9999679
369.651785 -0.0112031 0.0000320 -0.0010582 -0.0010094 0.0075701 -0.0000050 0.9999709
369.701780 -0.0139948 0.0000610 -0.0008496 -0.0012532 0.0066249 0.0000083 0.9999773
370.701683 -0.0752494 0.0001494 -0.0005274 -0.0018594 0.0141313 0.0010478 0.9998979
370.951659 -0.0852980 0.0002966 -0.0002229 -0.0019668 0.0208216 0.0013265 0.9997804
371.651591 -0.1241821 0.0002868 0.0006623 -0.0019952 0.0185532 0.0020103 0.9998239
371.751582 -0.1288311 0.0002598 0.0009142 -0.0021545 0.0184744 0.0020366 0.9998249
372.201538 -0.1495455 0.0002727 0.0016699 -0.0021010 0.0154187 0.0023100 0.9998763
372.401519 -0.1590590 0.0002152 0.0027633 -0.0020790 0.0148361 0.0023899 0.9998850
373.151446 -0.1979212 0.0001482 0.0022840 -0.0019765 0.0138244 0.0023811 0.9998997
373.751388 -0.2330464 -0.0000109 0.0033835 -0.0005311 0.0141867 0.0029802 0.9998948
373.851378 -0.2399005 -0.0002745 0.0039641 -0.0004215 0.0116748 0.0029413 0.9999275
374.351330 -0.2715167 -0.0001560 0.0069902 -0.0021382 -0.0040356 0.0031138 0.9999847
374.401325 -0.2748434 -0.0003467 0.0067694 -0.0023549 -0.0075601 0.0024869 0.9999655
374.651301 -0.2910719 -0.0003324 0.0081865 -0.0037951 -0.0110258 0.0020399 0.9999300
374.751291 -0.2965908 -0.0002527 0.0081240 -0.0041786 -0.0053108 0.0018696 0.9999754
376.151156 -0.3517716 -0.0007707 0.0097630 -0.0033396 0.0009945 0.0032666 0.9999886
376.651107 -0.3670117 -0.0005401 0.0101153 -0.0044707 0.0065841 0.0029251 0.9999641
376.801093 -0.3723370 -0.0006691 0.0108771 -0.0041383 0.0030420 0.0028360 0.9999828
377.800996 -0.4092435 -0.0011873 0.0111069 -0.0030740 0.0146244 0.0038646 0.9998809
378.000976 -0.4184953 -0.0008065 0.0112483 -0.0034140 0.0215083 0.0036142 0.9997563
378.200957 -0.4269404 -0.0008122 0.0107242 -0.0038019 0.0228585 0.0035864 0.9997251
378.800899 -0.4540146 -0.0011243 0.0121527 -0.0050989 0.0202004 0.0028205 0.9997790
379.000880 -0.4626656 -0.0011181 0.0123510 -0.0051080 0.0220467 0.0027790 0.9997401
379.100870 -0.4687460 -0.0011219 0.0120884 -0.0049703 0.0219534 0.0028859 0.9997425
379.300851 -0.4787948 -0.0013810 0.0122570 -0.0052873 0.0203651 0.0029646 0.9997743
379.400841 -0.4832397 -0.0013566 0.0124260 -0.0051773 0.0199430 0.0030702 0.9997830
379.950788 -0.5082977 -0.0014213 0.0134792 -0.0042298 0.0103976 0.0036771 0.9999303
380.100773 -0.5128246 -0.0016737 0.0140892 -0.0044155 0.0096841 0.0035812 0.9999370
380.300754 -0.5179859 -0.0016534 0.0149738 -0.0051212 0.0070494 0.0037520 0.9999550
380.600725 -0.5306414 -0.0019239 0.0160791 -0.0059222 0.0015475 0.0059566 0.9999635
380.950691 -0.5478876 -0.0024784 0.0163146 -0.0057985 -0.0058715 0.0074497 0.9999382
381.050681 -0.5508217 -0.0023366 0.0175890 -0.0060344 -0.0054579 0.0097861 0.9999190
381.600628 -0.5699409 -0.0028704 0.0165046 -0.0135498 -0.0066516 0.0192658 0.9997005
381.900599 -0.5829731 -0.0054382 0.0136715 -0.0150785 -0.0127330 0.0439930 0.9988369
382.000589 -0.5896440 -0.0108631 0.0143153 -0.0111812 -0.0178556 0.0512784 0.9984621
382.150575 -0.6025327 -0.0191637 0.0170914 -0.0041994 -0.0174667 0.0485887 0.9986573
382.250565 -0.6118518 -0.0216894 0.0182371 -0.0031851 -0.0135673 0.0460180 0.9988434
382.350555 -0.6219103 -0.0230768 0.0210661 -0.0054888 -0.0116964 0.0474933 0.9987880
382.450546 -0.6304950 -0.0225208 0.0226630 -0.0081872 -0.0069723 0.0442539 0.9989625
382.550536 -0.6386629 -0.0225265 0.0244504 -0.0067915 -0.0056997 0.0439151 0.9989960
382.950497 -0.6770077 -0.0239506 0.0363585 -0.0053098 -0.0064449 0.0530450 0.9985572
383.500444 -0.6893880 -0.0172501 0.0394685 -0.0072933 -0.0167349 0.0677607 0.9975346
385.750226 -0.6895211 -0.0176217 0.0355737 0.0221133 -0.0424024 0.0704894 0.9963655
387.350071 -0.6898722 -0.0176707 0.0350157 0.0221763 -0.0421597 0.0703281 0.9963858
390.899728 -0.6895148 -0.0177406 0.0354921 0.0220749 -0.0427472 0.0708910 0.9963232
391.899631 -0.6894299 -0.0177216 0.0356195 0.0218250 -0.0426625 0.0709250 0.9963299
