369.201828 0.0000000 0.0000000 0.0000000 -0.0000000 -0.0000000 -0.0000000 1.0000000
369.601790 -0.0082802 0.0002306 -0.0008777 -0.0008053 0.0078597 -0.0002957 0.9999688
369.651785 -0.0099345 0.0005062 -0.0004218 -0.0006942 0.0071275 0.0000478 0.9999744
369.751775 -0.0157586 0.0002145 -0.0005052 -0.0016695 0.0081072 0.0000051 0.9999657
370.751678 -0.0718890 0.0001477 0.0007827 -0.0020425 0.0152607 0.0011519 0.9998809
371.101644 -0.0854588 0.0002233 0.0014973 -0.0020101 0.0219858 0.0008847 0.9997559
371.301625 -0.0958499 0.0004974 0.0007358 -0.0021072 0.0240246 0.0012383 0.9997084
371.901567 -0.1252033 0.0004591 0.0021625 -0.0019017 0.0193452 0.0018377 0.9998094
372.351523 -0.1441574 0.0005020 0.0034419 -0.0018549 0.0137049 0.0020365 0.9999023
372.551504 -0.1526982 0.0002623 0.0036352 -0.0022848 0.0153889 0.0019668 0.9998771
373.301431 -0.1891257 -0.0000395 0.0038625 -0.0018641 0.0088745 0.0019509 0.9999570
373.351427 -0.1916524 -0.0001429 0.0042999 -0.0018193 0.0084882 0.0021636 0.9999600
373.801383 -0.2175548 -0.0000337 0.0038712 -0.0004295 0.0120142 0.0024007 0.9999248
374.001364 -0.2297051 -0.0003043 0.0055475 -0.0011000 0.0052053 0.0022377 0.9999834
374.601306 -0.2648669 -0.0002676 0.0089746 -0.0032084 -0.0142408 0.0016309 0.9998922
374.701296 -0.2703515 -0.0002447 0.0087791 -0.0041213 -0.0091619 0.0013096 0.9999487
375.701199 -0.3074498 -0.0004162 0.0087789 -0.0032563 0.0044236 0.0024886 0.9999818
376.051165 -0.3200696 -0.0003853 0.0098114 -0.0029483 0.0000472 0.0028804 0.9999915
376.751098 -0.3404669 -0.0004620 0.0103587 -0.0041749 0.0030347 0.0022497 0.9999841
376.851088 -0.3434280 -0.0004858 0.0113320 -0.0039536 -0.0004727 0.0023961 0.9999892
377.850991 -0.3781859 -0.0007313 0.0104230 -0.0031252 0.0148845 0.0037150 0.9998775
378.050972 -0.3864692 -0.0008041 0.0105075 -0.0034739 0.0197787 0.0035144 0.9997922
378.750904 -0.4154121 -0.0007563 0.0111091 -0.0048780 0.0184348 0.0025343 0.9998149
378.850894 -0.4194660 -0.0007261 0.0111735 -0.0049930 0.0176322 0.0022498 0.9998296
379.100870 -0.4309791 -0.0007509 0.0102917 -0.0050040 0.0196438 0.0023548 0.9997917
379.300851 -0.4406319 -0.0009552 0.0102390 -0.0052068 0.0183501 0.0024220 0.9998152
379.400841 -0.4447740 -0.0010486 0.0104033 -0.0052626 0.0179673 0.0023553 0.9998220
379.900793 -0.4664860 -0.0012292 0.0110165 -0.0046299 0.0089919 0.0026080 0.9999455
380.100773 -0.4722986 -0.0012315 0.0114245 -0.0045946 0.0077363 0.0027018 0.9999559
380.550730 -0.4861605 -0.0015415 0.0131080 -0.0060122 -0.0006263 0.0041755 0.9999730
380.750710 -0.4964166 -0.0018761 0.0132948 -0.0062207 -0.0030223 0.0057991 0.9999593
381.200667 -0.5134606 -0.0019043 0.0141378 -0.0066199 -0.0146025 0.0096224 0.9998252
381.800609 -0.5340795 -0.0037592 0.0114759 -0.0179464 -0.0131416 0.0390579 0.9989894
381.900599 -0.5377280 -0.0047331 0.0108591 -0.0156427 -0.0148135 0.0435484 0.9988190
382.150575 -0.5559126 -0.0174064 0.0130028 -0.0046985 -0.0194968 0.0478989 0.9986508
382.250565 -0.5654270 -0.0202624 0.0139463 -0.0039172 -0.0152170 0.0455880 0.9988368
382.350555 -0.5740000 -0.0209549 0.0165641 -0.0058815 -0.0137500 0.0463515 0.9988132
382.450546 -0.5820448 -0.0205326 0.0178960 -0.0087448 -0.0090690 0.0431676 0.9989884
382.550536 -0.5900885 -0.0203886 0.0196937 -0.0072141 -0.0074235 0.0429335 0.9990243
382.750517 -0.6073509 -0.0215095 0.0229733 -0.0029499 -0.0056624 0.0476485 0.9988438
382.950497 -0.6257131 -0.0213525 0.0285812 -0.0059362 -0.0083458 0.0523300 0.9985774
386.350168 -0.6374053 -0.0166760 0.0284020 0.0209196 -0.0444098 0.0695598 0.9963692
386.700134 -0.6371889 -0.0164144 0.0282902 0.0210095 -0.0444780 0.0693907 0.9963761
389.199892 -0.6373613 -0.0166331 0.0287318 0.0211236 -0.0443091 0.0690168 0.9964072
391.049713 -0.6373670 -0.0167708 0.0290244 0.0210153 -0.0444759 0.0697437 0.9963514
396.799156 -0.6373999 -0.0168263 0.0290534 0.0209319 -0.0442161 0.0692927 0.9963962
