369.201828 0.0000000 0.0000000 0.0000000 -0.0000000 -0.0000000 -0.0000000 1.0000000
369.601790 -0.0088958 0.0003026 -0.0007176 -0.0007424 0.0082583 0.0000283 0.9999657
369.651785 -0.0105705 0.0004531 -0.0008510 -0.0008129 0.0076694 0.0002115 0.9999703
369.701780 -0.0131333 0.0000518 -0.0006493 -0.0013083 0.0066812 -0.0000192 0.9999768
370.301722 -0.0520808 0.0001799 -0.0017874 -0.0017658 0.0073111 0.0009203 0.9999713
370.751678 -0.0731386 -0.0000033 -0.0006027 -0.0022138 0.0157884 0.0012395 0.9998721
371.151640 -0.0894134 0.0002817 0.0000600 -0.0020790 0.0227454 0.0014813 0.9997380
371.251630 -0.0946305 0.0001326 -0.0002233 -0.0022824 0.0245408 0.0013949 0.9996952
371.851572 -0.1252388 0.0002194 0.0008730 -0.0021986 0.0199617 0.0023775 0.9997955
372.101548 -0.1364020 0.0003120 0.0013993 -0.0021048 0.0165587 0.0023427 0.9998580
372.251533 -0.1427892 0.0000999 0.0019932 -0.0023732 0.0151067 0.0023020 0.9998804
372.951465 -0.1750809 -0.0002347 0.0028158 -0.0022061 0.0139829 0.0022842 0.9998972
373.651398 -0.2119869 -0.0004088 0.0038398 -0.0011205 0.0159116 0.0029770 0.9998683
373.751388 -0.2189832 -0.0002692 0.0037137 -0.0006921 0.0141527 0.0031026 0.9998948
374.151349 -0.2437306 -0.0004012 0.0057836 -0.0021213 0.0066762 0.0028679 0.9999714
374.651301 -0.2731074 -0.0004398 0.0086368 -0.0037599 -0.0115314 0.0018972 0.9999247
374.751291 -0.2782738 -0.0003171 0.0087646 -0.0041321 -0.0057800 0.0019925 0.9999728
374.851281 -0.2825307 -0.0004673 0.0079937 -0.0035697 -0.0025659 0.0025400 0.9999871
375.751194 -0.3154666 -0.0006570 0.0090641 -0.0032598 0.0051051 0.0032106 0.9999765
376.151156 -0.3301517 -0.0006351 0.0103960 -0.0030690 0.0008050 0.0035794 0.9999886
376.551117 -0.3417736 -0.0006053 0.0108070 -0.0045448 0.0047673 0.0028928 0.9999741
378.100967 -0.3960539 -0.0012756 0.0109313 -0.0037072 0.0210861 0.0039803 0.9997629
378.200957 -0.4001064 -0.0009853 0.0107298 -0.0038368 0.0220525 0.0038351 0.9997421
378.650914 -0.4191790 -0.0011483 0.0114621 -0.0051005 0.0204137 0.0029395 0.9997743
378.750904 -0.4234530 -0.0011119 0.0114237 -0.0050051 0.0199840 0.0031385 0.9997829
379.050875 -0.4366649 -0.0015002 0.0115182 -0.0052783 0.0210864 0.0031540 0.9997588
379.250855 -0.4471185 -0.0013619 0.0115486 -0.0052598 0.0196600 0.0033745 0.9997872
379.350846 -0.4509217 -0.0016166 0.0110559 -0.0055270 0.0195255 0.0033875 0.9997883
379.600822 -0.4615918 -0.0018446 0.0111506 -0.0051731 0.0180372 0.0034001 0.9998181
380.150768 -0.4815677 -0.0019960 0.0131221 -0.0047390 0.0082413 0.0039064 0.9999472
380.250759 -0.4842694 -0.0017624 0.0137208 -0.0048837 0.0070080 0.0042302 0.9999546
380.450739 -0.4917180 -0.0015943 0.0140905 -0.0051144 0.0031946 0.0039378 0.9999741
380.550730 -0.4949680 -0.0018183 0.0144905 -0.0056580 0.0007922 0.0052310 0.9999700
381.050681 -0.5163699 -0.0022418 0.0150641 -0.0062538 -0.0064431 0.0097951 0.9999117
381.450642 -0.5294575 -0.0025547 0.0147247 -0.0103219 -0.0102543 0.0118527 0.9998239
381.850604 -0.5452865 -0.0043776 0.0120681 -0.0160243 -0.0116640 0.0412559 0.9989520
381.950594 -0.5500308 -0.0067693 0.0126437 -0.0147422 -0.0153513 0.0458500 0.9987216
382.150575 -0.5654426 -0.0179246 0.0141913 -0.0042783 -0.0183742 0.0488475 0.9986281
382.250565 -0.5747263 -0.0206150 0.0151517 -0.0034219 -0.0142328 0.0464347 0.9988140
382.450546 -0.5915459 -0.0211836 0.0192230 -0.0083051 -0.0081807 0.0443767 0.9989468
382.550536 -0.5993874 -0.0211717 0.0207110 -0.0070176 -0.0066371 0.0440325 0.9989834
382.750517 -0.6174099 -0.0219917 0.0236099 -0.0025542 -0.0047470 0.0489903 0.9987847
382.850507 -0.6276965 -0.0226409 0.0266176 -0.0029855 -0.0048172 0.0463561 0.9989089
384.350362 -0.6475130 -0.0170322 0.0304128 0.0209449 -0.0431230 0.0700656 0.9963897
385.050294 -0.6477322 -0.0169422 0.0305979 0.0212843 -0.0431575 0.0704251 0.9963557
387.350071 -0.6479955 -0.0169577 0.0297130 0.0215402 -0.0433867 0.0707211 0.9963193
388.449965 -0.6478696 -0.0171658 0.0301568 0.0213938 -0.0433371 0.0705898 0.9963340
392.549568 -0.6476581 -0.0170810 0.0298822 0.0214074 -0.0434299 0.0704199 0.9963416
