369.201828 0.0000000 0.0000000 0.0000000 -0.0000000 -0.0000000 -0.0000000 1.0000000
369.601790 -0.0089853 -0.0000893 -0.0006603 -0.0009397 0.0078482 -0.0000338 0.9999688
369.651785 -0.0116309 0.0001429 -0.0008886 -0.0009696 0.0077055 0.0002444 0.9999698
369.751775 -0.0172660 0.0000556 -0.0005081 -0.0017192 0.0082123 0.0000856 0.9999648
370.901664 -0.0854394 0.0002333 -0.0007927 -0.0023558 0.0202593 0.0007120 0.9997917
371.201635 -0.1001259 0.0000203 -0.0006660 -0.0023540 0.0237772 0.0010913 0.9997140
371.401615 -0.1127752 0.0000847 -0.0006169 -0.0025003 0.0246601 0.0010964 0.9996921
371.451611 -0.1159192 0.0000668 -0.0008861 -0.0026429 0.0238445 0.0010922 0.9997116
372.501509 -0.1674912 -0.0002950 0.0018395 -0.0027953 0.0155748 0.0018686 0.9998730
373.351427 -0.2132872 -0.0005059 0.0020322 -0.0022633 0.0097697 0.0022088 0.9999473
373.801383 -0.2427770 -0.0005668 0.0018727 -0.0009637 0.0136722 0.0025028 0.9999030
374.001364 -0.2559956 -0.0009006 0.0033973 -0.0016450 0.0067685 0.0024873 0.9999726
374.351330 -0.2784987 -0.0006848 0.0055331 -0.0028227 -0.0032995 0.0022943 0.9999880
374.551310 -0.2922531 -0.0009236 0.0069675 -0.0035440 -0.0142003 0.0019405 0.9998910
375.301238 -0.3337393 -0.0009902 0.0077261 -0.0026276 0.0001717 0.0029758 0.9999921
375.551214 -0.3378190 -0.0006966 0.0078134 -0.0033193 0.0026747 0.0028292 0.9999869
375.651204 -0.3408609 -0.0007306 0.0074355 -0.0035358 0.0060688 0.0030613 0.9999707
376.551117 -0.3740493 -0.0008666 0.0103810 -0.0049994 0.0059249 0.0023968 0.9999671
376.701102 -0.3781326 -0.0010746 0.0103105 -0.0048068 0.0059012 0.0026724 0.9999675
377.751001 -0.4166982 -0.0012878 0.0113744 -0.0030837 0.0124975 0.0041480 0.9999086
378.150962 -0.4351944 -0.0012796 0.0109357 -0.0038527 0.0224390 0.0035527 0.9997345
378.600918 -0.4566568 -0.0012943 0.0109964 -0.0056273 0.0223516 0.0028363 0.9997303
378.800899 -0.4653439 -0.0012566 0.0116643 -0.0052932 0.0204980 0.0028686 0.9997718
379.100870 -0.4809237 -0.0014999 0.0112500 -0.0054581 0.0224616 0.0029462 0.9997285
379.200860 -0.4864429 -0.0014760 0.0114352 -0.0054443 0.0216551 0.0029161 0.9997464
379.300851 -0.4913321 -0.0015887 0.0114279 -0.0055729 0.0209320 0.0028753 0.9997612
379.650817 -0.5077186 -0.0021520 0.0116577 -0.0055436 0.0181484 0.0029892 0.9998155
380.200763 -0.5284547 -0.0021918 0.0135711 -0.0052372 0.0092072 0.0031504 0.9999390
380.300754 -0.5315442 -0.0019875 0.0138777 -0.0055598 0.0076336 0.0032603 0.9999501
380.400744 -0.5362275 -0.0019423 0.0139239 -0.0056327 0.0058572 0.0034623 0.9999610
380.650720 -0.5468944 -0.0021253 0.0147713 -0.0063859 0.0016026 0.0058299 0.9999614
381.700618 -0.5892671 -0.0043640 0.0145104 -0.0172917 -0.0080154 0.0337116 0.9992499
381.800609 -0.5943344 -0.0043892 0.0136639 -0.0177474 -0.0106800 0.0392517 0.9990147
381.900599 -0.5987178 -0.0056865 0.0125663 -0.0156502 -0.0121566 0.0437850 0.9988444
382.200570 -0.6241255 -0.0215615 0.0158494 -0.0042019 -0.0145913 0.0475064 0.9987555
382.300560 -0.6338174 -0.0238559 0.0173158 -0.0051212 -0.0126070 0.0470626 0.9987993
382.400550 -0.6434187 -0.0237178 0.0203473 -0.0078783 -0.0092365 0.0468403 0.9988286
382.500541 -0.6517416 -0.0236055 0.0213959 -0.0084829 -0.0052979 0.0427030 0.9990377
382.600531 -0.6619372 -0.0229405 0.0240951 -0.0077872 -0.0058155 0.0452326 0.9989293
382.800512 -0.6810235 -0.0248668 0.0284994 -0.0022776 -0.0024834 0.0462586 0.9989238
383.000492 -0.7008122 -0.0241320 0.0310364 -0.0112650 -0.0061061 0.0548149 0.9984143
383.400454 -0.7104081 -0.0163864 0.0337989 -0.0129891 -0.0165456 0.0665323 0.9975625
386.300173 -0.7095916 -0.0179269 0.0332122 0.0215652 -0.0414051 0.0701674 0.9964423
387.050100 -0.7095842 -0.0178517 0.0326554 0.0216094 -0.0415769 0.0704437 0.9964146
388.449965 -0.7095597 -0.0182509 0.0329121 0.0214856 -0.0416309 0.0708404 0.9963869
390.899728 -0.7097133 -0.0184200 0.0324227 0.0213669 -0.0415227 0.0707074 0.9964035
391.749645 -0.7102165 -0.0181586 0.0318583 0.0213455 -0.0412240 0.0706938 0.9964173
