369.201828 0.0000000 0.0000000 0.0000000 -0.0000000 -0.0000000 -0.0000000 1.0000000
369.601790 -0.0075321 0.0000872 -0.0007995 -0.0008730 0.0078076 -0.0000544 0.9999691
369.651785 -0.0093898 0.0001408 -0.0009348 -0.0009731 0.0074654 0.0000262 0.9999717
369.701780 -0.0120192 0.0000558 -0.0006977 -0.0013124 0.0067536 -0.0000328 0.9999763
371.201635 -0.0843308 0.0001423 0.0001161 -0.0021848 0.0248216 0.0016882 0.9996881
371.401615 -0.0948183 0.0001731 0.0001551 -0.0022830 0.0256499 0.0018222 0.9996668
371.601596 -0.1044060 0.0001481 0.0005853 -0.0022358 0.0205334 0.0020216 0.9997846
372.201538 -0.1288409 0.0001991 0.0014863 -0.0022540 0.0171601 0.0025788 0.9998469
372.651494 -0.1462127 0.0001221 0.0015888 -0.0024726 0.0195929 0.0025840 0.9998016
373.151446 -0.1701526 -0.0000469 0.0016537 -0.0023200 0.0159314 0.0029635 0.9998660
373.451417 -0.1832418 -0.0001597 0.0023989 -0.0015716 0.0150039 0.0031753 0.9998811
373.751388 -0.2003727 -0.0004806 0.0026730 -0.0009572 0.0166738 0.0034672 0.9998546
373.851378 -0.2064182 -0.0005415 0.0030820 -0.0008188 0.0143223 0.0033955 0.9998913
374.251339 -0.2284899 -0.0007310 0.0047361 -0.0025208 0.0072989 0.0035366 0.9999639
374.351330 -0.2332012 -0.0007043 0.0052433 -0.0027052 -0.0011394 0.0035138 0.9999895
374.651301 -0.2504257 -0.0007918 0.0069051 -0.0041870 -0.0081535 0.0027526 0.9999542
375.551214 -0.2834326 -0.0009850 0.0068571 -0.0035328 0.0058341 0.0038643 0.9999693
375.701199 -0.2878097 -0.0009285 0.0068135 -0.0036586 0.0095647 0.0040046 0.9999396
376.351136 -0.3094921 -0.0011336 0.0082866 -0.0040084 0.0022647 0.0042930 0.9999802
376.501122 -0.3126119 -0.0009357 0.0090827 -0.0046163 0.0061239 0.0040656 0.9999623
377.850991 -0.3541543 -0.0015054 0.0096200 -0.0035495 0.0211011 0.0050473 0.9997583
378.150962 -0.3653498 -0.0013262 0.0101798 -0.0036713 0.0263355 0.0051161 0.9996334
378.500928 -0.3793503 -0.0014984 0.0103871 -0.0051646 0.0278955 0.0044606 0.9995876
378.800899 -0.3906960 -0.0016256 0.0114011 -0.0052428 0.0246965 0.0044877 0.9996712
379.100870 -0.4035740 -0.0018030 0.0111027 -0.0053307 0.0267540 0.0044790 0.9996178
379.300851 -0.4125134 -0.0019227 0.0114208 -0.0055880 0.0254999 0.0044652 0.9996493
379.400841 -0.4161717 -0.0022828 0.0115139 -0.0058921 0.0249920 0.0045521 0.9996600
380.000783 -0.4391043 -0.0023236 0.0133478 -0.0048713 0.0154359 0.0050507 0.9998563
380.200763 -0.4434662 -0.0023673 0.0143199 -0.0049974 0.0142266 0.0050228 0.9998737
380.400744 -0.4497446 -0.0024592 0.0149582 -0.0056421 0.0107665 0.0052770 0.9999122
380.450739 -0.4508862 -0.0026078 0.0150005 -0.0055486 0.0085790 0.0055794 0.9999322
381.550633 -0.4889564 -0.0034556 0.0166704 -0.0125970 -0.0009276 0.0174499 0.9997680
381.850604 -0.5005691 -0.0052915 0.0145038 -0.0161132 -0.0045903 0.0429784 0.9989355
381.950594 -0.5048008 -0.0077496 0.0148336 -0.0149339 -0.0085393 0.0479731 0.9987005
382.150575 -0.5191808 -0.0177614 0.0175552 -0.0045308 -0.0106991 0.0505835 0.9986523
382.250565 -0.5271696 -0.0198389 0.0190409 -0.0032248 -0.0067490 0.0478783 0.9988252
382.450546 -0.5424979 -0.0206010 0.0229965 -0.0083014 -0.0005005 0.0462973 0.9988931
382.550536 -0.5487254 -0.0206849 0.0249277 -0.0069034 0.0005569 0.0461195 0.9989119
382.750517 -0.5641811 -0.0228649 0.0303065 -0.0029345 0.0022230 0.0513176 0.9986756
382.850507 -0.5738453 -0.0222158 0.0317614 -0.0027198 0.0026445 0.0479109 0.9988444
383.650430 -0.5927004 -0.0152314 0.0364852 -0.0043571 -0.0092870 0.0710621 0.9974192
387.750033 -0.5923270 -0.0170390 0.0350993 0.0221485 -0.0354471 0.0719141 0.9965346
388.000008 -0.5922305 -0.0170171 0.0351875 0.0223363 -0.0356836 0.0721267 0.9965066
388.199989 -0.5922295 -0.0170133 0.0352698 0.0223266 -0.0355549 0.0721307 0.9965112
391.799640 -0.5922510 -0.0170148 0.0352299 0.0222485 -0.0357827 0.0719672 0.9965166
398.099030 -0.5925917 -0.0171085 0.0346529 0.0221275 -0.0355306 0.0721163 0.9965175
