369.201828 0.0000000 0.0000000 0.0000000 -0.0000000 -0.0000000 -0.0000000 1.0000000
369.601790 -0.0084859 0.0001186 -0.0007019 -0.0008083 0.0080023 -0.0002631 0.9999676
369.651785 -0.0103429 0.0002180 -0.0006809 -0.0008998 0.0073825 0.0001510 0.9999723
369.751775 -0.0158307 -0.0000260 -0.0003373 -0.0017907 0.0080853 -0.0000198 0.9999657
371.101644 -0.0869766 0.0002703 0.0001206 -0.0021004 0.0221264 0.0010695 0.9997524
371.201635 -0.0917394 0.0001301 -0.0003767 -0.0023196 0.0230747 0.0014192 0.9997301
371.301625 -0.0977067 0.0002205 -0.0002442 -0.0023518 0.0239505 0.0016966 0.9997090
372.301528 -0.1450830 0.0000204 0.0024149 -0.0023760 0.0141808 0.0020670 0.9998945
372.451514 -0.1516400 0.0001818 0.0023606 -0.0023582 0.0141910 0.0019851 0.9998946
372.951465 -0.1752295 -0.0001252 0.0018679 -0.0023376 0.0133370 0.0019103 0.9999065
373.751388 -0.2194554 -0.0003717 0.0027112 -0.0010390 0.0133634 0.0028412 0.9999061
373.851378 -0.2264194 -0.0005079 0.0034623 -0.0008562 0.0111130 0.0027295 0.9999342
373.901373 -0.2285906 -0.0002198 0.0039994 -0.0005276 0.0083656 0.0030320 0.9999603
374.201344 -0.2480442 -0.0005412 0.0049342 -0.0024880 0.0056438 0.0025288 0.9999778
374.601306 -0.2712907 -0.0003361 0.0079135 -0.0033044 -0.0140706 0.0020893 0.9998934
374.801286 -0.2821176 -0.0004067 0.0078063 -0.0040182 -0.0054935 0.0021571 0.9999745
375.051262 -0.2941523 -0.0006956 0.0074541 -0.0027826 0.0037017 0.0026772 0.9999857
375.601209 -0.3117745 -0.0007078 0.0080280 -0.0034296 0.0037012 0.0025536 0.9999840
375.751194 -0.3170246 -0.0006871 0.0083908 -0.0034483 0.0044004 0.0028074 0.9999804
377.751001 -0.3827422 -0.0008677 0.0110931 -0.0026868 0.0105178 0.0041022 0.9999327
377.850991 -0.3873658 -0.0009607 0.0102011 -0.0032554 0.0151717 0.0039446 0.9998719
378.150962 -0.3995816 -0.0008368 0.0101862 -0.0035232 0.0201000 0.0040230 0.9997837
378.750904 -0.4253853 -0.0011610 0.0109207 -0.0050671 0.0188281 0.0029372 0.9998056
378.850894 -0.4294457 -0.0013978 0.0111737 -0.0053576 0.0180512 0.0027744 0.9998189
379.000880 -0.4358142 -0.0010395 0.0107470 -0.0051305 0.0201038 0.0028553 0.9997807
379.100870 -0.4413011 -0.0009452 0.0105464 -0.0049384 0.0198493 0.0030208 0.9997863
379.400841 -0.4555330 -0.0014738 0.0104828 -0.0054486 0.0184383 0.0027836 0.9998113
379.850797 -0.4756151 -0.0017045 0.0113537 -0.0047443 0.0111851 0.0031602 0.9999212
380.100773 -0.4832685 -0.0018848 0.0121507 -0.0047882 0.0078513 0.0031732 0.9999527
380.200763 -0.4852366 -0.0017188 0.0130554 -0.0047690 0.0069289 0.0034052 0.9999589
380.300754 -0.4882268 -0.0015353 0.0132503 -0.0051457 0.0054900 0.0035291 0.9999655
380.950691 -0.5160727 -0.0023538 0.0146278 -0.0058475 -0.0078708 0.0070286 0.9999273
381.050681 -0.5187641 -0.0023239 0.0154279 -0.0062358 -0.0075255 0.0092372 0.9999096
381.600628 -0.5368388 -0.0023037 0.0146489 -0.0133554 -0.0088781 0.0182665 0.9997046
381.950594 -0.5522956 -0.0065648 0.0125176 -0.0146553 -0.0167835 0.0452582 0.9987268
382.050584 -0.5584474 -0.0123603 0.0124343 -0.0094535 -0.0218502 0.0521911 0.9983533
382.150575 -0.5681711 -0.0178969 0.0142228 -0.0043142 -0.0195888 0.0484723 0.9986231
382.250565 -0.5776688 -0.0205912 0.0153869 -0.0033982 -0.0154240 0.0459551 0.9988187
382.350555 -0.5867294 -0.0218812 0.0172843 -0.0058905 -0.0138783 0.0472011 0.9987717
382.450546 -0.5951392 -0.0213360 0.0192121 -0.0084986 -0.0091101 0.0440691 0.9989508
382.650526 -0.6121413 -0.0210599 0.0231096 -0.0061112 -0.0085517 0.0478877 0.9987974
382.750517 -0.6205829 -0.0230653 0.0242331 -0.0031817 -0.0061811 0.0489355 0.9987777
384.150381 -0.6505932 -0.0152679 0.0297455 0.0165920 -0.0405116 0.0699438 0.9965899
386.200183 -0.6512287 -0.0164660 0.0293536 0.0216403 -0.0448924 0.0705548 0.9962622
386.850120 -0.6511931 -0.0164460 0.0294248 0.0216786 -0.0449089 0.0701915 0.9962863
390.899728 -0.6517419 -0.0166258 0.0284991 0.0214588 -0.0447405 0.0708621 0.9962512
391.299689 -0.6520335 -0.0166808 0.0280122 0.0213421 -0.0446022 0.0708361 0.9962617
398.249016 -0.6520072 -0.0166748 0.0280640 0.0214989 -0.0446710 0.0709550 0.9962468
