369.201828 0.0000000 0.0000000 0.0000000 -0.0000000 -0.0000000 -0.0000000 1.0000000
369.601790 -0.0098213 0.0002074 -0.0009535 -0.0008567 0.0081522 -0.0000730 0.9999664
369.651785 -0.0116433 0.0006204 -0.0005701 -0.0007026 0.0074467 0.0001705 0.9999720
369.751775 -0.0180705 0.0001001 -0.0002776 -0.0017193 0.0082686 0.0001328 0.9999644
370.301722 -0.0587762 0.0004395 -0.0018283 -0.0015576 0.0074364 0.0012537 0.9999704
370.701683 -0.0797707 0.0003601 -0.0004599 -0.0020146 0.0146870 0.0012971 0.9998893
370.801674 -0.0839022 0.0004041 -0.0002109 -0.0022375 0.0169208 0.0011681 0.9998537
371.301625 -0.1099202 0.0004909 -0.0007350 -0.0023099 0.0248398 0.0016456 0.9996874
371.351620 -0.1128061 0.0004116 -0.0012552 -0.0024253 0.0249789 0.0016735 0.9996836
372.201538 -0.1583405 0.0005300 0.0008634 -0.0022378 0.0160141 0.0025926 0.9998659
372.851475 -0.1908437 0.0002302 0.0011731 -0.0021189 0.0162160 0.0025244 0.9998631
372.951465 -0.1971469 -0.0000528 0.0015380 -0.0022887 0.0147790 0.0024436 0.9998852
373.151446 -0.2096565 0.0003515 0.0014652 -0.0020841 0.0145883 0.0026004 0.9998881
373.751388 -0.2470736 -0.0002795 0.0020492 -0.0010055 0.0153540 0.0033447 0.9998760
374.151349 -0.2752554 -0.0003150 0.0043893 -0.0023795 0.0080989 0.0031144 0.9999595
374.651301 -0.3083292 -0.0005779 0.0066490 -0.0042296 -0.0098850 0.0022360 0.9999397
375.751194 -0.3566303 -0.0004810 0.0080354 -0.0033227 0.0069791 0.0037403 0.9999632
375.851185 -0.3606445 -0.0006910 0.0085996 -0.0029593 0.0040928 0.0041801 0.9999785
376.051165 -0.3690649 -0.0005812 0.0091557 -0.0031218 0.0030633 0.0043824 0.9999809
376.251146 -0.3775076 -0.0008707 0.0100616 -0.0035354 0.0008288 0.0039609 0.9999856
376.701102 -0.3910377 -0.0006221 0.0103715 -0.0045184 0.0071386 0.0038910 0.9999567
377.001073 -0.4001926 -0.0007843 0.0113103 -0.0033641 0.0026730 0.0041514 0.9999822
378.200957 -0.4527313 -0.0011990 0.0112969 -0.0040287 0.0247540 0.0046605 0.9996746
378.300947 -0.4573836 -0.0009066 0.0121072 -0.0039625 0.0255224 0.0044401 0.9996566
378.900889 -0.4855342 -0.0014902 0.0131597 -0.0051045 0.0221303 0.0038033 0.9997348
379.050875 -0.4937253 -0.0017981 0.0129091 -0.0052260 0.0236992 0.0038495 0.9996980
379.250855 -0.5061494 -0.0020391 0.0124389 -0.0056479 0.0227452 0.0041278 0.9997168
379.350846 -0.5105755 -0.0021035 0.0126894 -0.0056813 0.0227817 0.0039297 0.9997166
379.800802 -0.5325881 -0.0024750 0.0136009 -0.0050109 0.0164513 0.0043792 0.9998425
380.200763 -0.5460333 -0.0026084 0.0158584 -0.0050125 0.0108412 0.0044336 0.9999189
380.500734 -0.5579167 -0.0026812 0.0170652 -0.0056500 0.0047164 0.0051586 0.9999596
381.000686 -0.5826166 -0.0030264 0.0181813 -0.0059788 -0.0031876 0.0094518 0.9999324
381.350652 -0.5955842 -0.0032024 0.0188855 -0.0087886 -0.0093928 0.0111984 0.9998546
381.700618 -0.6087201 -0.0044287 0.0176439 -0.0163139 -0.0059818 0.0346708 0.9992478
381.800609 -0.6138484 -0.0048638 0.0168030 -0.0170965 -0.0086305 0.0405093 0.9989956
382.000589 -0.6251230 -0.0120312 0.0145914 -0.0113871 -0.0154211 0.0524638 0.9984388
382.100580 -0.6340864 -0.0185274 0.0171640 -0.0059207 -0.0167308 0.0516517 0.9985075
382.250565 -0.6493693 -0.0239305 0.0196714 -0.0033106 -0.0106264 0.0471241 0.9988270
382.350555 -0.6593240 -0.0252385 0.0218733 -0.0058801 -0.0091089 0.0484105 0.9987687
382.450546 -0.6686031 -0.0245160 0.0242829 -0.0083422 -0.0043670 0.0450858 0.9989387
382.650526 -0.6868829 -0.0249468 0.0290682 -0.0064016 -0.0039836 0.0490413 0.9987683
382.750517 -0.6970342 -0.0264701 0.0306445 -0.0028870 -0.0009380 0.0498145 0.9987539
382.850507 -0.7084709 -0.0265965 0.0339913 -0.0029106 -0.0009596 0.0468031 0.9988995
384.350362 -0.7312145 -0.0201753 0.0373664 0.0211395 -0.0391454 0.0715866 0.9964418
386.700134 -0.7315680 -0.0202893 0.0370594 0.0214888 -0.0392966 0.0715541 0.9964306
388.199989 -0.7313866 -0.0201602 0.0368877 0.0217409 -0.0395711 0.0716981 0.9964040
388.999911 -0.7312984 -0.0199502 0.0374355 0.0219111 -0.0395187 0.0712404 0.9964352
390.899728 -0.7312927 -0.0198013 0.0374205 0.0219912 -0.0395751 0.0714241 0.9964180
396.799156 -0.7314775 -0.0202329 0.0367327 0.0216217 -0.0395596 0.0716949 0.9964072
