369.201828 0.0000000 0.0000000 0.0000000 -0.0000000 -0.0000000 -0.0000000 1.0000000
369.601790 -0.0085597 0.0001953 -0.0007809 -0.0007604 0.0080594 -0.0000750 0.9999672
369.651785 -0.0101272 0.0002208 -0.0008142 -0.0008510 0.0074746 -0.0000844 0.9999717
369.701780 -0.0131202 0.0001080 -0.0009262 -0.0013198 0.0068044 -0.0000847 0.9999760
370.651688 -0.0677952 0.0002017 -0.0007854 -0.0018307 0.0127878 0.0012238 0.9999158
371.001654 -0.0807968 0.0003444 0.0000794 -0.0020005 0.0220744 0.0013554 0.9997534
371.251630 -0.0930450 0.0001817 -0.0006683 -0.0021634 0.0247820 0.0013599 0.9996896
371.351620 -0.0988808 0.0002673 -0.0006483 -0.0021776 0.0251357 0.0017087 0.9996802
372.251533 -0.1406033 0.0000320 0.0015109 -0.0022735 0.0159784 0.0023307 0.9998671
372.751485 -0.1616892 -0.0000193 0.0016266 -0.0022398 0.0181951 0.0023775 0.9998292
373.151446 -0.1833877 0.0001262 0.0022205 -0.0020149 0.0150417 0.0026507 0.9998813
373.601402 -0.2054794 -0.0000882 0.0023590 -0.0012348 0.0175205 0.0031640 0.9998407
373.751388 -0.2161084 -0.0005411 0.0027122 -0.0009125 0.0159364 0.0030284 0.9998680
374.551310 -0.2641240 -0.0006107 0.0068188 -0.0031424 -0.0126777 0.0024220 0.9999118
374.651301 -0.2693672 -0.0005964 0.0070966 -0.0039269 -0.0097362 0.0023634 0.9999421
375.651204 -0.3079911 -0.0006382 0.0069990 -0.0033631 0.0076393 0.0032931 0.9999598
375.751194 -0.3117302 -0.0007147 0.0078918 -0.0033783 0.0076299 0.0033423 0.9999596
375.851185 -0.3150303 -0.0006096 0.0082097 -0.0027476 0.0045650 0.0037178 0.9999789
376.451126 -0.3353661 -0.0006770 0.0096617 -0.0041536 0.0022885 0.0035710 0.9999824
376.601112 -0.3388164 -0.0008178 0.0099378 -0.0046389 0.0088491 0.0032385 0.9999449
377.950981 -0.3857478 -0.0011645 0.0103757 -0.0034197 0.0227958 0.0046936 0.9997233
378.550923 -0.4108170 -0.0013474 0.0105844 -0.0053620 0.0259103 0.0036597 0.9996432
378.650914 -0.4150568 -0.0012689 0.0108915 -0.0052276 0.0241852 0.0036055 0.9996873
379.000880 -0.4288628 -0.0013773 0.0113453 -0.0051318 0.0247642 0.0036757 0.9996734
379.150865 -0.4372867 -0.0013966 0.0111319 -0.0051698 0.0245666 0.0037319 0.9996779
379.250855 -0.4423345 -0.0014697 0.0114324 -0.0052300 0.0235246 0.0039464 0.9997018
379.800802 -0.4654114 -0.0018248 0.0117184 -0.0047201 0.0169726 0.0044810 0.9998348
379.950788 -0.4713899 -0.0020381 0.0119269 -0.0046383 0.0133671 0.0044855 0.9998899
380.200763 -0.4778782 -0.0020727 0.0132665 -0.0048430 0.0118367 0.0044343 0.9999084
380.300754 -0.4803046 -0.0019463 0.0134692 -0.0052375 0.0099014 0.0046093 0.9999266
381.050681 -0.5115128 -0.0024868 0.0152641 -0.0062736 -0.0019648 0.0109030 0.9999189
381.450642 -0.5239384 -0.0026381 0.0147516 -0.0103217 -0.0060175 0.0129193 0.9998452
381.600628 -0.5290479 -0.0028154 0.0144323 -0.0136238 -0.0032111 0.0201001 0.9997000
381.850604 -0.5399088 -0.0046322 0.0121357 -0.0159220 -0.0071173 0.0422045 0.9989568
381.950594 -0.5446016 -0.0072073 0.0128319 -0.0147297 -0.0109103 0.0471502 0.9987196
382.150575 -0.5599867 -0.0183812 0.0139104 -0.0045411 -0.0136432 0.0497248 0.9986594
382.250565 -0.5700942 -0.0215596 0.0150628 -0.0039637 -0.0090078 0.0475125 0.9988222
382.450546 -0.5861050 -0.0217111 0.0190081 -0.0087253 -0.0032753 0.0453349 0.9989284
382.600531 -0.5993921 -0.0214503 0.0222052 -0.0077071 -0.0022178 0.0467381 0.9988750
382.700521 -0.6070511 -0.0224173 0.0239432 -0.0051071 -0.0008394 0.0500115 0.9987352
382.800512 -0.6163663 -0.0230389 0.0260805 -0.0020441 0.0010184 0.0477111 0.9988586
385.750226 -0.6425405 -0.0172131 0.0306811 0.0218157 -0.0375395 0.0717618 0.9964764
386.850120 -0.6425700 -0.0171347 0.0303915 0.0219257 -0.0376999 0.0719033 0.9964577
387.550052 -0.6425667 -0.0171303 0.0303774 0.0218506 -0.0376060 0.0714765 0.9964936
388.199989 -0.6427184 -0.0169955 0.0299050 0.0220029 -0.0375209 0.0717598 0.9964731
391.249694 -0.6429233 -0.0170710 0.0300907 0.0218121 -0.0375993 0.0719988 0.9964571
392.649558 -0.6429358 -0.0170269 0.0299493 0.0218258 -0.0376271 0.0720496 0.9964521
