369.201828 0.0000000 0.0000000 0.0000000 -0.0000000 -0.0000000 -0.0000000 1.0000000
369.601790 -0.0069061 0.0000816 -0.0004791 -0.0008421 0.0077593 -0.0001680 0.9999695
369.651785 -0.0085712 0.0002448 -0.0005214 -0.0008292 0.0072411 0.0000614 0.9999734
369.701780 -0.0108886 0.0000125 -0.0004678 -0.0013356 0.0064137 -0.0001783 0.9999785
370.751678 -0.0602634 0.0000068 -0.0005149 -0.0021043 0.0147500 0.0009773 0.9998885
371.251630 -0.0787458 0.0001482 -0.0004675 -0.0022596 0.0238395 0.0010885 0.9997126
371.351620 -0.0834976 0.0001273 -0.0004628 -0.0023195 0.0238147 0.0012336 0.9997129
371.751582 -0.1008330 0.0001474 0.0005079 -0.0022581 0.0174531 0.0018831 0.9998434
372.051553 -0.1118824 0.0001940 0.0005282 -0.0021581 0.0163799 0.0020352 0.9998615
372.151543 -0.1157486 0.0001435 0.0008630 -0.0021194 0.0149292 0.0019218 0.9998845
373.651398 -0.1772949 -0.0002837 0.0021483 -0.0011208 0.0147057 0.0025156 0.9998881
373.751388 -0.1827159 -0.0002132 0.0024650 -0.0006355 0.0124615 0.0028231 0.9999182
374.101354 -0.2008878 -0.0003186 0.0034573 -0.0018847 0.0052195 0.0028104 0.9999807
374.301335 -0.2100533 -0.0003281 0.0044288 -0.0022007 -0.0008565 0.0021616 0.9999949
374.651301 -0.2284984 -0.0003153 0.0058952 -0.0038879 -0.0131092 0.0015459 0.9999053
375.551214 -0.2586385 -0.0004477 0.0057866 -0.0031703 0.0001384 0.0024236 0.9999921
375.651204 -0.2611765 -0.0002941 0.0055737 -0.0032913 0.0036767 0.0025959 0.9999844
376.151156 -0.2765488 -0.0004918 0.0070036 -0.0033345 -0.0010403 0.0026593 0.9999904
376.851088 -0.2934104 -0.0006027 0.0078285 -0.0041955 -0.0011433 0.0024118 0.9999877
377.751001 -0.3191183 -0.0007826 0.0083169 -0.0028078 0.0093529 0.0036902 0.9999455
377.850991 -0.3230408 -0.0008142 0.0075176 -0.0033636 0.0141048 0.0034459 0.9998890
378.100967 -0.3315426 -0.0008145 0.0078857 -0.0035951 0.0187348 0.0032933 0.9998126
378.750904 -0.3547906 -0.0008465 0.0079260 -0.0051623 0.0174882 0.0024410 0.9998308
378.850894 -0.3581588 -0.0007044 0.0081046 -0.0050908 0.0166694 0.0022288 0.9998456
378.950885 -0.3616645 -0.0007555 0.0076700 -0.0052035 0.0182364 0.0024923 0.9998171
379.150865 -0.3703438 -0.0007156 0.0074577 -0.0050707 0.0183714 0.0025540 0.9998151
379.350846 -0.3779693 -0.0010072 0.0072842 -0.0053982 0.0170702 0.0029237 0.9998355
379.950788 -0.3999082 -0.0013071 0.0078559 -0.0046892 0.0073641 0.0030606 0.9999572
380.100773 -0.4033061 -0.0013515 0.0081845 -0.0048283 0.0064867 0.0028787 0.9999632
380.200763 -0.4051879 -0.0013423 0.0087984 -0.0050752 0.0056902 0.0030658 0.9999663
380.300754 -0.4071712 -0.0012109 0.0088830 -0.0054216 0.0036757 0.0030346 0.9999740
380.650720 -0.4186677 -0.0010606 0.0092605 -0.0060834 -0.0026305 0.0053552 0.9999637
381.600628 -0.4482563 -0.0016849 0.0090728 -0.0135618 -0.0104047 0.0180220 0.9996915
381.700618 -0.4516765 -0.0024723 0.0084043 -0.0166340 -0.0121114 0.0331247 0.9992394
382.050584 -0.4664474 -0.0098430 0.0073229 -0.0095738 -0.0237016 0.0516248 0.9983394
382.150575 -0.4743995 -0.0144739 0.0084470 -0.0043168 -0.0212892 0.0477252 0.9986243
382.250565 -0.4822257 -0.0168559 0.0091289 -0.0035262 -0.0173377 0.0453655 0.9988137
382.350555 -0.4895718 -0.0177272 0.0110833 -0.0058013 -0.0158087 0.0465570 0.9987737
382.450546 -0.4969425 -0.0173206 0.0124986 -0.0085446 -0.0108231 0.0433522 0.9989647
382.550536 -0.5032514 -0.0170758 0.0138229 -0.0068921 -0.0096540 0.0429366 0.9990074
382.750517 -0.5185439 -0.0181234 0.0159232 -0.0028529 -0.0076015 0.0481440 0.9988074
382.850507 -0.5268825 -0.0185327 0.0184218 -0.0031772 -0.0078988 0.0451838 0.9989424
383.650430 -0.5445611 -0.0118859 0.0224519 -0.0053439 -0.0202600 0.0677667 0.9974812
387.350071 -0.5442572 -0.0135139 0.0212828 0.0214107 -0.0465187 0.0694609 0.9962695
387.550052 -0.5445216 -0.0135276 0.0213757 0.0212546 -0.0463260 0.0694152 0.9962850
388.149994 -0.5446042 -0.0135056 0.0211420 0.0214030 -0.0463303 0.0695323 0.9962734
396.799156 -0.5445942 -0.0138957 0.0208911 0.0211213 -0.0468651 0.0703626 0.9961961
