369.201828 0.0000000 0.0000000 0.0000000 -0.0000000 -0.0000000 -0.0000000 1.0000000
369.601790 -0.0095279 0.0000707 -0.0008304 -0.0009369 0.0077009 -0.0002512 0.9999699
369.701780 -0.0158340 -0.0001507 -0.0005772 -0.0014910 0.0068001 -0.0000069 0.9999758
369.901761 -0.0291978 0.0001445 -0.0002503 -0.0017929 0.0084288 0.0000324 0.9999629
370.301722 -0.0612217 0.0004950 -0.0006127 -0.0013879 0.0070431 0.0011513 0.9999736
370.701683 -0.0832920 -0.0000230 0.0009656 -0.0019493 0.0141499 0.0012359 0.9998972
371.451611 -0.1248820 -0.0001306 0.0007775 -0.0025559 0.0234848 0.0015198 0.9997198
371.851572 -0.1473082 -0.0000814 0.0023165 -0.0021929 0.0201310 0.0023302 0.9997922
372.301528 -0.1699349 -0.0001299 0.0042168 -0.0022092 0.0146920 0.0025337 0.9998865
372.451514 -0.1776993 0.0000509 0.0042580 -0.0021809 0.0146757 0.0025049 0.9998868
373.451417 -0.2351096 -0.0003195 0.0043807 -0.0013277 0.0126458 0.0028487 0.9999151
373.751388 -0.2569741 -0.0004047 0.0043591 -0.0006790 0.0142655 0.0032751 0.9998927
373.901373 -0.2681722 -0.0005148 0.0056757 -0.0003333 0.0094407 0.0033596 0.9999498
374.151349 -0.2860960 -0.0002959 0.0070367 -0.0019455 0.0066815 0.0032516 0.9999705
374.351330 -0.2990989 -0.0010301 0.0077341 -0.0026367 -0.0039796 0.0028213 0.9999846
374.451320 -0.3061611 -0.0009475 0.0083904 -0.0026433 -0.0108896 0.0026310 0.9999338
374.651301 -0.3206664 -0.0007489 0.0098562 -0.0037944 -0.0114058 0.0022223 0.9999253
374.751291 -0.3264200 -0.0007128 0.0100103 -0.0043029 -0.0059874 0.0021580 0.9999705
375.301238 -0.3582225 -0.0008524 0.0104814 -0.0020472 -0.0008100 0.0036011 0.9999911
376.001170 -0.3813492 -0.0009779 0.0109698 -0.0029365 -0.0003050 0.0034940 0.9999896
376.151156 -0.3875274 -0.0011589 0.0118470 -0.0032815 0.0006413 0.0034719 0.9999884
377.850991 -0.4531325 -0.0016098 0.0124021 -0.0032554 0.0163733 0.0041136 0.9998522
378.050972 -0.4630161 -0.0017976 0.0123354 -0.0036352 0.0212606 0.0040816 0.9997590
378.150962 -0.4672970 -0.0014882 0.0129167 -0.0035239 0.0213380 0.0040869 0.9997578
378.750904 -0.4978271 -0.0017972 0.0130718 -0.0050155 0.0201430 0.0032342 0.9997793
378.850894 -0.5022581 -0.0018076 0.0139017 -0.0050037 0.0191365 0.0029828 0.9997999
379.050875 -0.5127302 -0.0018889 0.0132827 -0.0050898 0.0208900 0.0032895 0.9997634
379.250855 -0.5257416 -0.0021280 0.0128192 -0.0056527 0.0201310 0.0030523 0.9997767
379.350846 -0.5300686 -0.0023275 0.0130565 -0.0057523 0.0199381 0.0029540 0.9997803
380.150768 -0.5659583 -0.0026450 0.0153681 -0.0049653 0.0086318 0.0033137 0.9999449
380.250759 -0.5691804 -0.0026956 0.0158174 -0.0053685 0.0074134 0.0036214 0.9999515
381.250662 -0.6176800 -0.0032243 0.0171065 -0.0077289 -0.0139784 0.0092421 0.9998298
381.350652 -0.6205433 -0.0030662 0.0168529 -0.0091622 -0.0119025 0.0100958 0.9998363
381.450642 -0.6233715 -0.0029297 0.0168125 -0.0104819 -0.0095898 0.0112256 0.9998361
381.800609 -0.6391801 -0.0048203 0.0142554 -0.0177353 -0.0114393 0.0390697 0.9990136
382.000589 -0.6504381 -0.0115101 0.0121626 -0.0114118 -0.0183929 0.0502902 0.9985000
382.100580 -0.6598580 -0.0187679 0.0147265 -0.0061419 -0.0200201 0.0505087 0.9985040
382.300560 -0.6816864 -0.0253364 0.0180101 -0.0048038 -0.0138711 0.0471342 0.9987807
382.550536 -0.7064865 -0.0249377 0.0224301 -0.0073618 -0.0061199 0.0436146 0.9990026
382.700521 -0.7221648 -0.0273545 0.0264939 -0.0060160 -0.0053772 0.0490093 0.9987657
382.850507 -0.7399439 -0.0261363 0.0288132 -0.0030875 -0.0041913 0.0457662 0.9989386
385.650236 -0.7646704 -0.0188699 0.0309762 0.0214082 -0.0423406 0.0702542 0.9964002
386.300173 -0.7650504 -0.0189434 0.0303418 0.0213548 -0.0421816 0.0703315 0.9964026
387.550052 -0.7648265 -0.0189514 0.0307679 0.0214063 -0.0423187 0.0700841 0.9964131
389.049907 -0.7650872 -0.0190219 0.0303571 0.0213158 -0.0420435 0.0701701 0.9964207
391.299689 -0.7652417 -0.0190672 0.0300574 0.0212118 -0.0422649 0.0703791 0.9963987
397.999040 -0.7653350 -0.0190333 0.0299155 0.0213158 -0.0421184 0.0696390 0.9964548
