369.201828 0.0000000 0.0000000 0.0000000 -0.0000000 -0.0000000 -0.0000000 1.0000000
369.601790 -0.0087036 0.0002884 -0.0009338 -0.0006992 0.0077717 -0.0000790 0.9999696
369.651785 -0.0107987 0.0002503 -0.0008053 -0.0008094 0.0074276 -0.0000737 0.9999721
369.901761 -0.0257898 0.0001174 -0.0007332 -0.0017542 0.0084523 -0.0002104 0.9999627
370.701683 -0.0750116 0.0005487 -0.0003780 -0.0016842 0.0148950 0.0010938 0.9998870
371.151640 -0.0943871 0.0001750 0.0001748 -0.0020185 0.0232872 0.0014790 0.9997257
371.301625 -0.1032497 0.0003753 -0.0004530 -0.0021112 0.0251005 0.0015483 0.9996815
371.801577 -0.1300112 0.0003794 0.0011995 -0.0019930 0.0202690 0.0020469 0.9997905
372.101548 -0.1441435 0.0002497 0.0019016 -0.0019472 0.0174834 0.0024914 0.9998422
372.501509 -0.1618692 0.0000430 0.0027567 -0.0022688 0.0160245 0.0022063 0.9998666
373.001461 -0.1875737 -0.0001917 0.0020696 -0.0020521 0.0150097 0.0025413 0.9998820
373.801383 -0.2340583 -0.0004895 0.0028801 -0.0006223 0.0140390 0.0031955 0.9998962
374.001364 -0.2470609 -0.0005927 0.0045558 -0.0010731 0.0072629 0.0035338 0.9999668
374.301335 -0.2651807 -0.0004176 0.0057054 -0.0020200 0.0022395 0.0032490 0.9999902
374.351330 -0.2683795 -0.0007235 0.0054247 -0.0025667 -0.0028264 0.0030450 0.9999881
374.651301 -0.2880833 -0.0006930 0.0084446 -0.0038421 -0.0100215 0.0025888 0.9999391
375.701199 -0.3312024 -0.0008836 0.0085539 -0.0034070 0.0076592 0.0035112 0.9999587
376.151156 -0.3483536 -0.0010116 0.0104501 -0.0032478 0.0026179 0.0040353 0.9999832
376.751098 -0.3664401 -0.0010533 0.0106408 -0.0042638 0.0060661 0.0037497 0.9999655
376.851088 -0.3697257 -0.0009974 0.0115157 -0.0039819 0.0029117 0.0037008 0.9999810
377.651010 -0.3981267 -0.0013836 0.0119472 -0.0027567 0.0099224 0.0047844 0.9999355
378.200957 -0.4219782 -0.0011606 0.0118643 -0.0035547 0.0241339 0.0047915 0.9996909
378.500928 -0.4360784 -0.0014240 0.0119285 -0.0048580 0.0251755 0.0039931 0.9996633
378.850894 -0.4512411 -0.0015509 0.0130675 -0.0049622 0.0215393 0.0037779 0.9997485
379.000880 -0.4577193 -0.0015319 0.0128751 -0.0048772 0.0237231 0.0040091 0.9996986
379.150865 -0.4670248 -0.0017372 0.0122558 -0.0050820 0.0237523 0.0039217 0.9996973
379.250855 -0.4725347 -0.0019221 0.0123296 -0.0055238 0.0228039 0.0037800 0.9997176
379.350846 -0.4764889 -0.0021438 0.0121561 -0.0055974 0.0225343 0.0038047 0.9997232
379.450836 -0.4812371 -0.0020763 0.0124944 -0.0054190 0.0222644 0.0041955 0.9997286
379.900793 -0.5019226 -0.0022593 0.0134802 -0.0045870 0.0133907 0.0043282 0.9998905
380.500734 -0.5212734 -0.0024926 0.0160056 -0.0053322 0.0048981 0.0050216 0.9999612
380.700715 -0.5307274 -0.0026469 0.0160912 -0.0060195 0.0029474 0.0070172 0.9999529
381.000686 -0.5438895 -0.0030707 0.0169136 -0.0060509 -0.0034512 0.0094343 0.9999312
381.400647 -0.5581387 -0.0032380 0.0172976 -0.0095183 -0.0089588 0.0118860 0.9998440
381.900599 -0.5778565 -0.0062885 0.0137264 -0.0153664 -0.0101955 0.0451170 0.9988115
382.000589 -0.5835100 -0.0110575 0.0137617 -0.0110037 -0.0155133 0.0518778 0.9984723
382.100580 -0.5921035 -0.0174251 0.0155545 -0.0058502 -0.0167913 0.0512265 0.9985288
382.300560 -0.6113733 -0.0231955 0.0192021 -0.0042737 -0.0106661 0.0480274 0.9987800
382.450546 -0.6244055 -0.0232929 0.0220781 -0.0085519 -0.0047524 0.0450081 0.9989387
382.550536 -0.6329135 -0.0233849 0.0237155 -0.0071303 -0.0031635 0.0447116 0.9989695
382.700521 -0.6460005 -0.0250948 0.0282598 -0.0053712 -0.0026586 0.0500514 0.9987287
382.850507 -0.6626846 -0.0242812 0.0296243 -0.0027856 -0.0009809 0.0466830 0.9989054
382.950497 -0.6718705 -0.0241010 0.0331452 -0.0059272 -0.0032247 0.0541566 0.9985097
385.750226 -0.6838880 -0.0177717 0.0321486 0.0220542 -0.0395061 0.0714325 0.9964187
386.000202 -0.6839410 -0.0177729 0.0320166 0.0220208 -0.0393424 0.0707702 0.9964732
386.700134 -0.6841593 -0.0178098 0.0317100 0.0219630 -0.0393269 0.0708221 0.9964714
391.049713 -0.6846618 -0.0179867 0.0307588 0.0215548 -0.0395940 0.0715425 0.9964183
396.599176 -0.6846353 -0.0179959 0.0308091 0.0215404 -0.0394480 0.0714715 0.9964295
