369.201828 0.0000000 0.0000000 0.0000000 -0.0000000 -0.0000000 -0.0000000 1.0000000
369.601790 -0.0082501 0.0001470 -0.0006413 -0.0008972 0.0077599 -0.0000151 0.9999695
369.651785 -0.0106040 0.0002274 -0.0006748 -0.0009696 0.0075765 0.0002191 0.9999708
369.751775 -0.0158187 0.0000638 -0.0003946 -0.0018469 0.0079685 0.0001196 0.9999666
370.301722 -0.0524928 0.0002841 -0.0012581 -0.0016852 0.0074909 0.0013152 0.9999697
370.651688 -0.0692246 0.0001726 -0.0004545 -0.0022023 0.0128660 0.0011652 0.9999142
370.751678 -0.0728623 0.0000719 0.0000441 -0.0023182 0.0155084 0.0012629 0.9998763
371.251630 -0.0949309 0.0001674 -0.0004884 -0.0025055 0.0246397 0.0016156 0.9996920
371.951562 -0.1302046 0.0003337 0.0013774 -0.0022390 0.0194085 0.0023489 0.9998063
372.501509 -0.1535904 0.0001311 0.0028963 -0.0025374 0.0152183 0.0023649 0.9998782
373.001461 -0.1780237 -0.0000174 0.0021843 -0.0023495 0.0141554 0.0022297 0.9998946
373.151446 -0.1862736 -0.0001654 0.0023817 -0.0024285 0.0140115 0.0026536 0.9998954
373.351427 -0.1956492 -0.0001471 0.0031134 -0.0020780 0.0094235 0.0027717 0.9999496
373.651398 -0.2120480 -0.0004663 0.0023767 -0.0015234 0.0163239 0.0028908 0.9998614
374.251339 -0.2498516 -0.0003677 0.0059860 -0.0022981 0.0047483 0.0032544 0.9999808
374.651301 -0.2736166 -0.0002462 0.0083995 -0.0037753 -0.0110083 0.0024907 0.9999292
374.751291 -0.2788269 -0.0003301 0.0082749 -0.0042937 -0.0051513 0.0025297 0.9999743
374.851281 -0.2831375 -0.0002666 0.0079818 -0.0036245 -0.0020208 0.0032566 0.9999861
375.601209 -0.3108286 -0.0004766 0.0086143 -0.0032090 0.0050571 0.0035683 0.9999757
376.751098 -0.3480974 -0.0007075 0.0100996 -0.0043010 0.0050686 0.0034443 0.9999720
376.851088 -0.3508289 -0.0008223 0.0109607 -0.0042586 0.0016074 0.0033144 0.9999841
377.351039 -0.3678293 -0.0010918 0.0099238 -0.0032840 0.0043734 0.0043841 0.9999754
377.850991 -0.3861969 -0.0011007 0.0113480 -0.0032599 0.0170179 0.0047427 0.9998387
378.200957 -0.4007789 -0.0010108 0.0112990 -0.0039216 0.0231217 0.0045515 0.9997146
378.850894 -0.4276669 -0.0012070 0.0129632 -0.0049586 0.0198993 0.0034576 0.9997838
379.050875 -0.4366908 -0.0012862 0.0123403 -0.0050276 0.0218990 0.0036558 0.9997409
379.150865 -0.4425412 -0.0013274 0.0121443 -0.0051330 0.0220201 0.0035134 0.9997382
379.250855 -0.4475184 -0.0013961 0.0115786 -0.0054102 0.0207293 0.0036774 0.9997637
379.350846 -0.4511697 -0.0017146 0.0118134 -0.0056955 0.0204518 0.0039544 0.9997668
379.450836 -0.4554097 -0.0015401 0.0120201 -0.0052771 0.0199924 0.0041379 0.9997777
380.000783 -0.4781996 -0.0018879 0.0131273 -0.0046060 0.0102262 0.0040909 0.9999288
380.300754 -0.4853889 -0.0019904 0.0142123 -0.0052916 0.0069293 0.0046419 0.9999512
380.400744 -0.4896074 -0.0016721 0.0143483 -0.0052604 0.0052350 0.0044681 0.9999625
380.500734 -0.4928662 -0.0017463 0.0147574 -0.0050778 0.0020092 0.0052607 0.9999713
381.350652 -0.5269660 -0.0023923 0.0162179 -0.0085947 -0.0116909 0.0113001 0.9998309
381.600628 -0.5343847 -0.0028004 0.0156633 -0.0134451 -0.0067600 0.0199553 0.9996876
381.800609 -0.5429508 -0.0042253 0.0135142 -0.0174325 -0.0113324 0.0407484 0.9989531
381.900599 -0.5467591 -0.0051898 0.0126348 -0.0150204 -0.0129351 0.0451152 0.9987851
382.150575 -0.5655208 -0.0182168 0.0149951 -0.0042357 -0.0172779 0.0495669 0.9986124
382.250565 -0.5739042 -0.0208149 0.0163186 -0.0032332 -0.0137413 0.0473180 0.9987801
382.450546 -0.5915134 -0.0214096 0.0204100 -0.0082012 -0.0071636 0.0451510 0.9989208
382.550536 -0.5992966 -0.0211514 0.0214172 -0.0067696 -0.0056039 0.0446034 0.9989661
382.750517 -0.6169649 -0.0220983 0.0253953 -0.0021342 -0.0037578 0.0498094 0.9987494
382.850507 -0.6278719 -0.0224896 0.0284076 -0.0024145 -0.0034801 0.0471244 0.9988801
386.950110 -0.6471306 -0.0174316 0.0314695 0.0217228 -0.0426192 0.0715951 0.9962861
387.350071 -0.6473369 -0.0173705 0.0311725 0.0218445 -0.0424646 0.0716288 0.9962876
388.199989 -0.6471643 -0.0172306 0.0309221 0.0220073 -0.0425092 0.0717637 0.9962724
388.799931 -0.6472750 -0.0173839 0.0310122 0.0216768 -0.0424214 0.0715687 0.9962974
390.899728 -0.6475185 -0.0171315 0.0314119 0.0220171 -0.0422436 0.0713697 0.9963118
392.899534 -0.6475524 -0.0170762 0.0306666 0.0218666 -0.0422815 0.0716941 0.9962901
