369.201828 0.0000000 0.0000000 0.0000000 -0.0000000 -0.0000000 -0.0000000 1.0000000
369.601790 -0.0089494 0.0003085 -0.0008220 -0.0007313 0.0078632 -0.0001770 0.9999688
369.651785 -0.0106665 0.0004875 -0.0008729 -0.0007122 0.0072715 -0.0000433 0.9999733
369.751775 -0.0166000 0.0002043 -0.0002851 -0.0016044 0.0079000 0.0000856 0.9999675
370.301722 -0.0549445 0.0001715 -0.0014987 -0.0017230 0.0069372 0.0012460 0.9999737
370.701683 -0.0753265 0.0003640 -0.0006298 -0.0020430 0.0144532 0.0013225 0.9998926
371.251630 -0.1005503 0.0004812 -0.0009861 -0.0022708 0.0244372 0.0018322 0.9996971
371.351620 -0.1071744 0.0003762 -0.0011260 -0.0024147 0.0249513 0.0017629 0.9996842
371.851572 -0.1338153 0.0004904 0.0003473 -0.0021428 0.0203830 0.0029225 0.9997857
372.251533 -0.1528138 0.0002427 0.0014661 -0.0023986 0.0157393 0.0028633 0.9998692
372.501509 -0.1644119 0.0003406 0.0016583 -0.0025009 0.0158943 0.0028658 0.9998665
372.851475 -0.1817711 -0.0000131 0.0014358 -0.0023589 0.0166242 0.0028688 0.9998549
373.751388 -0.2349920 -0.0005098 0.0020761 -0.0011394 0.0155574 0.0036337 0.9998717
373.801383 -0.2385772 -0.0006468 0.0020982 -0.0010296 0.0143770 0.0035350 0.9998899
374.301335 -0.2704999 -0.0006347 0.0046563 -0.0025764 0.0027884 0.0034064 0.9999870
374.351330 -0.2736897 -0.0005381 0.0055908 -0.0026064 -0.0023609 0.0034967 0.9999877
374.651301 -0.2938243 -0.0008086 0.0075163 -0.0041160 -0.0094530 0.0029331 0.9999425
375.801190 -0.3416306 -0.0010857 0.0078432 -0.0033829 0.0071485 0.0042876 0.9999596
376.001170 -0.3497117 -0.0010328 0.0086378 -0.0031976 0.0022644 0.0047146 0.9999812
376.551117 -0.3681949 -0.0011069 0.0102291 -0.0049989 0.0077192 0.0038090 0.9999505
376.801093 -0.3759308 -0.0016596 0.0069761 -0.0051713 0.0048963 0.0043748 0.9999651
377.401034 -0.3985342 -0.0017686 0.0111391 -0.0033578 0.0051530 0.0047821 0.9999697
377.651010 -0.4065213 -0.0017043 0.0123942 -0.0030428 0.0110016 0.0055612 0.9999194
378.200957 -0.4314224 -0.0018701 0.0123819 -0.0041546 0.0258818 0.0049021 0.9996444
378.600918 -0.4501316 -0.0018216 0.0136540 -0.0053532 0.0252836 0.0041566 0.9996573
379.000880 -0.4674191 -0.0019075 0.0148911 -0.0050353 0.0252702 0.0043407 0.9996586
379.100870 -0.4733457 -0.0020487 0.0144766 -0.0051096 0.0252742 0.0042759 0.9996583
379.400841 -0.4874974 -0.0022120 0.0150253 -0.0050104 0.0229631 0.0047189 0.9997126
379.950788 -0.5126177 -0.0027948 0.0171400 -0.0044131 0.0136893 0.0051274 0.9998834
380.100773 -0.5169808 -0.0028677 0.0181858 -0.0043861 0.0128434 0.0052518 0.9998941
380.200763 -0.5189357 -0.0028327 0.0190742 -0.0044834 0.0117989 0.0054718 0.9999053
380.400744 -0.5266844 -0.0029181 0.0197595 -0.0050011 0.0088901 0.0056115 0.9999322
380.500734 -0.5304555 -0.0029167 0.0205526 -0.0047611 0.0058662 0.0063536 0.9999513
380.800705 -0.5456092 -0.0032618 0.0222537 -0.0049637 0.0002145 0.0087626 0.9999493
381.400647 -0.5671322 -0.0040241 0.0240208 -0.0087124 -0.0080600 0.0131625 0.9998429
381.500638 -0.5697624 -0.0041004 0.0238711 -0.0105012 -0.0046772 0.0153255 0.9998165
381.900599 -0.5867795 -0.0072052 0.0214489 -0.0144663 -0.0092566 0.0462639 0.9987816
382.000589 -0.5924927 -0.0120572 0.0213989 -0.0102593 -0.0143996 0.0524013 0.9984696
382.100580 -0.6011682 -0.0183568 0.0243729 -0.0048808 -0.0155169 0.0523795 0.9984947
382.300560 -0.6194908 -0.0238613 0.0282261 -0.0032860 -0.0095070 0.0487174 0.9987620
382.550536 -0.6400593 -0.0241064 0.0343289 -0.0059210 -0.0023829 0.0457539 0.9989324
382.700521 -0.6486717 -0.0273120 0.0427294 -0.0046614 -0.0044007 0.0507590 0.9986904
382.800512 -0.6628626 -0.0259427 0.0409168 -0.0007795 -0.0000647 0.0482011 0.9988374
382.950497 -0.6787456 -0.0261124 0.0465956 -0.0045391 -0.0022941 0.0554963 0.9984459
383.050488 -0.6841518 -0.0236899 0.0444094 -0.0160431 -0.0022270 0.0566731 0.9982614
384.350362 -0.6903825 -0.0194882 0.0463930 0.0232808 -0.0382014 0.0719573 0.9964039
385.750226 -0.6907117 -0.0195293 0.0458421 0.0234505 -0.0381693 0.0719094 0.9964046
387.350071 -0.6907070 -0.0195275 0.0458404 0.0236532 -0.0383842 0.0719538 0.9963884
390.899728 -0.6906232 -0.0195833 0.0459548 0.0235062 -0.0387753 0.0720390 0.9963706
391.799640 -0.6905804 -0.0196137 0.0460167 0.0233884 -0.0387359 0.0721921 0.9963638
