1769553564.341277 0.0000000 0.0000000 0.0000000 -0.0000000 -0.0000000 -0.0000000 1.0000000
1769553564.441149 0.0000010 0.0000071 0.0003751 0.0007422 -0.0006025 0.0012009 0.9999989
1769553564.541248 0.0000096 0.0000168 0.0007627 0.0015740 -0.0018783 0.0024236 0.9999941
1769553564.591215 -0.0000055 0.0000246 0.0009541 0.0014722 -0.0015395 0.0017882 0.9999961
1769553564.641300 -0.0000012 0.0000391 0.0011630 -0.0012306 -0.0003514 0.0009923 0.9999987
1769553564.741265 0.0000152 0.0000299 0.0015582 0.0028722 0.0040877 0.0030528 0.9999829
1769553564.791189 0.0000394 0.0000538 0.0017633 -0.0008707 0.0094338 0.0025199 0.9999520
1769553564.892587 0.0001013 0.0000527 0.0021720 0.0015225 0.0203036 0.0034729 0.9997867
1769553564.941243 0.0001106 0.0000453 0.0023422 0.0013638 0.0246351 0.0030177 0.9996910
1769553565.091008 0.0001697 0.0000723 0.0029800 -0.0018371 0.0287882 0.0043978 0.9995742
1769553565.241223 0.0001916 0.0000833 0.0035906 -0.0006141 0.0307764 0.0034635 0.9995201
1769553565.341202 0.0002372 0.0001036 0.0040144 -0.0013325 0.0350363 0.0036090 0.9993787
1769553565.391122 0.0002659 0.0001113 0.0042364 -0.0028103 0.0395819 0.0028456 0.9992083
1769553565.441244 0.0003158 0.0000997 0.0044409 -0.0001743 0.0439867 0.0033873 0.9990264
1769553565.641212 0.0004177 0.0001414 0.0052913 -0.0045764 0.0514705 0.0035834 0.9986576
1769553565.792446 0.0004707 0.0001564 0.0059343 -0.0052069 0.0526825 0.0023183 0.9985951
1769553565.941190 0.0005423 0.0001684 0.0065632 -0.0018619 0.0546675 0.0019572 0.9985010
1769553566.041202 0.0006002 0.0001808 0.0069741 -0.0046894 0.0590191 0.0028455 0.9982418
1769553566.141189 0.0006922 0.0001676 0.0073899 0.0013006 0.0669899 0.0010505 0.9977522
1769553566.241178 0.0007669 0.0002050 0.0078312 -0.0043315 0.0705433 0.0023322 0.9974966
1769553566.341175 0.0008215 0.0002098 0.0082523 -0.0024540 0.0722508 0.0021543 0.9973812
1769553566.541083 0.0009283 0.0002274 0.0091034 -0.0027492 0.0734771 0.0015732 0.9972919
1769553566.641114 0.0010096 0.0002408 0.0095349 -0.0025658 0.0774342 0.0023259 0.9969915
1769553566.841129 0.0011417 0.0002658 0.0103780 -0.0034984 0.0797884 0.0026019 0.9968023
1769553567.041108 0.0012534 0.0002755 0.0112141 0.0002299 0.0797793 0.0006339 0.9968123
1769553567.141101 0.0013268 0.0002932 0.0116386 -0.0027218 0.0823339 0.0017607 0.9965996
1769553567.341079 0.0014982 0.0002874 0.0124827 0.0016714 0.0906756 0.0013181 0.9958782
1769553567.441085 0.0015764 0.0003122 0.0128943 -0.0028377 0.0918329 0.0012484 0.9957696
1769553567.491330 0.0016085 0.0002958 0.0131004 0.0026368 0.0920034 -0.0005111 0.9957551
1769553567.591000 0.0016895 0.0003188 0.0135272 -0.0005956 0.0926286 0.0012408 0.9956998
1769553567.741079 0.0018264 0.0003271 0.0141559 -0.0000573 0.0989994 0.0015189 0.9950863
1769553567.841090 0.0019448 0.0003329 0.0145525 0.0011451 0.1091048 0.0020482 0.9940275
1769553567.990896 0.0020973 0.0003494 0.0151819 -0.0014398 0.1134541 0.0015741 0.9935409
1769553568.141026 0.0022325 0.0003587 0.0157831 0.0009475 0.1158891 0.0010475 0.9932612
1769553568.391523 0.0024858 0.0003909 0.0168218 -0.0047466 0.1205674 0.0010680 0.9926932
1769553568.641001 0.0027306 0.0003982 0.0178182 -0.0008910 0.1246989 -0.0023530 0.9921915
1769553568.790918 0.0029003 0.0004114 0.0184317 0.0009786 0.1275115 -0.0009650 0.9918361
1769553568.941018 0.0030645 0.0004261 0.0190541 -0.0012944 0.1286515 0.0012331 0.9916883
1769553569.240961 0.0033672 0.0004524 0.0202839 -0.0014360 0.1287299 0.0002735 0.9916786
1769553569.540939 0.0036822 0.0004623 0.0215217 0.0024430 0.1288004 -0.0005980 0.9916674
1769553569.690828 0.0038311 0.0004771 0.0221414 0.0020486 0.1286092 -0.0012939 0.9916924
1769553569.992565 0.0041341 0.0005204 0.0233974 -0.0023004 0.1264211 -0.0001107 0.9919740
1769553570.191255 0.0043183 0.0005384 0.0242280 -0.0028441 0.1246097 -0.0015361 0.9922006
1769553570.340845 0.0044592 0.0005580 0.0248580 -0.0027402 0.1231918 -0.0013362 0.9923782
1769553570.640881 0.0047383 0.0005846 0.0261121 -0.0024232 0.1205997 -0.0012125 0.9926975
1769553570.796376 0.0048757 0.0006012 0.0267453 -0.0014071 0.1191945 -0.0007625 0.9928697
1769553570.990770 0.0050674 0.0006260 0.0275930 -0.0011054 0.1180726 0.0007782 0.9930041
1769553571.191457 0.0052665 0.0006822 0.0284294 -0.0069385 0.1173855 0.0011772 0.9930615
1769553571.390736 0.0054605 0.0007085 0.0292676 -0.0084549 0.1176450 0.0028335 0.9930157
1769553571.540806 0.0055964 0.0007250 0.0299093 -0.0070025 0.1164336 0.0014634 0.9931727
1769553571.790694 0.0058143 0.0007765 0.0309802 -0.0114737 0.1121683 0.0030284 0.9936184
1769553571.940795 0.0059269 0.0007831 0.0315872 -0.0063263 0.1081101 0.0021253 0.9941165
1769553572.090769 0.0060447 0.0007886 0.0322105 -0.0024811 0.1044103 0.0022153 0.9945288
1769553572.240694 0.0061509 0.0008058 0.0328437 -0.0019762 0.1030088 0.0005912 0.9946783
1769553572.490768 0.0063318 0.0008247 0.0338685 -0.0019996 0.0994128 0.0011424 0.9950436
1769553572.690755 0.0064741 0.0008440 0.0347035 -0.0018222 0.0965233 0.0014645 0.9953280
1769553573.440952 0.0069633 0.0009407 0.0378381 -0.0034697 0.0872629 0.0009177 0.9961789
1769553573.642438 0.0070896 0.0009380 0.0386620 -0.0027701 0.0849716 0.0000048 0.9963796
1769553573.890664 0.0072675 0.0009604 0.0397049 0.0001334 0.0887312 -0.0004853 0.9960555
1769553574.040637 0.0073733 0.0009632 0.0403122 0.0004898 0.0899962 -0.0007932 0.9959417
1769553574.240888 0.0075187 0.0009958 0.0411326 -0.0002528 0.0913991 -0.0006989 0.9958141
1769553574.440530 0.0076645 0.0010221 0.0419924 -0.0012884 0.0915468 0.0003312 0.9957999
1769553574.840494 0.0079639 0.0010436 0.0436431 -0.0019684 0.0922993 0.0013598 0.9957284
1769553575.090659 0.0081365 0.0010671 0.0446693 -0.0000698 0.0927410 0.0005929 0.9956901
1769553575.290587 0.0082876 0.0010968 0.0454890 -0.0019510 0.0927845 0.0019255 0.9956825
1769553575.490643 0.0084242 0.0011067 0.0462873 -0.0003527 0.0929177 0.0007597 0.9956735
1769553575.740518 0.0086335 0.0011206 0.0473303 0.0018004 0.0942451 0.0002175 0.9955474
1769553575.990513 0.0088170 0.0011547 0.0483413 0.0009077 0.0959143 0.0003899 0.9953891
1769553576.241020 0.0090190 0.0011490 0.0493418 0.0005263 0.0972263 0.0004127 0.9952621
1769553576.690512 0.0093697 0.0012093 0.0512251 -0.0028869 0.0966688 -0.0003775 0.9953123
1769553612.588031 0.0132196 0.0057627 0.1933561 -0.0188067 0.0550464 0.0060479 0.9982883
1769553613.338128 0.0137260 0.0058699 0.1968536 -0.0163967 0.0498530 0.0066985 0.9985995
1769553614.437961 0.0136197 0.0060013 0.2010674 -0.0140756 0.0476035 0.0050805 0.9987542
1769553614.737965 0.0136891 0.0060935 0.2022345 -0.0170048 0.0465976 0.0073217 0.9987422
1769553615.037897 0.0138143 0.0061986 0.2034414 -0.0156745 0.0469306 0.0072525 0.9987489
1769553616.887744 0.0141620 0.0066226 0.2108438 -0.0164591 0.0488876 0.0080884 0.9986359
1769553618.188760 0.0144613 0.0069277 0.2159949 -0.0118451 0.0494464 0.0063611 0.9986863
1769553622.087596 0.0156487 0.0075334 0.2317672 -0.0106660 0.0626930 0.0051292 0.9979627
1769553622.387595 0.0158340 0.0076342 0.2330960 -0.0194231 0.0629062 0.0048801 0.9978185
1769553623.337476 0.0163005 0.0078789 0.2372301 -0.0153799 0.0612736 0.0073375 0.9979755
1769553623.687311 0.0163606 0.0079043 0.2383804 -0.0172062 0.0572608 0.0079073 0.9981797
1769553623.987363 0.0164528 0.0079705 0.2396999 -0.0111391 0.0519834 0.0042905 0.9985766
1769553624.987284 0.0167549 0.0082071 0.2438570 -0.0162075 0.0476696 0.0071978 0.9987057
1769553625.787265 0.0169756 0.0083392 0.2470973 -0.0153505 0.0392462 0.0054773 0.9990966
1769553626.987266 0.0171794 0.0086329 0.2521243 -0.0134063 0.0287827 0.0095786 0.9994499
1769553628.487139 0.0170416 0.0088764 0.2569954 -0.0114124 0.0103586 0.0069598 0.9998570
