1764826405.679920912 174.000000000 179.651947021 2
1764826405.730061293 57.000000000 0.160018921 2
1764826405.779961824 59.000000000 0.013336182 2
1764826405.830049992 57.000000000 0.000427246 2
1764826405.879942656 50.000000000 0.046813965 2
1764826405.930034399 88.000000000 0.019561768 2
1764826405.980468512 165.000000000 0.031295776 2
1764826406.030053377 220.000000000 0.064407349 2
1764826406.079933167 242.000000000 0.004669189 2
1764826406.130056143 260.000000000 0.038955688 2
1764826406.179952621 285.000000000 0.006744385 2
1764826406.230061054 256.000000000 0.013504028 2
1764826406.280972481 285.000000000 0.037918091 2
1764826406.329990625 315.000000000 0.006423950 2
1764826406.379961252 281.000000000 0.086883545 2
1764826406.430056334 287.000000000 0.002716064 2
1764826406.479958296 299.000000000 0.095413208 2
1764826406.530052185 328.000000000 0.040161133 2
1764826406.579977512 297.000000000 0.031600952 2
1764826406.630146742 321.000000000 0.083282471 2
1764826406.679981709 329.000000000 0.038635254 2
1764826406.730094433 325.000000000 0.009185791 2
1764826406.780193329 333.000000000 0.081588745 2
1764826406.830051899 319.000000000 0.036254883 2
1764826406.880594254 320.000000000 0.042663574 2
1764826406.930043221 301.000000000 0.102615356 2
1764826406.979951859 338.000000000 0.093841553 2
1764826407.030116558 339.000000000 0.033355713 2
1764826407.080934048 306.000000000 0.046096802 2
1764826407.130058289 343.000000000 0.076339722 2
1764826407.181507349 341.000000000 0.031295776 2
1764826407.229971886 321.000000000 0.086563110 2
1764826407.280021429 315.000000000 0.052978516 2
1764826407.330103874 337.000000000 0.121734619 2
1764826407.379986286 325.000000000 0.007141113 2
1764826407.430088520 337.000000000 0.033279419 2
1764826407.479987383 366.000000000 0.043716431 2
1764826407.530087709 355.000000000 0.045486450 2
1764826407.580470085 352.000000000 0.049255371 2
1764826407.630063534 321.000000000 0.067886353 2
1764826407.679899931 360.000000000 0.042404175 2
1764826407.730071545 357.000000000 0.012496948 2
1764826407.784070969 333.000000000 0.026428223 2
1764826407.830038071 353.000000000 0.060516357 2
1764826407.880005360 322.000000000 0.018585205 2
1764826407.930078745 350.000000000 0.023635864 2
1764826407.979987860 326.000000000 0.031555176 2
1764826408.030040503 358.000000000 0.001434326 2
1764826408.079994917 342.000000000 0.043273926 2
1764826408.129920244 351.000000000 0.002014160 2
1764826408.180013418 328.000000000 0.015960693 2
1764826408.230046511 330.000000000 0.008209229 2
1764826408.279983521 362.000000000 0.002517700 2
1764826408.330075026 351.000000000 0.085357666 2
1764826408.379986286 358.000000000 0.036437988 2
1764826408.430134296 356.000000000 0.062973022 2
1764826408.480305433 352.000000000 0.170623779 2
1764826408.530090570 351.000000000 0.033279419 2
1764826408.580589533 349.000000000 0.070190430 2
1764826408.630060434 340.000000000 0.047119141 2
1764826408.679971218 322.000000000 0.031921387 2
1764826408.730050564 327.000000000 0.045196533 2
1764826408.780709982 307.000000000 0.014587402 2
1764826408.830065012 319.000000000 0.025512695 2
1764826408.879910946 321.000000000 0.010360718 2
1764826408.930068493 312.000000000 0.044540405 2
1764826408.984327078 324.000000000 0.010147095 2
1764826409.030075788 317.000000000 0.058822632 2
1764826409.080014944 312.000000000 0.010360718 2
1764826409.130075932 278.000000000 0.036499023 2
1764826409.179964304 306.000000000 0.011901855 2
1764826409.230087280 282.000000000 0.041198730 2
1764826409.284715414 301.000000000 0.074737549 2
1764826409.330065489 296.000000000 0.025711060 2
1764826409.380009890 328.000000000 0.039093018 2
1764826409.430072069 310.000000000 0.050430298 2
1764826409.479962111 236.000000000 0.027175903 2
1764826409.530094147 298.000000000 0.010437012 2
1764826409.580661535 319.000000000 0.072906494 2
1764826409.630215883 307.000000000 0.039428711 2
1764826409.679973841 312.000000000 0.017715454 2
1764826409.730074883 309.000000000 0.021728516 2
1764826409.781357288 315.000000000 0.043502808 2
1764826409.830091953 332.000000000 0.004089355 2
1764826409.883573294 326.000000000 0.066894531 2
1764826409.930069685 321.000000000 0.041183472 2
1764826409.979990005 275.000000000 0.079055786 2
1764826410.030075073 323.000000000 0.012695312 2
1764826410.080018282 321.000000000 0.025909424 2
1764826410.130082846 324.000000000 0.010299683 2
1764826410.180552721 309.000000000 0.002014160 2
1764826410.230067492 328.000000000 0.046035767 2
1764826410.279988289 310.000000000 0.028869629 2
1764826410.330085516 328.000000000 0.020080566 2
1764826410.380480051 308.000000000 0.030609131 2
1764826410.430117607 310.000000000 0.023147583 2
1764826410.485369205 330.000000000 0.017715454 2
1764826410.530066013 317.000000000 0.002838135 2
1764826410.580028057 301.000000000 0.033340454 2
1764826410.630062342 297.000000000 0.053359985 2
1764826410.679989815 308.000000000 0.002685547 2
1764826410.730079889 295.000000000 0.064102173 2
1764826410.780057430 301.000000000 0.195846558 2
1764826410.830077648 281.000000000 0.131179810 2
1764826410.879985094 214.000000000 0.222167969 2
1764826410.929972172 184.000000000 0.082748413 2
1764826410.980007410 176.000000000 0.000991821 2
1764826411.030160189 197.000000000 0.024398804 2
1764826411.079993010 184.000000000 0.048889160 2
1764826411.130080938 187.000000000 0.035293579 2
1764826411.180009127 171.000000000 0.068328857 2
1764826411.230100155 183.000000000 0.066070557 2
1764826411.281136751 194.000000000 0.164718628 2
1764826411.330147505 194.000000000 0.283432007 2
1764826411.380009413 186.000000000 0.154220581 2
1764826411.430105686 195.000000000 0.009857178 2
1764826411.479959726 202.000000000 0.165039062 2
1764826411.530085564 206.000000000 0.009567261 2
1764826411.580106497 201.000000000 176.104003906 2
1764826411.630163193 225.000000000 0.119561195 2
1764826411.681701660 209.000000000 176.397842407 2
1764826411.730066061 211.000000000 176.534164429 2
1764826411.780016184 221.000000000 0.007742286 2
1764826411.830101013 208.000000000 176.659133911 2
1764826411.881289959 210.000000000 0.072021484 2
1764826411.930088758 210.000000000 177.006301880 2
1764826411.979997396 222.000000000 177.316055298 2
1764826412.029975653 211.000000000 0.042205811 2
1764826412.080026150 231.000000000 177.573364258 2
1764826412.130133867 225.000000000 0.001734495 2
1764826412.184506416 204.000000000 177.604721069 2
1764826412.230088949 228.000000000 0.112991333 2
1764826412.280034781 239.000000000 0.030654907 2
1764826412.330117941 218.000000000 0.051147461 2
1764826412.380017757 223.000000000 0.113479614 2
1764826412.430103540 213.000000000 178.030227661 2
1764826412.480017185 236.000000000 178.025085449 2
1764826412.530120134 232.000000000 0.042098999 2
1764826412.579935312 246.000000000 0.057785034 2
1764826412.630102873 240.000000000 178.272659302 2
1764826412.680300951 263.000000000 178.240325928 2
1764826412.730129242 255.000000000 0.049682617 2
1764826412.780006170 237.000000000 178.241973877 2
1764826412.830103636 251.000000000 178.215957642 2
1764826412.881248236 243.000000000 0.038543701 2
1764826412.930118561 253.000000000 178.334838867 2
1764826412.980012655 236.000000000 0.002127171 2
1764826413.030110121 243.000000000 178.319747925 2
1764826413.080547571 239.000000000 0.034133911 2
1764826413.130063534 234.000000000 178.340850830 2
1764826413.180026770 254.000000000 178.241500854 2
1764826413.230121374 252.000000000 0.012222290 2
1764826413.280215502 248.000000000 178.168045044 2
1764826413.330119848 250.000000000 178.143981934 2
1764826413.380316019 241.000000000 0.000488281 2
1764826413.430113077 240.000000000 0.013977051 2
1764826413.480022669 244.000000000 0.014022827 2
1764826413.530112267 239.000000000 0.025848389 2
1764826413.580687523 236.000000000 0.065322876 2
1764826413.630115509 246.000000000 0.061706543 2
1764826413.681647301 237.000000000 0.063705444 2
1764826413.730107307 241.000000000 0.005355835 2
1764826413.780034781 262.000000000 0.039352417 2
1764826413.830132723 251.000000000 0.032272339 2
1764826413.880017519 279.000000000 0.055404663 2
1764826413.930117130 260.000000000 0.009567261 2
1764826413.980281830 269.000000000 0.013504028 2
1764826414.030132294 250.000000000 0.044143677 2
1764826414.080028534 256.000000000 0.012649536 2
1764826414.130135059 247.000000000 0.048355103 2
1764826414.180002451 258.000000000 0.012985229 2
1764826414.230136395 249.000000000 0.110671997 2
1764826414.280191183 231.000000000 0.000976562 2
1764826414.330084324 251.000000000 0.048080444 2
1764826414.380009651 251.000000000 0.021881104 2
1764826414.430129051 222.000000000 0.052627563 2
1764826414.480263233 228.000000000 0.032852173 2
1764826414.530107498 220.000000000 0.030471802 2
1764826414.579977512 215.000000000 0.013214111 2
1764826414.630122185 229.000000000 0.046188354 2
1764826414.679941416 215.000000000 0.031433105 2
1764826414.730114698 218.000000000 0.051620483 2
1764826414.780030966 224.000000000 0.015228271 2
1764826414.830104589 228.000000000 0.072357178 2
1764826414.880056620 234.000000000 0.075729370 2
1764826414.930127621 236.000000000 0.011611938 2
1764826414.983792782 245.000000000 0.089675903 2
1764826415.030115604 237.000000000 0.049163818 2
1764826415.080059290 228.000000000 0.040115356 2
1764826415.130135536 220.000000000 0.037246704 2
1764826415.180059671 218.000000000 0.011260986 2
1764826415.230149984 221.000000000 0.072082520 2
1764826415.281086445 231.000000000 0.031204224 2
1764826415.330108881 211.000000000 0.037292480 2
1764826415.380028248 223.000000000 0.107025146 2
1764826415.430121183 219.000000000 0.043029785 2
1764826415.480485201 213.000000000 0.080398560 2
1764826415.530137777 232.000000000 0.010726929 2
1764826415.580571651 219.000000000 0.015106201 2
1764826415.630131721 217.000000000 0.059005737 2
1764826415.680685282 216.000000000 0.005752563 2
1764826415.730135918 229.000000000 0.037826538 2
1764826415.780044794 222.000000000 0.013092041 2
1764826415.830137968 210.000000000 0.025588989 2
1764826415.879999399 239.000000000 0.030380249 2
1764826415.930143833 225.000000000 0.084594727 2
1764826415.980254412 217.000000000 0.073059082 2
1764826416.030136585 250.000000000 0.027709961 2
1764826416.079970121 239.000000000 0.038543701 2
1764826416.130149603 228.000000000 0.029190063 2
1764826416.180001974 235.000000000 0.047637939 2
1764826416.230128527 226.000000000 0.015640259 2
1764826416.280823708 257.000000000 0.022613525 2
1764826416.330149174 247.000000000 0.068283081 2
1764826416.381470919 245.000000000 0.019943237 2
1764826416.430200100 241.000000000 0.031784058 2
1764826416.480057955 251.000000000 0.057388306 2
1764826416.530131817 260.000000000 0.061294556 2
1764826416.580027580 254.000000000 0.095779419 2
1764826416.630130529 245.000000000 0.023284912 2
1764826416.680037022 257.000000000 0.054138184 2
1764826416.730154276 233.000000000 0.047363281 2
1764826416.780759811 241.000000000 0.029846191 2
1764826416.830161572 244.000000000 0.034194946 2
1764826416.880807400 238.000000000 0.031280518 2
1764826416.930113554 250.000000000 0.047531128 2
1764826416.979994774 240.000000000 0.013320923 2
1764826417.030106783 239.000000000 0.010833740 2
1764826417.080335617 249.000000000 0.093322754 2
1764826417.130126476 252.000000000 0.016357422 2
1764826417.179965734 246.000000000 0.181716919 2
1764826417.230144739 238.000000000 0.040847778 2
1764826417.279950380 253.000000000 0.003402710 2
1764826417.330192089 240.000000000 0.049819946 2
1764826417.380014896 248.000000000 0.119705200 2
1764826417.430141687 249.000000000 0.007507324 2
1764826417.481459379 239.000000000 0.077423096 2
1764826417.530140638 242.000000000 0.059738159 2
1764826417.580016375 272.000000000 0.049087524 2
1764826417.630133867 257.000000000 0.026123047 2
1764826417.679967165 255.000000000 0.126937866 2
1764826417.730104923 264.000000000 0.001708984 2
1764826417.781281471 250.000000000 0.013534546 2
1764826417.830131531 281.000000000 0.052139282 2
1764826417.880080223 253.000000000 0.047042847 2
1764826417.930165768 245.000000000 0.027618408 2
1764826417.980406761 241.000000000 0.031265259 2
1764826418.030169964 255.000000000 0.081375122 2
1764826418.080041409 263.000000000 0.017501831 2
1764826418.130127430 250.000000000 0.067520142 2
1764826418.180042505 247.000000000 0.072875977 2
1764826418.230138063 254.000000000 0.031417847 2
1764826418.280023575 246.000000000 0.010955811 2
1764826418.330121040 238.000000000 0.076950073 2
1764826418.380017519 229.000000000 0.022766113 2
1764826418.430154324 254.000000000 0.018127441 2
1764826418.483538151 247.000000000 0.002014160 2
1764826418.530107975 235.000000000 0.049057007 2
1764826418.580044270 235.000000000 0.000473022 2
1764826418.630137920 237.000000000 0.012329102 2
1764826418.680010319 231.000000000 0.078628540 2
1764826418.730139017 231.000000000 0.007232666 2
1764826418.780403852 247.000000000 0.029052734 2
1764826418.830131769 241.000000000 0.013839722 2
1764826418.880021334 236.000000000 0.050674438 2
1764826418.930138350 252.000000000 0.015991211 2
1764826418.980460644 232.000000000 0.003784180 2
1764826419.030142307 234.000000000 0.045761108 2
1764826419.080023527 245.000000000 0.010574341 2
1764826419.130156279 246.000000000 0.022476196 2
1764826419.181082010 232.000000000 0.071609497 2
1764826419.230156660 244.000000000 0.035491943 2
1764826419.281853676 261.000000000 0.065780640 2
1764826419.330136061 232.000000000 0.057937622 2
1764826419.380089283 254.000000000 0.081192017 2
1764826419.430146456 245.000000000 0.008819580 2
1764826419.480020523 236.000000000 0.068695068 2
1764826419.530175924 252.000000000 0.065750122 2
1764826419.582391977 253.000000000 0.066528320 2
1764826419.630120993 245.000000000 0.070129395 2
1764826419.680017471 237.000000000 0.003311157 2
1764826419.730158567 256.000000000 0.062835693 2
1764826419.780162573 240.000000000 0.021621704 2
1764826419.830208778 240.000000000 0.052108765 2
1764826419.880000591 252.000000000 0.041564941 2
1764826419.930132151 256.000000000 0.102706909 2
1764826419.982974291 243.000000000 0.125106812 2
1764826420.030139446 234.000000000 0.037750244 2
1764826420.080048323 247.000000000 0.110153198 2
1764826420.130154133 234.000000000 0.009384155 2
1764826420.179973841 226.000000000 0.043472290 2
1764826420.230148315 241.000000000 0.061187744 2
1764826420.281458139 221.000000000 0.003128052 2
1764826420.330115795 240.000000000 0.021926880 2
1764826420.380037785 225.000000000 0.000381470 2
1764826420.430124283 231.000000000 0.042419434 2
1764826420.480185270 225.000000000 0.023773193 2
1764826420.530133247 226.000000000 0.047546387 2
1764826420.580044270 217.000000000 0.033874512 2
1764826420.630056858 217.000000000 0.011260986 2
1764826420.679992437 221.000000000 0.065612793 2
1764826420.730134964 242.000000000 0.069580078 2
1764826420.780060768 226.000000000 0.010818481 2
1764826420.830152988 223.000000000 0.037429810 2
1764826420.880525827 231.000000000 0.067077637 2
1764826420.930161476 226.000000000 0.017547607 2
1764826420.980030060 227.000000000 0.019409180 2
1764826421.030226469 230.000000000 0.023132324 2
1764826421.080035210 245.000000000 0.073898315 2
1764826421.130155325 228.000000000 0.102127075 2
1764826421.180830002 236.000000000 0.022293091 2
1764826421.230151892 241.000000000 0.018280029 2
1764826421.280049324 231.000000000 0.147125244 2
1764826421.330163002 266.000000000 0.213745117 2
1764826421.381195784 262.000000000 0.302627563 2
1764826421.430130959 255.000000000 0.730911255 2
1764826421.480068922 242.000000000 0.531753540 2
1764826421.530165434 248.000000000 0.299240112 2
1764826421.579948187 254.000000000 0.193420410 2
1764826421.630142689 249.000000000 0.030258179 2
1764826421.680061102 276.000000000 0.137908936 2
1764826421.730143070 255.000000000 0.036270142 2
1764826421.780955553 258.000000000 0.018981934 2
1764826421.830171108 254.000000000 0.108032227 2
1764826421.880048037 252.000000000 0.014221191 2
1764826421.930140018 252.000000000 0.062103271 2
1764826421.980136395 258.000000000 0.034210205 2
1764826422.030140162 243.000000000 0.152877808 2
1764826422.080038309 263.000000000 0.147125244 2
1764826422.130159616 265.000000000 0.127059937 2
1764826422.179986954 250.000000000 0.083206177 2
1764826422.230139494 247.000000000 0.031463623 2
1764826422.280017138 250.000000000 0.064666748 2
1764826422.330164671 249.000000000 0.021850586 2
1764826422.380049944 246.000000000 0.058456421 2
1764826422.430196047 275.000000000 0.018432617 2
1764826422.481104851 261.000000000 0.028686523 2
1764826422.530140400 247.000000000 0.089828491 2
1764826422.580055714 257.000000000 0.183151245 2
1764826422.630148411 229.000000000 0.248306274 2
1764826422.679986000 245.000000000 0.080078125 2
1764826422.730151176 270.000000000 0.017700195 2
1764826422.780025482 244.000000000 0.111389160 2
1764826422.830195189 270.000000000 0.023727417 2
1764826422.881225586 253.000000000 0.020172119 2
1764826422.930157900 269.000000000 0.055969238 2
1764826422.982104540 252.000000000 0.032714844 2
1764826423.030210972 247.000000000 0.092559814 2
1764826423.080071688 234.000000000 0.020935059 2
1764826423.130153656 244.000000000 0.107315063 2
1764826423.180141449 240.000000000 0.111312866 2
1764826423.230167866 263.000000000 0.010787964 2
1764826423.280059576 261.000000000 0.113220215 2
1764826423.330159187 261.000000000 0.033767700 2
1764826423.381080627 242.000000000 0.017028809 2
1764826423.430194378 255.000000000 0.091354370 2
1764826423.481027126 250.000000000 0.038726807 2
1764826423.530136585 260.000000000 177.262878418 2
1764826423.580159903 245.000000000 177.407958984 2
1764826423.630133390 261.000000000 0.058349609 2
1764826423.680123568 256.000000000 177.603576660 2
1764826423.730176210 259.000000000 0.044826746 2
1764826423.780065298 255.000000000 0.035473228 2
1764826423.830179214 265.000000000 0.046772718 2
1764826423.880953074 252.000000000 0.065582752 2
1764826423.930173874 258.000000000 0.062732577 2
1764826423.980055332 255.000000000 177.603683472 2
1764826424.030176401 264.000000000 0.052551270 2
1764826424.081912756 255.000000000 0.019226074 2
1764826424.130170584 256.000000000 0.031661987 2
1764826424.180058002 238.000000000 0.018875122 2
1764826424.230199099 249.000000000 0.023712158 2
1764826424.283051014 240.000000000 0.039245605 2
1764826424.330167055 248.000000000 0.041946411 2
1764826424.380079508 245.000000000 0.076980591 2
1764826424.430176258 258.000000000 0.123474121 2
1764826424.480028868 255.000000000 0.247756958 2
1764826424.530176401 244.000000000 0.169021606 2
1764826424.580195665 246.000000000 0.026580811 2
1764826424.630184650 241.000000000 0.021163940 2
1764826424.683679819 244.000000000 0.113357544 2
1764826424.730163574 256.000000000 0.015075684 2
1764826424.780104160 247.000000000 0.017059326 2
1764826424.830191851 259.000000000 0.079284668 2
1764826424.880144119 245.000000000 0.024429321 2
1764826424.930198669 262.000000000 0.022766113 2
1764826424.980120659 275.000000000 0.023437500 2
1764826425.030190706 259.000000000 0.029937744 2
1764826425.080111980 266.000000000 0.006744385 2
1764826425.130156517 277.000000000 0.038726807 2
1764826425.180087328 277.000000000 0.045944214 2
1764826425.230196476 253.000000000 0.016967773 2
1764826425.281453133 272.000000000 0.000762939 2
1764826425.330200672 276.000000000 0.063781738 2
1764826425.383013725 241.000000000 0.066360474 2
1764826425.430170059 249.000000000 174.928604126 2
1764826425.480119705 266.000000000 174.865447998 2
1764826425.530238628 253.000000000 0.121017456 2
1764826425.580305338 251.000000000 0.029800415 2
1764826425.630217075 271.000000000 0.036163330 2
1764826425.680292606 271.000000000 0.099487305 2
1764826425.730199814 256.000000000 0.019348145 2
1764826425.780829668 267.000000000 174.219284058 2
1764826425.830253363 269.000000000 174.171539307 2
1764826425.880581617 262.000000000 0.008682251 2
1764826425.930212498 246.000000000 0.056076050 2
1764826425.980087280 234.000000000 0.062103271 2
1764826426.030206919 238.000000000 0.055252075 2
1764826426.080889225 245.000000000 0.048400879 2
1764826426.130194664 229.000000000 0.012512207 2
1764826426.182500362 232.000000000 0.004852295 2
1764826426.230176449 227.000000000 0.005126953 2
1764826426.280846357 232.000000000 0.007125854 2
1764826426.330171824 232.000000000 0.044433594 2
1764826426.380091906 234.000000000 0.060577393 2
1764826426.430183172 233.000000000 0.020553589 2
1764826426.480074644 236.000000000 0.000091553 2
1764826426.530206442 224.000000000 0.052947998 2
1764826426.582851887 204.000000000 0.006072998 2
1764826426.630178928 224.000000000 0.055435181 2
1764826426.680107832 209.000000000 0.049575806 2
1764826426.730195999 212.000000000 0.059356689 2
1764826426.780040503 210.000000000 0.035095215 2
1764826426.830208302 224.000000000 0.007095337 2
1764826426.881941795 220.000000000 0.035293579 2
1764826426.930171251 221.000000000 0.007232666 2
1764826426.980107069 217.000000000 0.018371582 2
1764826427.030219078 223.000000000 0.039337158 2
1764826427.081151485 233.000000000 0.014450073 2
1764826427.130198479 233.000000000 0.073989868 2
1764826427.180104971 224.000000000 0.023727417 2
1764826427.230203629 228.000000000 0.066131592 2
1764826427.282471180 223.000000000 0.045883179 2
1764826427.330217361 232.000000000 0.004348755 2
1764826427.380843163 225.000000000 0.044616699 2
1764826427.430305719 233.000000000 0.004028320 2
1764826427.480073214 239.000000000 0.025634766 2
1764826427.530226707 213.000000000 0.000900269 2
1764826427.580106974 236.000000000 0.072418213 2
1764826427.630176544 224.000000000 0.015411377 2
1764826427.680041552 228.000000000 0.007476807 2
1764826427.730197668 213.000000000 0.065856934 2
1764826427.780734777 206.000000000 0.049743652 2
1764826427.830190420 226.000000000 0.008483887 2
1764826427.880111217 218.000000000 0.078231812 2
1764826427.930189610 219.000000000 0.003295898 2
1764826427.980085850 249.000000000 0.034225464 2
1764826428.030212402 233.000000000 0.052673340 2
1764826428.081393957 210.000000000 0.084655762 2
1764826428.130233765 218.000000000 0.031097412 2
1764826428.180046558 216.000000000 0.072433472 2
1764826428.230212927 202.000000000 0.050125122 2
1764826428.280052185 224.000000000 0.042999268 2
1764826428.330222607 220.000000000 0.039901733 2
1764826428.380420923 212.000000000 0.105499268 2
1764826428.430156946 204.000000000 0.073043823 2
1764826428.480206251 220.000000000 0.086868286 2
1764826428.530148983 223.000000000 0.001876831 2
1764826428.580263853 206.000000000 0.031188965 2
1764826428.630120277 226.000000000 0.034378052 2
1764826428.680186987 216.000000000 0.021835327 2
1764826428.730589628 226.000000000 0.031768799 2
1764826428.780191422 254.000000000 0.027633667 2
1764826428.830094576 230.000000000 0.083557129 2
1764826428.880184889 215.000000000 0.046493530 2
1764826428.930256128 238.000000000 0.024932861 2
1764826428.992711306 219.000000000 0.102722168 2
1764826429.030132771 224.000000000 0.011886597 2
1764826429.080215216 243.000000000 0.066970825 2
1764826429.130110979 219.000000000 0.034545898 2
1764826429.180207968 229.000000000 0.086929321 2
1764826429.230154276 216.000000000 0.038833618 2
1764826429.280210257 220.000000000 0.058181763 2
1764826429.330150604 239.000000000 0.026748657 2
1764826429.380254745 213.000000000 0.161773682 2
1764826429.430294752 226.000000000 0.244049072 2
1764826429.480249882 221.000000000 0.143585205 2
1764826429.530118704 233.000000000 0.133407593 2
1764826429.580218554 244.000000000 0.009262085 2
1764826429.630074739 232.000000000 0.032226562 2
1764826429.680262804 237.000000000 171.003356934 2
1764826429.732766867 220.000000000 170.981384277 2
1764826429.780252457 227.000000000 0.064208984 2
1764826429.830164194 203.000000000 0.070327759 2
1764826429.880223274 199.000000000 0.356948853 2
1764826429.934706926 221.000000000 0.388595581 2
1764826429.980222225 227.000000000 172.928176880 2
1764826430.062850714 223.000000000 173.215316772 2
1764826430.090520144 245.000000000 0.004104614 2
1764826430.130151272 214.000000000 0.089126587 2
1764826430.180225134 221.000000000 0.052795410 2
1764826430.230144024 214.000000000 0.004638672 2
1764826430.280236483 226.000000000 0.048950195 2
1764826430.330815315 221.000000000 0.027923584 2
1764826430.380216360 210.000000000 0.000991821 2
1764826430.430140734 231.000000000 0.170211792 2
1764826430.480229616 243.000000000 0.083724976 2
1764826430.530121565 211.000000000 0.165206909 2
1764826430.580233574 209.000000000 0.013977051 2
1764826430.630481482 214.000000000 0.069015503 2
1764826430.680274963 227.000000000 0.056365967 2
1764826430.734093666 208.000000000 0.074096680 2
1764826430.780188560 191.000000000 0.069091797 2
1764826430.830411673 209.000000000 0.025512695 2
1764826430.894828558 195.000000000 0.153091431 2
1764826430.930140972 197.000000000 0.294265747 2
1764826430.980314016 209.000000000 0.173706055 2
1764826431.031122684 194.000000000 0.009201050 2
1764826431.080246687 220.000000000 0.022476196 2
1764826431.130122185 198.000000000 0.097427368 2
1764826431.180220127 243.000000000 0.047973633 2
1764826431.230071545 241.000000000 0.015411377 2
1764826431.280388355 225.000000000 0.066680908 2
1764826431.330472946 231.000000000 0.011108398 2
1764826431.380207777 219.000000000 0.013671875 2
1764826431.430110455 211.000000000 0.033203125 2
1764826431.480235338 249.000000000 0.017486572 2
1764826431.530121803 241.000000000 0.103057861 2
1764826431.580238104 244.000000000 176.935272217 2
1764826431.630522728 237.000000000 177.039016724 2
1764826431.680233955 247.000000000 0.116806030 2
1764826431.731880903 237.000000000 177.356491089 2
1764826431.780249357 254.000000000 0.044834495 2
1764826431.830174446 234.000000000 177.434463501 2
1764826431.880250454 223.000000000 0.051834106 2
1764826431.930727959 230.000000000 177.455078125 2
1764826431.980246544 227.000000000 177.375396729 2
1764826432.030129433 233.000000000 0.023284912 2
1764826432.080221653 243.000000000 177.359771729 2
1764826432.130163431 230.000000000 177.270202637 2
1764826432.180230379 239.000000000 0.107315063 2
1764826432.230155230 220.000000000 0.002304077 2
1764826432.280241013 239.000000000 177.440429688 2
1764826432.331292391 230.000000000 177.380310059 2
1764826432.380233765 225.000000000 0.046707153 2
1764826432.430053949 224.000000000 177.341979980 2
1764826432.480273247 236.000000000 177.222946167 2
1764826432.530022621 238.000000000 0.043182373 2
1764826432.580235720 237.000000000 0.007904053 2
1764826432.630548477 231.000000000 0.034484863 2
1764826432.680234432 243.000000000 0.002868652 2
1764826432.731005907 231.000000000 0.029678345 2
1764826432.780238628 215.000000000 0.007232666 2
1764826432.830143213 227.000000000 0.040786743 2
1764826432.880252361 232.000000000 0.043136597 2
1764826432.930060863 220.000000000 0.017196655 2
1764826432.980232477 221.000000000 0.004272461 2
1764826433.030147552 229.000000000 0.080535889 2
1764826433.080229521 228.000000000 0.024093628 2
1764826433.130909204 235.000000000 0.060791016 2
1764826433.180231094 216.000000000 0.089920044 2
1764826433.230149746 247.000000000 0.020492554 2
1764826433.280278683 223.000000000 0.050888062 2
1764826433.330145597 225.000000000 0.068252563 2
1764826433.380235672 247.000000000 0.027969360 2
1764826433.430207491 228.000000000 0.053085327 2
1764826433.480257988 229.000000000 0.049255371 2
1764826433.530418158 225.000000000 0.038864136 2
1764826433.580178738 243.000000000 0.052917480 2
1764826433.630247593 242.000000000 0.041870117 2
1764826433.680394411 222.000000000 0.039566040 2
1764826433.730242014 240.000000000 0.009521484 2
1764826433.780162573 232.000000000 0.053115845 2
1764826433.830281496 252.000000000 0.047973633 2
1764826433.882184267 240.000000000 0.024063110 2
1764826433.930231333 233.000000000 0.019088745 2
1764826433.980144024 203.000000000 0.045547485 2
1764826434.030274391 230.000000000 0.001968384 2
1764826434.082926989 245.000000000 0.065536499 2
1764826434.130256414 250.000000000 0.023315430 2
1764826434.180152655 229.000000000 0.046890259 2
1764826434.230243683 237.000000000 0.001281738 2
1764826434.280681372 219.000000000 0.000305176 2
1764826434.330351114 209.000000000 175.196563721 2
1764826434.381302357 226.000000000 175.240783691 2
1764826434.430378437 224.000000000 0.025848389 2
1764826434.480132103 237.000000000 175.186447144 2
1764826434.530196428 221.000000000 175.138580322 2
1764826434.580243826 237.000000000 0.044235229 2
1764826434.630261421 235.000000000 0.067062378 2
1764826434.680183411 228.000000000 0.028015137 2
1764826434.730232000 231.000000000 0.024658203 2
1764826434.780127048 241.000000000 0.021270752 2
1764826434.830232620 250.000000000 175.120788574 2
1764826434.880702496 235.000000000 175.121353149 2
1764826434.930296898 265.000000000 0.025283813 2
1764826434.980184555 248.000000000 0.050903320 2
1764826435.030304193 232.000000000 0.003723145 2
1764826435.080141544 235.000000000 0.025939941 2
1764826435.130226135 240.000000000 0.025238037 2
1764826435.184787035 244.000000000 0.052795410 2
1764826435.230227470 235.000000000 0.063262939 2
1764826435.280140638 233.000000000 0.024139404 2
1764826435.330263853 249.000000000 0.003585815 2
1764826435.380942822 223.000000000 0.064483643 2
1764826435.430227041 218.000000000 0.096267700 2
1764826435.480629683 238.000000000 0.041595459 2
1764826435.530260324 247.000000000 0.111312866 2
1764826435.581222296 219.000000000 0.028579712 2
1764826435.630243301 215.000000000 0.025787354 2
1764826435.680206537 250.000000000 0.058807373 2
1764826435.730251789 239.000000000 0.041519165 2
1764826435.781537533 228.000000000 0.046844482 2
1764826435.830225945 227.000000000 0.062561035 2
1764826435.880049944 256.000000000 0.054428101 2
1764826435.930245161 253.000000000 0.048995972 2
1764826435.980288982 229.000000000 0.037826538 2
1764826436.030246973 225.000000000 173.187347412 2
1764826436.081505775 213.000000000 173.036132812 2
1764826436.130248547 253.000000000 0.079589844 2
1764826436.180150747 241.000000000 0.089111328 2
1764826436.230248213 247.000000000 0.124328613 2
1764826436.280919552 227.000000000 0.041549683 2
1764826436.330253124 221.000000000 0.099578857 2
1764826436.383441925 212.000000000 0.009246826 2
1764826436.430235147 254.000000000 0.034820557 2
1764826436.480169535 258.000000000 0.024612427 2
1764826436.530250549 259.000000000 0.000213623 2
1764826436.580150366 254.000000000 0.019714355 2
1764826436.630260706 241.000000000 0.034637451 2
1764826436.681676388 257.000000000 0.065948486 2
1764826436.730244398 257.000000000 0.014450073 2
1764826436.780144930 253.000000000 0.055130005 2
1764826436.830266476 242.000000000 0.107528687 2
1764826436.881987572 252.000000000 171.368453979 2
1764826436.930252314 256.000000000 171.371978760 2
1764826436.984540224 253.000000000 0.028701782 2
1764826437.030237198 246.000000000 171.289733887 2
1764826437.080168486 245.000000000 0.002914906 2
1764826437.130237341 224.000000000 171.300704956 2
1764826437.180137157 254.000000000 0.051971436 2
1764826437.230284452 247.000000000 171.214141846 2
1764826437.280162096 244.000000000 171.188476562 2
1764826437.330264807 248.000000000 0.073410034 2
1764826437.380692482 235.000000000 0.000564575 2
1764826437.430309057 222.000000000 0.016387939 2
1764826437.480161190 236.000000000 0.013595581 2
1764826437.530260086 247.000000000 0.036453247 2
1764826437.584990025 262.000000000 0.082687378 2
1764826437.630292416 242.000000000 0.149154663 2
1764826437.680198908 226.000000000 0.251876831 2
1764826437.730274677 241.000000000 0.102508545 2
1764826437.780385494 219.000000000 0.000778198 2
1764826437.830283165 236.000000000 0.080520630 2
1764826437.880680084 231.000000000 172.246139526 2
1764826437.930314064 230.000000000 172.225753784 2
1764826437.980232000 231.000000000 0.120849609 2
1764826438.030324936 244.000000000 172.420013428 2
1764826438.080622435 233.000000000 0.018028736 2
1764826438.130298615 247.000000000 172.500427246 2
1764826438.180181980 245.000000000 172.730255127 2
1764826438.230422735 237.000000000 172.832702637 2
1764826438.281600714 242.000000000 172.847442627 2
1764826438.330293655 248.000000000 172.851760864 2
1764826438.380171299 255.000000000 0.022994995 2
1764826438.430266142 240.000000000 172.841583252 2
1764826438.482950211 241.000000000 172.763351440 2
1764826438.530174255 247.000000000 0.004776001 2
1764826438.580151081 247.000000000 0.025131226 2
1764826438.630264521 242.000000000 0.056594849 2
1764826438.681164265 284.000000000 0.012237549 2
1764826438.730265617 262.000000000 0.043121338 2
1764826438.783191919 254.000000000 0.015777588 2
1764826438.830271959 230.000000000 0.031326294 2
1764826438.880167484 227.000000000 0.015396118 2
1764826438.930284977 232.000000000 0.053070068 2
1764826438.980208397 251.000000000 0.029602051 2
1764826439.030300617 238.000000000 0.059768677 2
1764826439.080192089 235.000000000 0.026168823 2
1764826439.130216599 230.000000000 0.009521484 2
1764826439.204596996 225.000000000 0.025466919 2
1764826439.234230280 240.000000000 0.033843994 2
1764826439.280249357 230.000000000 0.012329102 2
1764826439.330229998 212.000000000 0.063476562 2
1764826439.380265236 252.000000000 0.030899048 2
1764826439.430196524 237.000000000 0.035980225 2
1764826439.480284452 234.000000000 0.058563232 2
1764826439.530452728 232.000000000 0.055267334 2
1764826439.580296516 242.000000000 0.055541992 2
1764826439.632407188 232.000000000 0.028930664 2
1764826439.680279732 240.000000000 0.011871338 2
1764826439.731468201 256.000000000 171.788269043 2
1764826439.780314922 245.000000000 171.905410767 2
1764826439.830196619 231.000000000 0.082427979 2
1764826439.880313158 244.000000000 172.304290771 2
1764826439.930221081 259.000000000 172.479873657 2
1764826439.980231524 262.000000000 0.025115967 2
1764826440.030276060 262.000000000 0.061920166 2
1764826440.080230236 254.000000000 0.007202148 2
1764826440.130329370 240.000000000 0.004409790 2
1764826440.180193186 241.000000000 0.006729126 2
1764826440.230338097 244.000000000 172.461349487 2
1764826440.280662298 226.000000000 172.649780273 2
1764826440.330290079 242.000000000 0.140396118 2
1764826440.380193233 234.000000000 0.223266602 2
1764826440.430322886 221.000000000 0.088394165 2
1764826440.483225107 222.000000000 0.011734009 2
1764826440.530289888 219.000000000 0.057189941 2
1764826440.580160141 233.000000000 0.013061523 2
1764826440.630297422 219.000000000 0.083786011 2
1764826440.682363987 219.000000000 0.006530762 2
1764826440.730303049 212.000000000 174.069915771 2
1764826440.780199766 223.000000000 174.156829834 2
1764826440.830299854 214.000000000 0.198913574 2
1764826440.881838322 211.000000000 174.592529297 2
1764826440.930282354 211.000000000 174.635650635 2
1764826440.980193377 225.000000000 0.183868408 2
1764826441.030294895 226.000000000 0.026336670 2
1764826441.080223799 225.000000000 175.061782837 2
1764826441.130297899 212.000000000 175.179229736 2
1764826441.180094004 225.000000000 0.006164551 2
1764826441.230294466 205.000000000 175.264694214 2
1764826441.280783415 202.000000000 175.347320557 2
1764826441.330361605 227.000000000 0.067260742 2
1764826441.380211830 226.000000000 175.555267334 2
1764826441.430284739 213.000000000 0.000111818 2
1764826441.480512857 260.000000000 0.067285061 2
1764826441.530292511 251.000000000 0.055591345 2
1764826441.580270767 242.000000000 0.009281158 2
1764826441.630294800 244.000000000 175.604110718 2
1764826441.680313587 240.000000000 175.550155640 2
1764826441.730323792 236.000000000 0.016047001 2
1764826441.782553911 232.000000000 0.001544714 2
1764826441.830292463 223.000000000 0.003050327 2
1764826441.880222321 246.000000000 0.008841276 2
1764826441.930303574 247.000000000 0.003278017 2
1764826441.981268644 247.000000000 175.511871338 2
1764826442.030380964 240.000000000 175.482437134 2
1764826442.082811356 235.000000000 175.499389648 2
1764826442.130289555 247.000000000 0.007080078 2
1764826442.180205107 232.000000000 0.042343140 2
1764826442.230349302 241.000000000 0.007888794 2
1764826442.281298399 238.000000000 0.030975342 2
1764826442.330320597 216.000000000 0.020324707 2
1764826442.381793022 225.000000000 0.023147583 2
1764826442.430308819 222.000000000 0.074630737 2
1764826442.480573893 212.000000000 0.001251221 2
1764826442.530293226 217.000000000 0.004089355 2
1764826442.580532551 200.000000000 0.033630371 2
1764826442.630297422 206.000000000 0.010711670 2
1764826442.683757782 219.000000000 0.031951904 2
1764826442.730288029 217.000000000 175.723709106 2
1764826442.780233622 226.000000000 0.045761347 2
1764826442.830376148 218.000000000 0.022919655 2
1764826442.881114721 215.000000000 0.037007093 2
1764826442.930314541 215.000000000 0.070177794 2
1764826442.980216742 208.000000000 0.009098887 2
1764826443.030304670 211.000000000 0.037063718 2
1764826443.082338095 205.000000000 0.013181210 2
1764826443.130302906 207.000000000 0.010667324 2
1764826443.180191994 225.000000000 0.042668104 2
1764826443.230370045 226.000000000 0.002284050 2
1764826443.282267094 226.000000000 0.000436783 2
1764826443.330359697 224.000000000 0.016800880 2
1764826443.380234241 218.000000000 0.041828394 2
1764826443.430308819 215.000000000 0.028945684 2
1764826443.480637789 238.000000000 0.034052372 2
1764826443.530274630 230.000000000 0.025036335 2
1764826443.580343962 221.000000000 0.054374218 2
1764826443.630264759 222.000000000 0.040504932 2
1764826443.680346727 211.000000000 0.008706570 2
1764826443.730231762 230.000000000 0.071522713 2
1764826443.780321598 216.000000000 0.019419670 2
1764826443.831894875 229.000000000 0.022427082 2
1764826443.880322456 215.000000000 0.007298231 2
1764826443.930236816 221.000000000 0.037896872 2
1764826443.980355740 212.000000000 0.017126083 2
1764826444.031182289 229.000000000 0.066104650 2
1764826444.080308199 231.000000000 0.043320179 2
1764826444.130228519 214.000000000 0.003790140 2
1764826444.180324078 221.000000000 0.026430368 2
1764826444.233000040 216.000000000 0.079520464 2
1764826444.280324936 219.000000000 0.000673771 2
1764826444.330240488 235.000000000 0.063010931 2
1764826444.380320787 213.000000000 0.012959957 2
1764826444.430114031 216.000000000 0.051820517 2
1764826444.480348110 201.000000000 0.020329475 2
1764826444.530202150 235.000000000 0.029267311 2
1764826444.580370188 228.000000000 0.060014248 2
1764826444.630593538 214.000000000 0.035735607 2
1764826444.680309772 217.000000000 0.037165642 2
1764826444.730155706 227.000000000 0.026399136 2
1764826444.780311346 222.000000000 0.011745930 2
1764826444.830937147 225.000000000 0.045936823 2
1764826444.880309582 203.000000000 0.023974657 2
1764826444.930206537 219.000000000 0.012297153 2
1764826444.980332613 200.000000000 0.022422791 2
1764826445.030333042 210.000000000 0.032339096 2
1764826445.104220390 223.000000000 0.034516335 2
1764826445.131311178 203.000000000 0.026275635 2
1764826445.180316448 205.000000000 0.038323879 2
1764826445.230225086 213.000000000 0.021989584 2
1764826445.280319452 199.000000000 0.039214134 2
1764826445.330233335 211.000000000 0.053395987 2
1764826445.380383015 204.000000000 0.002062798 2
1764826445.430252075 192.000000000 0.068083048 2
1764826445.480277777 181.000000000 0.019498348 2
1764826445.530306578 184.000000000 0.063539028 2
1764826445.580241919 195.000000000 0.030390739 2
1764826445.630316734 203.000000000 0.028359890 2
1764826445.680346012 191.000000000 0.085642099 2
1764826445.730325460 206.000000000 0.025947809 2
1764826445.780241489 210.000000000 0.047610760 2
1764826445.830343246 199.000000000 0.010468960 2
1764826445.881764174 201.000000000 0.042097569 2
1764826445.930340290 188.000000000 0.015405893 2
1764826445.982290983 219.000000000 0.005849123 2
1764826446.030325413 209.000000000 0.017612696 2
1764826446.080241680 213.000000000 0.001796246 2
1764826446.130332947 204.000000000 0.011981487 2
1764826446.182390690 201.000000000 0.059524298 2
1764826446.230332613 204.000000000 0.000963688 2
1764826446.280277967 200.000000000 0.047633410 2
1764826446.330345869 196.000000000 0.014254093 2
1764826446.380520821 192.000000000 0.005246878 2
1764826446.430344343 199.000000000 0.016957760 2
1764826446.480250835 216.000000000 0.010130882 2
1764826446.530348778 212.000000000 0.013115644 2
1764826446.580170393 218.000000000 0.005421877 2
1764826446.630333900 198.000000000 0.007597685 2
1764826446.680236816 192.000000000 0.005216122 2
1764826446.730367899 192.000000000 0.021244287 2
1764826446.781099081 186.000000000 0.069841862 2
1764826446.830338955 196.000000000 0.021187067 2
1764826446.880181074 195.000000000 0.053449631 2
1764826446.930344820 191.000000000 0.041377783 2
1764826446.980102539 202.000000000 0.069364071 2
1764826447.030349255 198.000000000 0.021698713 2
1764826447.082412481 205.000000000 0.143571377 2
1764826447.130336761 200.000000000 0.058116674 2
1764826447.180237293 194.000000000 0.011080742 2
1764826447.230353355 206.000000000 0.024640083 2
1764826447.280637980 187.000000000 0.042772293 2
1764826447.330332756 189.000000000 0.017035723 2
1764826447.380241156 197.000000000 0.018999100 2
1764826447.430347443 204.000000000 0.037567616 2
1764826447.481888533 193.000000000 0.006371021 2
1764826447.530338049 193.000000000 0.051003456 2
1764826447.583901167 182.000000000 0.042887449 2
1764826447.630335569 189.000000000 0.214350224 2
1764826447.680265665 185.000000000 0.261826754 2
1764826447.730336666 189.000000000 0.063325882 2
1764826447.784623623 185.000000000 0.008805275 2
1764826447.830333948 207.000000000 0.044452429 2
1764826447.880274057 190.000000000 0.019348621 2
1764826447.930342913 188.000000000 0.102563143 2
1764826447.980263948 193.000000000 0.024546862 2
1764826448.030369282 205.000000000 0.033358812 2
1764826448.080380678 206.000000000 0.119984865 2
1764826448.130356073 205.000000000 0.071993351 2
1764826448.181097507 195.000000000 0.286662102 2
1764826448.230352163 200.000000000 0.153454065 2
1764826448.281531811 196.000000000 0.037091017 2
1764826448.330343962 204.000000000 0.007377386 2
1764826448.380264997 211.000000000 0.028166771 2
1764826448.430440426 214.000000000 0.018864393 2
1764826448.505833387 200.000000000 0.016664028 2
1764826448.532829762 203.000000000 0.012395382 2
1764826448.580284595 188.000000000 0.046520472 2
1764826448.630360126 211.000000000 0.073315144 2
1764826448.680288076 219.000000000 0.020788431 2
1764826448.730388641 202.000000000 0.064320087 2
1764826448.780514240 206.000000000 0.002557278 2
1764826448.830362320 220.000000000 0.017804623 2
1764826448.880271435 223.000000000 0.037273169 2
1764826448.930382490 202.000000000 0.012497425 2
1764826448.980638504 203.000000000 0.007437944 2
1764826449.030363321 204.000000000 0.032128811 2
1764826449.080266714 199.000000000 0.085376024 2
1764826449.130390167 197.000000000 0.040625811 2
1764826449.181105852 199.000000000 0.010957956 2
1764826449.230386496 201.000000000 0.050081968 2
1764826449.280797720 198.000000000 0.002199650 2
1764826449.330351114 196.000000000 0.012144089 2
1764826449.380274773 199.000000000 0.045916319 2
1764826449.430344343 189.000000000 0.037506819 2
1764826449.480277061 197.000000000 0.070414543 2
1764826449.530429125 191.000000000 0.006321907 2
1764826449.580224752 183.000000000 174.982543945 2
1764826449.630283594 198.000000000 174.959152222 2
1764826449.680212259 190.000000000 0.001283169 2
1764826449.730377197 182.000000000 174.916809082 2
1764826449.780287981 189.000000000 175.008697510 2
1764826449.830385923 192.000000000 0.032185555 2
1764826449.880187273 188.000000000 0.074056864 2
1764826449.930392027 186.000000000 0.047643423 2
1764826449.980280161 189.000000000 0.030256748 2
1764826450.030364275 179.000000000 0.019817591 2
1764826450.081790447 179.000000000 0.022015095 2
1764826450.130374432 184.000000000 0.002049685 2
1764826450.180286169 181.000000000 0.013455629 2
1764826450.230386257 176.000000000 0.009527445 2
1764826450.280347347 199.000000000 0.013569593 2
1764826450.330373287 195.000000000 0.043895960 2
1764826450.380923986 199.000000000 0.026409388 2
1764826450.430373669 198.000000000 0.187158108 2
1764826450.481270075 181.000000000 0.081070185 2
1764826450.530364275 192.000000000 0.034320354 2
1764826450.580381393 196.000000000 0.118349552 2
1764826450.630374670 187.000000000 0.034853935 2
1764826450.680225849 184.000000000 0.027488470 2
1764826450.730397940 213.000000000 0.001626968 2
1764826450.781036615 208.000000000 0.025908947 2
1764826450.830404043 184.000000000 0.061679840 2
1764826450.880986929 196.000000000 0.011305809 2
1764826450.930382967 205.000000000 0.032905817 2
1764826450.980287552 204.000000000 0.030149460 2
1764826451.030249357 199.000000000 0.061281919 2
1764826451.080305099 203.000000000 0.083811045 2
1764826451.130342245 205.000000000 0.027694702 2
1764826451.180281639 206.000000000 0.041943789 2
1764826451.230362177 210.000000000 0.046372414 2
1764826451.281655312 208.000000000 0.049822092 2
1764826451.330405712 211.000000000 0.041193008 2
1764826451.380233288 213.000000000 0.001806736 2
1764826451.430361271 205.000000000 0.021332502 2
1764826451.480243444 208.000000000 0.034586668 2
1764826451.530407906 197.000000000 0.056409836 2
1764826451.580519438 193.000000000 0.026459932 2
1764826451.630355597 195.000000000 0.034194708 2
1764826451.682198048 187.000000000 0.126456022 2
1764826451.730342627 203.000000000 0.003647089 2
1764826451.780285358 204.000000000 0.049390554 2
1764826451.830371857 207.000000000 0.075232029 2
1764826451.880208492 209.000000000 0.058182716 2
1764826451.930372715 206.000000000 0.007314205 2
1764826451.980204105 203.000000000 0.026938915 2
1764826452.030362129 217.000000000 0.058208704 2
1764826452.082998276 209.000000000 0.009130478 2
1764826452.130532980 198.000000000 0.018679619 2
1764826452.180280685 209.000000000 0.006341457 2
1764826452.230372906 205.000000000 0.055352211 2
1764826452.280313015 201.000000000 0.041226149 2
1764826452.330386400 204.000000000 0.049633503 2
1764826452.380173683 204.000000000 0.090317249 2
1764826452.430401325 194.000000000 0.021222591 2
1764826452.480311394 195.000000000 0.020338297 2
1764826452.530411959 201.000000000 0.028758764 2
1764826452.580980778 197.000000000 0.037225485 2
1764826452.630404234 203.000000000 0.029171944 2
1764826452.680289984 196.000000000 0.014604807 2
1764826452.730387926 193.000000000 0.015689611 2
1764826452.780506372 201.000000000 0.006222010 2
1764826452.830398321 189.000000000 0.004540920 2
1764826452.880313873 188.000000000 0.158390999 2
1764826452.930382490 184.000000000 0.200957537 2
1764826452.980296612 195.000000000 0.007605553 2
1764826453.030333757 202.000000000 0.018909931 2
1764826453.080292940 206.000000000 0.002933979 2
1764826453.130384207 206.000000000 0.113525867 2
1764826453.180232763 205.000000000 0.058216810 2
1764826453.230436802 192.000000000 0.010412216 2
1764826453.280454159 209.000000000 0.032508850 2
1764826453.330421448 194.000000000 0.011748075 2
1764826453.380872250 193.000000000 0.028542757 2
1764826453.430407763 207.000000000 0.022746801 2
1764826453.480202198 209.000000000 0.031487465 2
1764826453.530383110 217.000000000 0.032486200 2
1764826453.580297232 213.000000000 0.040294170 2
1764826453.630445719 193.000000000 0.045796633 2
1764826453.681289911 220.000000000 0.053421974 2
1764826453.730384350 209.000000000 0.046327829 2
1764826453.780282974 198.000000000 0.018895388 2
1764826453.830385685 203.000000000 0.090346098 2
1764826453.880389690 209.000000000 0.004051685 2
1764826453.930436134 195.000000000 0.008461952 2
1764826453.980311871 226.000000000 0.017113924 2
1764826454.030399561 209.000000000 0.003557444 2
1764826454.080585003 208.000000000 0.028526306 2
1764826454.130445242 214.000000000 0.057405710 2
1764826454.180236578 209.000000000 0.057807446 2
1764826454.230377197 228.000000000 0.046486855 2
1764826454.280218363 217.000000000 0.028328657 2
1764826454.330384016 222.000000000 0.026841640 2
1764826454.380250216 207.000000000 0.049076319 2
1764826454.430387497 210.000000000 0.052923918 2
1764826454.483354568 215.000000000 0.075052500 2
1764826454.530359745 221.000000000 0.050596237 2
1764826454.580322027 216.000000000 0.024685144 2
1764826454.630467415 213.000000000 0.012556076 2
1764826454.680325031 204.000000000 0.014437437 2
1764826454.730421305 207.000000000 0.024543524 2
1764826454.781753063 218.000000000 0.000796318 2
1764826454.830437660 216.000000000 0.006942987 2
1764826454.883030891 207.000000000 0.014401197 2
1764826454.930342674 216.000000000 0.039117575 2
1764826454.980190277 212.000000000 0.032956362 2
1764826455.030444622 208.000000000 0.053951263 2
1764826455.081134796 199.000000000 0.041412830 2
1764826455.130379915 214.000000000 0.057682514 2
1764826455.180302382 205.000000000 0.046671867 2
1764826455.230391741 213.000000000 0.065966368 2
1764826455.280295849 210.000000000 0.021608829 2
1764826455.330387354 186.000000000 0.009626865 2
1764826455.381620646 195.000000000 0.079219341 2
1764826455.430392265 217.000000000 0.041740656 2
1764826455.481045246 203.000000000 0.005772114 2
1764826455.530392647 210.000000000 0.084578753 2
1764826455.580302954 204.000000000 0.051231861 2
1764826455.630218983 204.000000000 0.053508759 2
1764826455.680209637 208.000000000 0.008620501 2
1764826455.730383158 219.000000000 0.015008926 2
1764826455.780308008 199.000000000 0.069638968 2
1764826455.830390215 205.000000000 0.023742914 2
1764826455.880303860 214.000000000 0.121562004 2
1764826455.930398703 215.000000000 0.026905537 2
1764826455.980341673 209.000000000 0.020204782 2
1764826456.030378819 214.000000000 0.028620481 2
1764826456.080325127 204.000000000 0.011483908 2
1764826456.130396843 220.000000000 0.018048286 2
1764826456.180318832 198.000000000 0.019686460 2
1764826456.230418921 220.000000000 0.049459934 2
1764826456.280314207 213.000000000 0.000344753 2
1764826456.330417633 216.000000000 0.016403437 2
1764826456.385219812 218.000000000 0.027553082 2
1764826456.430362463 201.000000000 0.004521608 2
1764826456.480334282 205.000000000 0.032400370 2
1764826456.530399561 227.000000000 0.021484852 2
1764826456.580310106 217.000000000 0.025130510 2
1764826456.630396843 226.000000000 0.034068823 2
1764826456.680255890 235.000000000 0.006568670 2
1764826456.730399370 197.000000000 0.012939930 2
1764826456.780291080 229.000000000 0.023981571 2
1764826456.830430031 230.000000000 0.044346571 2
1764826456.881768465 229.000000000 0.044738293 2
1764826456.930403233 224.000000000 0.006037951 2
1764826456.980298758 223.000000000 0.035080910 2
1764826457.030399799 228.000000000 0.009186745 2
1764826457.080309868 244.000000000 0.020224810 2
1764826457.130420208 225.000000000 0.024529457 2
1764826457.180306911 226.000000000 0.028498411 2
1764826457.230401278 230.000000000 0.016071320 2
1764826457.280324459 223.000000000 0.059599400 2
1764826457.330413818 224.000000000 0.006255627 2
1764826457.380325317 232.000000000 0.056490660 2
1764826457.430408716 233.000000000 0.064586639 2
1764826457.482508898 239.000000000 0.000484943 2
1764826457.530451059 244.000000000 0.004889488 2
1764826457.580331326 246.000000000 0.002694607 2
1764826457.630416393 248.000000000 0.001311302 2
1764826457.683376312 245.000000000 0.011419535 2
1764826457.730397701 250.000000000 0.004769087 2
1764826457.780337334 248.000000000 0.004076719 2
1764826457.830404758 243.000000000 0.003580809 2
1764826457.880318642 243.000000000 0.001298666 2
1764826457.930407286 244.000000000 0.001240730 2
1764826457.980294228 245.000000000 0.004671812 2
1764826458.030395985 244.000000000 0.003158569 2
1764826458.080313921 243.000000000 0.003751993 2
1764826458.130419016 246.000000000 0.010608673 2
1764826458.180296898 246.000000000 0.008627892 2
1764826458.230414867 239.000000000 0.007424831 2
1764826458.280929804 245.000000000 0.002863884 2
1764826458.330350161 239.000000000 0.000962257 2
1764826458.380325079 242.000000000 0.000147820 2
1764826458.430411577 242.000000000 0.009397984 2
1764826458.481513023 244.000000000 0.000902891 2
1764826458.530411005 246.000000000 0.002836227 2
1764826458.580327272 240.000000000 0.003130674 2
1764826458.630424261 248.000000000 0.001537800 2
1764826458.680328608 249.000000000 0.002652884 2
1764826458.730412722 243.000000000 0.000899792 2
1764826458.780322313 238.000000000 0.000592709 2
1764826458.830410242 245.000000000 0.002366543 2
1764826458.880263567 244.000000000 0.007931709 2
1764826458.930442810 243.000000000 0.004092693 2
1764826458.980325699 249.000000000 0.007448435 2
1764826459.030410528 253.000000000 0.007307291 2
1764826459.080279827 249.000000000 0.005120993 2
1764826459.130434990 239.000000000 0.013300419 2
1764826459.180333853 237.000000000 0.010022640 2
1764826459.230424166 247.000000000 0.001263142 2
1764826459.280350685 243.000000000 0.024270058 2
1764826459.330443859 237.000000000 0.000445604 2
1764826459.380312920 242.000000000 0.011145115 2
1764826459.430518389 237.000000000 0.009198189 2
1764826459.480267763 237.000000000 0.000948668 2
1764826459.530464172 238.000000000 0.012382507 2
1764826459.580331087 236.000000000 0.004416943 2
1764826459.630434275 235.000000000 0.017287016 2
1764826459.680261135 250.000000000 0.014466047 2
1764826459.730450869 249.000000000 0.006332159 2
1764826459.780314207 251.000000000 0.006323814 2
1764826459.830468416 235.000000000 0.007880688 2
1764826459.880339622 231.000000000 0.010031700 2
1764826459.930454969 236.000000000 0.008858919 2
1764826459.982846975 232.000000000 0.005392075 2
1764826460.030460119 241.000000000 0.009753466 2
1764826460.080343723 252.000000000 0.007807732 2
1764826460.130456686 246.000000000 0.002740145 2
1764826460.180309296 236.000000000 0.001969337 2
1764826460.230446815 229.000000000 0.028477669 2
1764826460.280325651 232.000000000 0.012758732 2
1764826460.330462694 229.000000000 0.015693188 2
1764826460.380380869 238.000000000 0.033187628 2
1764826460.430441141 239.000000000 0.026749372 2
1764826460.480259180 242.000000000 0.049523354 2
1764826460.530421734 238.000000000 0.035400867 2
1764826460.580315351 233.000000000 0.007242680 2
1764826460.630491495 253.000000000 0.007272482 2
1764826460.680998325 243.000000000 0.019188404 2
1764826460.730430603 237.000000000 0.012475967 2
1764826460.783471107 225.000000000 0.028514624 2
1764826460.830455780 243.000000000 0.046346426 2
1764826460.880385876 249.000000000 0.023478746 2
1764826460.930488586 249.000000000 0.019426107 2
1764826460.980374813 236.000000000 0.025461912 2
1764826461.030476093 237.000000000 0.037585020 2
1764826461.080327272 246.000000000 0.071322441 2
1764826461.130425930 241.000000000 0.017012596 2
1764826461.180309057 237.000000000 0.025461674 2
1764826461.230492830 249.000000000 0.042473316 2
1764826461.280337334 245.000000000 0.027960062 2
1764826461.330457926 244.000000000 0.091216326 2
1764826461.380483627 244.000000000 0.024798632 2
1764826461.449902773 237.000000000 0.018117428 2
1764826461.480362177 222.000000000 0.039683342 2
1764826461.530411959 242.000000000 0.093895912 2
1764826461.580340385 242.000000000 0.003457546 2
1764826461.630444050 235.000000000 0.070664883 2
1764826461.682721853 246.000000000 0.013614178 2
1764826461.730445147 242.000000000 0.125150204 2
1764826461.781461954 232.000000000 0.022350311 2
1764826461.830492020 218.000000000 0.086570263 2
1764826461.880355120 229.000000000 0.142730236 2
1764826461.930428505 229.000000000 0.237019539 2
1764826461.981506824 216.000000000 0.171361446 2
1764826462.030454874 223.000000000 0.284644604 2
1764826462.080346823 210.000000000 0.167145252 2
1764826462.130462170 225.000000000 0.356183529 2
1764826462.180595160 220.000000000 0.370762825 2
1764826462.230460644 239.000000000 0.233998299 2
1764826462.283920288 242.000000000 0.254120350 2
1764826462.330456734 231.000000000 0.475383282 2
1764826462.380355120 227.000000000 0.535166264 2
1764826462.430449963 219.000000000 0.597883224 2
1764826462.484174252 223.000000000 0.529409409 2
1764826462.530434370 229.000000000 0.383016586 2
1764826462.580383062 205.000000000 0.525642395 2
1764826462.630448580 224.000000000 0.452339172 2
1764826462.680322409 217.000000000 0.408537865 2
1764826462.730439425 225.000000000 0.361635208 2
1764826462.784117460 226.000000000 0.444317818 2
1764826462.830418348 223.000000000 0.649206161 2
1764826462.880388021 215.000000000 0.714766502 2
1764826462.930397987 212.000000000 0.443893433 2
1764826463.002333403 207.000000000 0.356005669 2
1764826463.030351400 240.000000000 0.454917908 2
1764826463.080444336 228.000000000 0.634346008 2
1764826463.130363703 202.000000000 0.628795624 2
1764826463.180477142 195.000000000 0.417913437 2
1764826463.230818510 193.000000000 0.497941017 2
1764826463.280471802 204.000000000 0.467863083 2
1764826463.330346584 187.000000000 0.680528641 2
1764826463.380437613 195.000000000 0.658473969 2
1764826463.430470228 196.000000000 0.461824417 2
1764826463.480537415 181.000000000 0.533773422 2
1764826463.530366182 168.000000000 0.491359711 2
1764826463.580492735 166.000000000 0.722745895 2
1764826463.630700827 172.000000000 0.614233017 2
1764826463.680486917 182.000000000 0.430540085 2
1764826463.730355263 172.000000000 0.607015610 2
1764826463.780462742 166.000000000 0.666740417 2
1764826463.831032276 152.000000000 0.840541840 2
1764826463.880449057 156.000000000 0.595886230 2
1764826463.930369139 158.000000000 0.654571533 2
1764826463.980470896 160.000000000 0.703428268 2
1764826464.031699419 141.000000000 0.946157455 2
1764826464.080474377 138.000000000 0.853429794 2
1764826464.130376816 133.000000000 0.741243362 2
1764826464.180463076 124.000000000 0.814725876 2
1764826464.230320692 123.000000000 0.989000320 2
1764826464.280458212 114.000000000 0.875713348 2
1764826464.330363989 111.000000000 0.754278183 2
1764826464.380498171 102.000000000 0.781774521 2
1764826464.430377722 99.000000000 0.869571686 2
1764826464.480487585 96.000000000 0.926780701 2
1764826464.532291651 91.000000000 0.733665466 2
1764826464.580443621 89.000000000 0.778785706 2
1764826464.630336046 80.000000000 0.789226532 2
1764826464.680444717 81.000000000 0.910923004 2
1764826464.730408430 69.000000000 0.958011627 2
1764826464.780444384 66.000000000 0.960758209 2
1764826464.830365419 66.000000000 0.894615173 2
1764826464.880384684 65.000000000 0.944213867 2
1764826464.930376291 60.000000000 0.918354034 2
1764826464.980485439 55.000000000 0.921325684 2
1764826465.030350924 52.000000000 0.821182251 2
1764826465.080454350 48.000000000 1.178714752 2
1764826465.132801056 47.000000000 0.793979645 2
1764826465.180480719 41.000000000 1.152198792 2
1764826465.230407953 51.000000000 0.801971436 2
1764826465.280471802 41.000000000 1.070083618 2
1764826465.330327511 35.000000000 0.917728424 2
1764826465.380467892 40.000000000 1.162258148 2
1764826465.431613684 39.000000000 0.882640839 2
1764826465.480473042 34.000000000 0.997772217 2
1764826465.530378342 31.000000000 0.851211548 2
1764826465.580467939 30.000000000 1.190338135 2
1764826465.630252123 26.000000000 0.929008484 3
1764826465.680459261 0.000000000 55.457149506 3
