1769553557.091695309 0
1769553557.141788483 0
1769553557.191931248 0
1769553557.241763115 0
1769553557.293688297 0
1769553557.341759443 0
1769553557.391658783 0
1769553557.441760063 0
1769553557.495096684 0
1769553557.541776657 0
1769553557.591661930 0
1769553557.641747952 0
1769553557.694144011 0
1769553557.741672993 0
1769553557.826230764 0
1769553557.858487129 0
1769553557.891596794 0
1769553557.941638947 0
1769553557.991625071 0
1769553558.041602850 0
1769553558.091670036 0
1769553558.149167299 0
1769553558.191920280 0
1769553558.241612196 0
1769553558.291717529 0
1769553558.341585875 0
1769553558.391690493 0
1769553558.446174145 0
1769553558.491689920 0
1769553558.541610956 0
1769553558.591679573 0
1769553558.641590595 0
1769553558.691688776 0
1769553558.743336678 0
1769553558.791675806 0
1769553558.841570854 0
1769553558.891660690 0
1769553558.942788839 0
1769553558.991652012 0
1769553559.041564941 0
1769553559.091655493 0
1769553559.141708612 0
1769553559.191625834 0
1769553559.242326260 0
1769553559.291623116 0
1769553559.344014168 0
1769553559.391640663 0
1769553559.441546917 0
1769553559.491641998 0
1769553559.542238712 0
1769553559.591619253 0
1769553559.641514063 0
1769553559.691641331 0
1769553559.742259741 0
1769553559.791626215 0
1769553559.841468096 0
1769553559.891600132 0
1769553559.941515207 0
1769553559.991605997 0
1769553560.042756557 0
1769553560.091593027 0
1769553560.141453743 0
1769553560.191604376 0
1769553560.247219563 0
1769553560.291565657 0
1769553560.341483116 0
1769553560.391514778 0
1769553560.441468239 0
1769553560.491519690 0
1769553560.541446686 0
1769553560.591581106 0
1769553560.641824484 0
1769553560.691620111 0
1769553560.746151209 0
1769553560.791518688 0
1769553560.841417551 0
1769553560.891500235 0
1769553560.941737175 0
1769553560.991479158 0
1769553561.041476250 0
1769553561.091586113 0
1769553561.144112110 0
1769553561.191502333 0
1769553561.241500378 0
1769553561.291413784 0
1769553561.341481924 0
1769553561.391370058 0
1769553561.441467762 0
1769553561.492166996 0
1769553561.541467428 0
1769553561.591359377 0
1769553561.641487122 0
1769553561.692449331 0
1769553561.741477013 0
1769553561.792437077 0
1769553561.841471672 0
1769553561.891337872 0
1769553561.941462517 0
1769553561.991495132 0
1769553562.041446209 0
1769553562.092554569 0
1769553562.141448259 0
1769553562.191314459 0
1769553562.241445303 0
1769553562.292220116 0
1769553562.341450214 0
1769553562.391298771 0
1769553562.441414356 0
1769553562.491297483 0
1769553562.541430712 0
1769553562.592827082 0
1769553562.641417265 0
1769553562.691274643 0
1769553562.741410255 0
1769553562.791271448 0
1769553562.841440439 0
1769553562.891315222 0
1769553562.941446304 0
1769553562.991221189 0
1769553563.041395664 0
1769553563.091266394 0
1769553563.141483545 0
1769553563.191415787 0
1769553563.241450310 0
1769553563.291262627 0
1769553563.341419458 0
1769553563.391665459 0
1769553563.441375494 0
1769553563.491839647 0
1769553563.541396379 0
1769553563.591199636 0
1769553563.641361952 0
1769553563.692705393 0
1769553563.741327286 0
1769553563.791263342 0
1769553563.841311693 0
1769553563.891742945 0
1769553563.941338301 0
1769553563.991196632 0
1769553564.041312218 0
1769553564.092037916 0
1769553564.141299248 0
1769553564.191214800 0
1769553564.241290092 0
1769553564.291206121 0
1769553564.341277361 0
1769553564.391167164 0
1769553564.441148520 0
1769553564.491146088 376
1769553564.541247845 344
1769553564.591214895 325
1769553564.641300201 363
1769553564.691200256 385
1769553564.741264582 399
1769553564.791189432 398
1769553564.841257334 402
1769553564.892587185 346
1769553564.941243410 366
1769553564.991146088 344
1769553565.041243792 367
1769553565.091008186 368
1769553565.141230583 363
1769553565.191553831 394
1769553565.241223097 396
1769553565.291146517 364
1769553565.341201782 394
1769553565.391121626 413
1769553565.441243887 363
1769553565.491080523 388
1769553565.541213751 389
1769553565.591119051 382
1769553565.641211748 407
1769553565.691048861 429
1769553565.741205931 390
1769553565.792446136 385
1769553565.841229677 401
1769553565.891087532 406
1769553565.941189528 375
1769553565.991100073 379
1769553566.041201591 386
1769553566.091993570 399
1769553566.141188622 387
1769553566.191088200 401
1769553566.241178036 390
1769553566.290993929 403
1769553566.341174603 383
1769553566.391464949 421
1769553566.441054821 380
1769553566.491156578 402
1769553566.541082621 389
1769553566.591076136 423
1769553566.641113520 401
1769553566.691088200 374
1769553566.741140366 447
1769553566.791057587 413
1769553566.841129065 394
1769553566.891034365 419
1769553566.941100836 422
1769553566.991147280 416
1769553567.041108131 431
1769553567.090967178 421
1769553567.141100645 396
1769553567.190945387 437
1769553567.241096020 418
1769553567.291026354 418
1769553567.341079473 436
1769553567.390986204 472
1769553567.441085339 443
1769553567.491329908 434
1769553567.541123390 442
1769553567.591000080 468
1769553567.641119242 473
1769553567.690992832 421
1769553567.741079330 450
1769553567.791354656 441
1769553567.841089725 458
1769553567.890983820 410
1769553567.941090584 425
1769553567.990895510 444
1769553568.041074753 413
1769553568.090962410 455
1769553568.141025782 436
1769553568.191277742 453
1769553568.240997553 413
1769553568.290930510 430
1769553568.341012239 432
1769553568.391522884 412
1769553568.441011429 441
1769553568.490929127 416
1769553568.541026592 438
1769553568.590921402 504
1769553568.641000509 453
1769553568.693316698 469
1769553568.740989685 465
1769553568.790918112 470
1769553568.840981722 463
1769553568.890851498 438
1769553568.941018343 448
1769553568.993011236 451
1769553569.040985107 403
1769553569.090858221 431
1769553569.141016483 433
1769553569.191103697 440
1769553569.240960836 434
1769553569.290851116 431
1769553569.340965986 439
1769553569.390865088 445
1769553569.440965176 448
1769553569.490786791 457
1769553569.540938854 456
1769553569.590808153 435
1769553569.640949249 408
1769553569.690828085 442
1769553569.740931988 462
1769553569.792296410 461
1769553569.840910435 442
1769553569.890830517 434
1769553569.940920591 426
1769553569.992564678 467
1769553570.040909290 428
1769553570.090818167 454
1769553570.140900850 443
1769553570.191254854 490
1769553570.240917683 441
1769553570.290791273 440
1769553570.340845346 448
1769553570.390727282 429
1769553570.440900803 441
1769553570.490824938 449
1769553570.540887833 453
1769553570.590774298 450
1769553570.640881062 439
1769553570.690773487 454
1769553570.740910053 464
1769553570.796375751 433
1769553570.840857029 444
1769553570.890769482 420
1769553570.940909386 445
1769553570.990770340 423
1769553571.040838957 396
1769553571.090744734 444
1769553571.140894175 436
1769553571.191456795 450
1769553571.240848303 431
1769553571.290730000 444
1769553571.340865612 457
1769553571.390736341 429
1769553571.440850973 433
1769553571.492563009 418
1769553571.540805578 429
1769553571.590714693 429
1769553571.640810251 426
1769553571.691000462 442
1769553571.740800858 443
1769553571.790694475 453
1769553571.840806484 442
1769553571.892081499 405
1769553571.940794945 424
1769553571.990706444 453
1769553572.040707111 448
1769553572.090768814 431
1769553572.140700579 409
1769553572.190768719 400
1769553572.240693808 425
1769553572.290801525 421
1769553572.340618134 442
1769553572.390774488 437
1769553572.441122532 447
1769553572.490767717 418
1769553572.540645123 411
1769553572.590762854 426
1769553572.641608953 433
1769553572.690755129 398
1769553572.740620136 469
1769553572.790745020 440
1769553572.841194153 414
1769553572.890727282 423
1769553572.940610647 427
1769553572.990721464 395
1769553573.042258978 447
1769553573.090705633 431
1769553573.140609264 403
1769553573.190730095 407
1769553573.242970705 459
1769553573.290764809 416
1769553573.340481281 438
1769553573.390712738 408
1769553573.440951586 452
1769553573.490692377 413
1769553573.540591717 420
1769553573.590697527 396
1769553573.642437935 425
1769553573.690755606 391
1769553573.740694284 419
1769553573.790691376 407
1769553573.840503693 395
1769553573.890663624 404
1769553573.940475702 433
1769553573.990635872 397
1769553574.040637493 399
1769553574.090654135 418
1769553574.140577078 437
1769553574.190654278 400
1769553574.240888357 440
1769553574.290609360 441
1769553574.340501785 417
1769553574.390652657 453
1769553574.440530062 409
1769553574.490639448 434
1769553574.540461540 430
1769553574.590591908 402
1769553574.640547752 433
1769553574.690610647 425
1769553574.740794659 425
1769553574.790594101 403
1769553574.840494156 423
1769553574.890626907 427
1769553574.941747904 401
1769553574.990591049 402
1769553575.040540695 399
1769553575.090659380 407
1769553575.145402193 453
1769553575.190581799 427
1769553575.240530491 421
1769553575.290587425 380
1769553575.340482235 409
1769553575.390592575 427
1769553575.440514803 455
1769553575.490642786 440
1769553575.540785074 445
1769553575.590576887 426
1769553575.640369177 444
1769553575.690477133 410
1769553575.740517616 431
1769553575.790596247 451
1769553575.840467930 470
1769553575.890636683 451
1769553575.945613384 411
1769553575.990512609 440
1769553576.040453196 430
1769553576.090583324 416
1769553576.140442610 441
1769553576.190545082 423
1769553576.241020203 413
1769553576.290538788 368
1769553576.340450048 427
1769553576.390529394 453
1769553576.444380522 465
1769553576.490506649 457
1769553576.540428877 435
1769553576.590518475 447
1769553576.640427351 442
1769553576.690511703 442
1769553576.741135836 426
1769553576.790447712 391
1769553576.840518951 402
1769553576.892676830 427
1769553576.940495014 397
1769553576.990414381 437
1769553577.040475130 401
1769553577.090405941 435
1769553577.140507221 391
1769553577.193767309 430
1769553577.240469933 424
1769553577.290411711 382
1769553577.340479851 398
1769553577.390389204 394
1769553577.440483570 397
1769553577.490458250 402
1769553577.540425777 407
1769553577.590443373 402
1769553577.640382051 439
1769553577.690457821 443
1769553577.740277529 418
1769553577.790425777 419
1769553577.840297937 443
1769553577.890281200 415
1769553577.940339804 411
1769553577.990446329 395
1769553578.040290356 380
1769553578.090418339 376
1769553578.140221596 381
1769553578.190414429 398
1769553578.240273952 394
1769553578.290386200 398
1769553578.340221405 388
1769553578.390410423 424
1769553578.441411495 397
1769553578.490409374 412
1769553578.540209293 431
1769553578.590388775 406
1769553578.640888214 378
1769553578.690379620 413
1769553578.740988255 357
1769553578.790368795 437
1769553578.840248108 395
1769553578.890364408 387
1769553578.942236185 383
1769553578.990334272 405
1769553579.040244579 362
1769553579.090365410 410
1769553579.144525051 402
1769553579.190316200 393
1769553579.240237713 425
1769553579.290313482 385
1769553579.340237617 392
1769553579.390385628 436
1769553579.441459894 418
1769553579.490342379 383
1769553579.543329477 385
1769553579.590286732 398
1769553579.640192986 396
1769553579.690289736 409
1769553579.740171432 384
1769553579.790277004 372
1769553579.840509892 417
1769553579.890293360 386
1769553579.940466166 390
1769553579.990271330 439
1769553580.041562557 410
1769553580.090279579 440
1769553580.140406847 412
1769553580.190256596 411
1769553580.240139008 443
1769553580.290245295 405
1769553580.340169430 391
1769553580.390282154 411
1769553580.440914869 353
1769553580.490228415 398
1769553580.540130377 382
1769553580.590215445 365
1769553580.640968561 410
1769553580.690231323 400
1769553580.740107536 400
1769553580.790232658 383
1769553580.840182304 381
1769553580.890220881 408
1769553580.940156698 391
1769553580.990192175 376
1769553581.040099382 394
1769553581.090194941 387
1769553581.143128633 389
1769553581.190186024 396
1769553581.240096569 400
1769553581.290179014 387
1769553581.340312004 387
1769553581.390186787 408
1769553581.440511465 387
1769553581.490227699 381
1769553581.540070295 403
1769553581.590188026 399
1769553581.640301228 380
1769553581.690168619 399
1769553581.741478205 371
1769553581.790178776 367
1769553581.846035242 367
1769553581.890010834 355
1769553581.960785627 353
1769553581.990588903 391
1769553582.040121078 418
1769553582.090022802 387
1769553582.158974171 355
1769553582.190061569 366
1769553582.240117073 383
1769553582.290014267 389
1769553582.340128660 403
1769553582.389998436 389
1769553582.440140009 402
1769553582.490792274 376
1769553582.540109158 375
1769553582.590006828 397
1769553582.639995337 383
1769553582.690038681 416
1769553582.740114689 347
1769553582.790920496 358
1769553582.840150356 354
1769553582.889972687 356
1769553582.940094709 389
1769553582.990776300 341
1769553583.040066719 327
1769553583.093901634 365
1769553583.140053749 362
1769553583.189971924 308
1769553583.240052223 350
1769553583.289947987 340
1769553583.340054512 337
1769553583.391531467 362
1769553583.440069437 345
1769553583.493367434 324
1769553583.540039778 366
1769553583.589931488 389
1769553583.640035868 370
1769553583.690137863 357
1769553583.740003109 339
1769553583.789900541 359
1769553583.840035915 353
1769553583.891691923 355
1769553583.940066099 367
1769553583.990206003 360
1769553584.040007830 361
1769553584.089893579 370
1769553584.140033722 340
1769553584.190005064 371
1769553584.239895821 369
1769553584.289995670 395
1769553584.340435743 376
1769553584.389986753 375
1769553584.439870834 373
1769553584.489986658 362
1769553584.540112734 359
1769553584.589997768 368
1769553584.639872074 363
1769553584.689975739 372
1769553584.740225554 362
1769553584.789982557 359
1769553584.840109587 365
1769553584.890023232 367
1769553584.939895630 365
1769553584.989964485 373
1769553585.039863825 383
1769553585.089945555 359
1769553585.141281128 381
1769553585.189956903 341
1769553585.241749763 350
1769553585.289926767 374
1769553585.339824677 336
1769553585.389941454 365
1769553585.440834999 349
1769553585.489919662 366
1769553585.539805174 381
1769553585.589926004 360
1769553585.639744997 335
1769553585.689909935 342
1769553585.739764214 355
1769553585.789952278 349
1769553585.843189955 360
1769553585.889898062 349
1769553585.939808846 367
1769553585.989928007 352
1769553586.041246414 362
1769553586.089870453 354
1769553586.139767647 364
1769553586.189870834 369
1769553586.264232874 378
1769553586.292871237 361
1769553586.339855433 359
1769553586.422871113 375
1769553586.455274343 362
1769553586.489773035 384
1769553586.539839506 378
1769553586.589769363 374
1769553586.639849663 392
1769553586.690843344 365
1769553586.739859104 339
1769553586.789677143 362
1769553586.839824677 379
1769553586.889746904 340
1769553586.939827204 370
1769553586.993039131 395
1769553587.039805174 396
1769553587.089710951 395
1769553587.139800549 377
1769553587.189680576 392
1769553587.239840269 356
1769553587.289669991 383
1769553587.339807272 372
1769553587.390754700 397
1769553587.439785242 336
1769553587.489759922 385
1769553587.539789200 353
1769553587.591736317 373
1769553587.639794350 336
1769553587.689601421 310
1769553587.739800930 278
1769553587.791410685 310
1769553587.839784861 310
1769553587.889707088 286
1769553587.939785004 309
1769553587.992953062 293
1769553588.039756775 323
1769553588.089699507 276
1769553588.139783859 270
1769553588.191029549 281
1769553588.239752054 285
1769553588.289644241 275
1769553588.339740992 278
1769553588.390975237 305
1769553588.439743042 295
1769553588.489624739 263
1769553588.539927006 277
1769553588.590897322 287
1769553588.639714003 261
1769553588.689511776 290
1769553588.739597797 276
1769553588.789663553 282
1769553588.839691877 284
1769553588.889642477 256
1769553588.939717770 284
1769553588.989603519 293
1769553589.039705276 284
1769553589.091005087 260
1769553589.139694452 274
1769553589.189758539 263
1769553589.239610195 291
1769553589.289662361 288
1769553589.339648247 281
1769553589.389621735 293
1769553589.439633608 337
1769553589.489571095 338
1769553589.539637089 356
1769553589.589485168 325
1769553589.639674664 338
1769553589.689507484 360
1769553589.739641190 343
1769553589.789602280 363
1769553589.839645863 336
1769553589.892326832 352
1769553589.939616442 390
1769553589.989561081 327
1769553590.039677620 325
1769553590.089522362 328
1769553590.139620066 361
1769553590.189541340 345
1769553590.239633083 341
1769553590.292655945 358
1769553590.339594841 315
1769553590.389503241 335
1769553590.439610004 348
1769553590.489947557 312
1769553590.539635420 341
1769553590.589869738 369
1769553590.639634848 337
1769553590.690942764 340
1769553590.739583492 367
1769553590.789491892 348
1769553590.839586496 329
1769553590.889955759 350
1769553590.939583540 339
1769553590.989490032 380
1769553591.039574385 318
1769553591.089655638 344
1769553591.139768124 361
1769553591.194047689 346
1769553591.399310112 376
1769553591.478241205 348
1769553591.507466316 360
1769553591.539426565 374
1769553591.589516878 362
1769553591.639464855 360
1769553591.689527035 331
1769553591.742071390 347
1769553591.789521933 353
1769553591.839444637 393
1769553591.889591455 344
1769553591.940288544 387
1769553591.989418507 384
1769553592.039450884 386
1769553592.089483023 402
1769553592.139421225 418
1769553592.189637899 364
1769553592.239604473 425
1769553592.289518595 399
1769553592.339876652 367
1769553592.389590502 386
1769553592.441089630 377
1769553592.489503145 369
1769553592.539386272 353
1769553592.589516640 348
1769553592.639358759 352
1769553592.689494371 377
1769553592.739401817 351
1769553592.789461136 377
1769553592.839385271 357
1769553592.889469624 396
1769553592.939363480 364
1769553592.989435911 373
1769553593.039356232 392
1769553593.089451551 344
1769553593.140088320 350
1769553593.189496517 409
1769553593.239379883 361
1769553593.289487600 360
1769553593.342387915 373
1769553593.389441967 367
1769553593.439306498 377
1769553593.489448786 396
1769553593.542129517 360
1769553593.589413881 353
1769553593.639377594 358
1769553593.689435244 350
1769553593.739312172 378
1769553593.789429426 356
1769553593.839314461 356
1769553593.889454126 369
1769553593.939299822 359
1769553593.989422083 372
1769553594.039278030 357
1769553594.089211226 352
1769553594.139412880 389
1769553594.189279556 352
1769553594.239331484 368
1769553594.289318562 377
1769553594.339383841 374
1769553594.389255524 391
1769553594.439271450 403
1769553594.489257097 375
1769553594.539332151 370
1769553594.589244843 356
1769553594.639320612 392
1769553594.689161062 381
1769553594.739382744 342
1769553594.789221048 396
1769553594.839328289 371
1769553594.889233351 379
1769553594.939377308 372
1769553594.989106178 398
1769553595.039320230 361
1769553595.089159727 365
1769553595.139313221 371
1769553595.189885139 360
1769553595.239419937 351
1769553595.289202213 380
1769553595.339295387 378
1769553595.389517784 334
1769553595.439278603 376
1769553595.489194870 360
1769553595.539269447 373
1769553595.589192152 380
1769553595.639275312 339
1769553595.689093590 367
1769553595.739249468 383
1769553595.789190769 387
1769553595.839282513 376
1769553595.889150620 381
1769553595.939239740 371
1769553595.989126682 391
1769553596.039232254 348
1769553596.089121103 363
1769553596.139235258 404
1769553596.189457655 365
1769553596.239226580 360
1769553596.289074898 435
1769553596.339205742 382
1769553596.389145613 375
1769553596.439205408 394
1769553596.489133596 378
1769553596.539235830 395
1769553596.588997126 370
1769553596.639216661 376
1769553596.689559221 385
1769553596.739221811 354
1769553596.790214300 353
1769553596.839187860 388
1769553596.889687300 364
1769553596.939189672 390
1769553596.990880728 357
1769553597.039173126 367
1769553597.089113712 389
1769553597.139160872 381
1769553597.189035892 338
1769553597.239169836 373
1769553597.289676428 387
1769553597.339145422 367
1769553597.389067888 357
1769553597.439148903 413
1769553597.489070892 400
1769553597.539149284 353
1769553597.588985205 374
1769553597.639130354 365
1769553597.690062046 391
1769553597.739125013 341
1769553597.789036989 380
1769553597.839118004 338
1769553597.889030218 362
1769553597.939135790 387
1769553597.989078999 347
1769553598.039131880 381
1769553598.089004040 371
1769553598.138928890 380
1769553598.189110756 377
1769553598.239000797 375
1769553598.289071083 371
1769553598.339031219 392
1769553598.389106035 381
1769553598.441229820 380
1769553598.489029646 376
1769553598.538932800 371
1769553598.589074850 370
1769553598.638976812 395
1769553598.689068079 379
1769553598.738977432 368
1769553598.789067030 388
1769553598.839947701 362
1769553598.889051676 354
1769553598.938978672 364
1769553598.989066601 389
1769553599.038972139 374
1769553599.089047194 356
1769553599.139040709 401
1769553599.189044476 372
1769553599.238809347 363
1769553599.289043427 368
1769553599.338924646 384
1769553599.389084578 399
1769553599.440816164 392
1769553599.488899469 376
1769553599.538921356 386
1769553599.588898659 376
1769553599.639010191 363
1769553599.688987732 354
1769553599.738960266 363
1769553599.788986683 377
1769553599.838951826 368
1769553599.889003277 392
1769553599.938915014 388
1769553599.989000559 399
1769553600.040372372 405
1769553600.089005232 408
1769553600.138885260 384
1769553600.188982487 396
1769553600.239017963 427
1769553600.288950682 397
1769553600.338868618 388
1769553600.389024258 403
1769553600.438893557 397
1769553600.488963604 384
1769553600.538725853 427
1769553600.588961601 430
1769553600.643602371 437
1769553600.688940763 429
1769553600.738868475 423
1769553600.788943052 417
1769553600.838845253 429
1769553600.888925076 408
1769553600.938755751 429
1769553600.988914728 408
1769553601.038955450 425
1769553601.088931561 394
1769553601.139410019 377
1769553601.188921928 408
1769553601.238819361 444
1769553601.288923740 414
1769553601.338816404 395
1769553601.388913870 398
1769553601.439441204 423
1769553601.488889694 435
1769553601.538802624 401
1769553601.588920832 429
1769553601.643034458 405
1769553601.688895702 446
1769553601.738779545 435
1769553601.788862467 417
1769553601.838726997 430
1769553601.888930559 433
1769553601.938768148 424
1769553601.988851309 426
1769553602.038737059 401
1769553602.088851452 409
1769553602.138722420 411
1769553602.188848972 375
1769553602.240697384 394
1769553602.288825035 400
1769553602.338707447 419
1769553602.388848543 399
1769553602.438928604 379
1769553602.488885164 387
1769553602.542979479 389
1769553602.588819742 398
1769553602.638694048 388
1769553602.688747883 401
1769553602.738645077 426
1769553602.788845301 394
1769553602.838696003 387
1769553602.888833761 374
1769553602.938876629 400
1769553602.988814116 419
1769553603.038711071 369
1769553603.088801861 385
1769553603.139045238 404
1769553603.188835859 404
1769553603.238648891 409
1769553603.288791180 383
1769553603.339235783 391
1769553603.388785601 420
1769553603.439696312 395
1769553603.488791466 420
1769553603.539273977 430
1769553603.588772774 386
1769553603.641515493 386
1769553603.688740969 416
1769553603.738663435 390
1769553603.788747311 444
1769553603.838650227 433
1769553603.888745546 391
1769553603.939504147 411
1769553603.988717556 443
1769553604.039548397 420
1769553604.088739157 392
1769553604.138635635 417
1769553604.188744545 401
1769553604.239860535 367
1769553604.288743019 427
1769553604.338606834 395
1769553604.388737202 415
1769553604.440900803 393
1769553604.488715410 397
1769553604.538563013 415
1769553604.588658571 373
1769553604.640682697 369
1769553604.688649654 396
1769553604.738659859 405
1769553604.788595915 380
1769553604.838647604 379
1769553604.888559341 380
1769553604.938604116 393
1769553604.988558054 389
1769553605.038599730 391
1769553605.088523149 393
1769553605.138621330 373
1769553605.189194441 363
1769553605.238639116 409
1769553605.288518667 367
1769553605.338603973 409
1769553605.388507843 397
1769553605.438680172 412
1769553605.490638733 396
1769553605.538615704 404
1769553605.588550806 389
1769553605.638651371 376
1769553605.689222336 395
1769553605.738612413 373
1769553605.788554192 364
1769553605.838600397 376
1769553605.888399124 409
1769553605.938740969 356
1769553605.989041805 377
1769553606.038506985 382
1769553606.088439226 383
1769553606.138502359 372
1769553606.188498735 397
1769553606.238634348 408
1769553606.288513184 371
1769553606.338569641 354
1769553606.388492107 379
1769553606.438587189 380
1769553606.488349438 379
1769553606.538578749 358
1769553606.588478327 374
1769553606.638550520 378
1769553606.688475609 343
1769553606.738582850 399
1769553606.791052103 380
1769553606.838526487 345
1769553606.888451815 395
1769553606.938525200 366
1769553606.988459110 417
1769553607.044954777 374
1769553607.088500023 388
1769553607.138482332 367
1769553607.188506603 388
1769553607.238479614 404
1769553607.288453817 368
1769553607.338460922 394
1769553607.388507128 376
1769553607.438450575 378
1769553607.488497972 347
1769553607.538455009 376
1769553607.588492870 364
1769553607.638340712 350
1769553607.688477755 362
1769553607.738379478 352
1769553607.788446665 370
1769553607.839482546 366
1769553607.888460875 351
1769553607.938383102 343
1769553607.988409281 359
1769553608.038337231 379
1769553608.088435650 346
1769553608.138389111 368
1769553608.188443661 355
1769553608.238339663 348
1769553608.288442850 360
1769553608.339602709 385
1769553608.388488293 392
1769553608.438376665 400
1769553608.488454819 363
1769553608.538514137 357
1769553608.588444710 381
1769553608.638279915 395
1769553608.688261747 384
1769553608.738353252 409
1769553608.788451433 370
1769553608.838329077 403
1769553608.888427496 406
1769553608.938312531 368
1769553608.988425255 382
1769553609.038301706 380
1769553609.088438988 396
1769553609.138192177 345
1769553609.188482761 360
1769553609.238307953 368
1769553609.288416862 383
1769553609.338304520 381
1769553609.388430357 378
1769553609.438312531 410
1769553609.488398790 346
1769553609.538166761 392
1769553609.588414907 369
1769553609.638292551 368
1769553609.688398123 357
1769553609.738260508 385
1769553609.788387537 388
1769553609.838194132 332
1769553609.888343334 392
1769553609.938243389 381
1769553609.988332510 365
1769553610.038242340 372
1769553610.088297844 380
1769553610.138111591 345
1769553610.188337326 365
1769553610.238219023 391
1769553610.288311720 375
1769553610.338878870 381
1769553610.388312101 410
1769553610.438129902 383
1769553610.488308668 394
1769553610.538213491 388
1769553610.588309050 369
1769553610.638186932 400
1769553610.688313246 386
1769553610.738199949 386
1769553610.788320780 400
1769553610.838192225 354
1769553610.888295412 336
1769553610.938201666 399
1769553610.988307238 348
1769553611.042512417 364
1769553611.088273525 357
1769553611.138227463 385
1769553611.188252211 380
1769553611.238184690 376
1769553611.288241625 357
1769553611.338093281 350
1769553611.388247013 367
1769553611.439255714 369
1769553611.488247633 369
1769553611.538134098 360
1769553611.588242292 402
1769553611.638123512 390
1769553611.688232422 398
1769553611.739610195 380
1769553611.788230419 374
1769553611.838120937 342
1769553611.888129950 371
1769553611.938139439 373
1769553612.013860703 366
1769553612.054088593 353
1769553612.088104486 388
1769553612.138234615 384
1769553612.188128710 411
1769553612.238200665 396
1769553612.288136244 418
1769553612.338237286 374
1769553612.388089895 394
1769553612.438262939 390
1769553612.489124775 378
1769553612.538229227 404
1769553612.588031292 380
1769553612.638048649 388
1769553612.688006163 362
1769553612.738156796 396
1769553612.788110256 383
1769553612.838180304 408
1769553612.931471586 375
1769553612.969068527 407
1769553612.995795488 371
1769553613.038045645 360
1769553613.088132620 362
1769553613.138025761 372
1769553613.188142776 394
1769553613.253299475 378
1769553613.288026571 418
1769553613.338128328 380
1769553613.398367405 393
1769553613.438082218 375
1769553613.488115788 369
1769553613.538046837 372
1769553613.588096142 359
1769553613.638018847 390
1769553613.688101292 387
1769553613.737939358 379
1769553613.788094759 399
1769553613.837927580 363
1769553613.888094187 361
1769553613.937919378 383
1769553613.988052368 372
1769553614.037955523 362
1769553614.088076115 367
1769553614.138129473 379
1769553614.188044310 353
1769553614.237892389 364
1769553614.288052082 347
1769553614.337940931 371
1769553614.388056993 346
1769553614.437960863 346
1769553614.488056660 396
1769553614.537888050 362
1769553614.588031292 383
1769553614.641242743 326
1769553614.688019991 348
1769553614.737964630 381
1769553614.788068533 366
1769553614.837895155 346
1769553614.888019085 369
1769553614.937830687 371
1769553614.987999439 341
1769553615.037896633 354
1769553615.088008881 357
1769553615.137872219 372
1769553615.187989712 383
1769553615.238163948 361
1769553615.287975788 356
1769553615.337860823 342
1769553615.387999058 378
1769553615.437906504 366
1769553615.487988949 348
1769553615.538765907 372
1769553615.587975025 379
1769553615.638383865 325
1769553615.687952280 377
1769553615.737852573 357
1769553615.787955284 365
1769553615.837842703 337
1769553615.887946606 376
1769553615.937833071 361
1769553615.987940073 366
1769553616.037846565 372
1769553616.087852478 360
1769553616.137991190 343
1769553616.187944889 344
1769553616.237823486 354
1769553616.287911415 355
1769553616.337829113 348
1769553616.387947559 334
1769553616.440781116 325
1769553616.487730980 344
1769553616.537916183 352
1769553616.587831497 336
1769553616.637888193 370
1769553616.687801838 359
1769553616.737881899 361
1769553616.787782192 342
1769553616.837904930 341
1769553616.887743711 344
1769553616.937875032 335
1769553616.987806797 324
1769553617.037889481 349
1769553617.087781906 300
1769553617.137854099 321
1769553617.187807798 360
1769553617.237873554 334
1769553617.288109303 326
1769553617.337887287 346
1769553617.388757706 328
1769553617.437861681 317
1769553617.487713575 338
1769553617.537869453 313
1769553617.587760448 348
1769553617.637856007 326
1769553617.687771082 335
1769553617.737848282 328
1769553617.791046143 341
1769553617.837826490 317
1769553617.887775183 345
1769553617.937882662 365
1769553617.987699986 370
1769553618.037847757 350
1769553618.088680983 329
1769553618.137817621 362
1769553618.188759804 347
1769553618.237806320 350
1769553618.287667990 334
1769553618.337801218 322
1769553618.387729406 340
1769553618.437788486 354
1769553618.487707853 347
1769553618.537781477 347
1769553618.587636709 341
1769553618.637789726 354
1769553618.688107729 332
1769553618.737780571 336
1769553618.787795544 299
1769553618.837612629 341
1769553618.887639761 354
1769553618.937738180 332
1769553618.987710476 304
1769553619.037700653 308
1769553619.087709427 309
1769553619.137709379 313
1769553619.187721014 347
1769553619.237710238 312
1769553619.287675142 314
1769553619.337706327 354
1769553619.387696028 322
1769553619.437717915 348
1769553619.487665653 335
1769553619.537723303 350
1769553619.587629318 324
1769553619.637630463 333
1769553619.687674046 303
1769553619.737692595 366
1769553619.787647724 320
1769553619.837688684 332
1769553619.887620687 359
1769553619.937710762 324
1769553619.987616301 328
1769553620.037714720 349
1769553620.087857246 345
1769553620.137704849 347
1769553620.187630653 348
1769553620.237496376 346
1769553620.287698030 347
1769553620.338438034 317
1769553620.387686491 317
1769553620.437594175 348
1769553620.487689495 353
1769553620.539670706 347
1769553620.587672949 331
1769553620.637579203 319
1769553620.687677622 343
1769553620.737641811 345
1769553620.787571430 343
1769553620.837739468 342
1769553620.897107124 365
1769553620.937592030 314
1769553620.987643242 335
1769553621.037551641 329
1769553621.087615728 340
1769553621.137517452 345
1769553621.187672138 328
1769553621.237799168 367
1769553621.287611246 363
1769553621.337513447 338
1769553621.387639284 368
1769553621.439359188 335
1769553621.487600565 325
1769553621.537468672 323
1769553621.587616920 337
1769553621.640622139 363
1769553621.687604427 360
1769553621.737552166 341
1769553621.787664890 369
1769553621.837562084 310
1769553621.887580395 377
1769553621.937483311 324
1769553621.987596273 342
1769553622.037468195 337
1769553622.087595940 334
1769553622.137389660 322
1769553622.187558889 300
1769553622.237910271 301
1769553622.287568331 308
1769553622.337465763 327
1769553622.387595415 285
1769553622.441157579 340
1769553622.487606525 303
1769553622.537431002 300
1769553622.587553501 312
1769553622.638701677 311
1769553622.687510014 327
1769553622.737422228 332
1769553622.787530422 342
1769553622.839188337 317
1769553622.887451649 328
1769553622.937479973 298
1769553622.987453938 326
1769553623.037479639 320
1769553623.087431431 323
1769553623.137474775 321
1769553623.187389612 334
1769553623.237531424 326
1769553623.287316322 324
1769553623.337476492 337
1769553623.387382030 342
1769553623.437499046 341
1769553623.487406015 333
1769553623.537471771 311
1769553623.587381363 335
1769553623.637476683 294
1769553623.687310696 330
1769553623.737445116 339
1769553623.787428379 357
1769553623.837468624 336
1769553623.887368679 337
1769553623.937470198 311
1769553623.987363338 327
1769553624.037495375 331
1769553624.087355614 322
1769553624.137450218 327
1769553624.187316418 315
1769553624.237451553 320
1769553624.287258387 312
1769553624.337420702 325
1769553624.387317657 352
1769553624.437481880 319
1769553624.489689112 334
1769553624.537438393 305
1769553624.587315559 322
1769553624.637266159 298
1769553624.687379122 347
1769553624.737422705 325
1769553624.787291288 338
1769553624.837424040 332
1769553624.887295723 312
1769553624.937410831 310
1769553624.987283707 293
1769553625.037277937 359
1769553625.087181807 336
1769553625.137339354 324
1769553625.187263966 334
1769553625.237390995 330
1769553625.290955544 338
1769553625.337333918 339
1769553625.387274027 303
1769553625.437336206 332
1769553625.487238169 297
1769553625.537365913 333
1769553625.590617895 339
1769553625.637316942 306
1769553625.687245607 292
1769553625.737234592 294
1769553625.787264585 314
1769553625.837295055 281
1769553625.887320757 285
1769553625.937227488 277
1769553625.987409353 269
1769553626.062671423 273
1769553626.089839220 274
1769553626.137258053 290
1769553626.187262297 305
1769553626.237320900 280
1769553626.287208080 281
1769553626.337321758 252
1769553626.387174368 266
1769553626.437255144 293
1769553626.512401581 273
1769553626.541118145 291
1769553626.587236881 284
1769553626.637232780 280
1769553626.692290783 284
1769553626.737273455 289
1769553626.787216187 261
1769553626.837221146 259
1769553626.887251854 275
1769553626.937140942 255
1769553626.987265587 290
1769553627.039382935 287
1769553627.087240458 309
1769553627.137148142 286
1769553627.187247038 280
1769553627.237590790 290
1769553627.287232399 282
1769553627.338759661 322
1769553627.387285471 290
1769553627.437146664 299
1769553627.487213373 287
1769553627.537110090 285
1769553627.587248325 289
1769553627.637124538 298
1769553627.687199593 255
1769553627.739557028 270
1769553627.787194252 273
1769553627.837040663 281
1769553627.887174129 298
1769553627.937771797 290
1769553627.987182856 287
1769553628.037007093 294
1769553628.087180138 297
1769553628.137734652 287
1769553628.187159061 262
1769553628.236990213 307
1769553628.287162781 255
1769553628.337069988 288
1769553628.387149811 269
1769553628.437292814 287
1769553628.487138748 262
1769553628.537691832 294
1769553628.587138891 277
1769553628.637075663 276
1769553628.687141180 267
1769553628.737598658 283
1769553628.787137508 261
1769553628.841223717 277
1769553628.887178421 266
1769553628.937032938 269
1769553628.987123251 256
1769553629.037492275 260
1769553629.087110996 273
1769553629.136896610 281
1769553629.187116146 270
1769553629.241805792 287
1769553629.287081242 285
1769553629.337008476 277
1769553629.387098551 277
1769553629.437582731 283
1769553629.487078428 280
1769553629.537375450 291
1769553629.587119579 272
1769553629.637001038 285
1769553629.687066793 272
1769553629.739798784 270
1769553629.787066221 287
1769553629.836986303 272
1769553629.887074471 282
1769553629.936981201 280
1769553629.987065554 274
1769553630.037673950 283
1769553630.087056875 274
1769553630.137955666 274
1769553630.187047243 265
1769553630.237341881 287
1769553630.287050724 283
1769553630.337234974 308
1769553630.387073755 269
1769553630.436936140 296
1769553630.487024784 280
1769553630.536847591 285
1769553630.587009430 281
1769553630.637246132 298
1769553630.687008858 281
1769553630.742286921 285
1769553630.787023306 278
1769553630.836935282 282
1769553630.886993885 304
1769553630.936900616 284
1769553630.986856937 287
1769553631.036889791 297
1769553631.086897850 298
1769553631.136991262 283
1769553631.186864138 282
1769553631.236956358 296
1769553631.287014246 284
1769553631.336963654 300
1769553631.386768341 293
1769553631.436976194 299
1769553631.488642216 268
1769553631.537035465 292
1769553631.587260962 279
1769553631.637002707 283
1769553631.686857462 281
1769553631.736944914 277
1769553631.787405729 263
1769553631.836929798 276
1769553631.921684027 277
1769553631.957884312 271
1769553631.986850023 276
1769553632.036893368 292
1769553632.086850643 274
1769553632.136878729 264
1769553632.186750412 254
1769553632.236817360 270
1769553632.286890507 271
1769553632.336826086 278
1769553632.386923552 272
1769553632.436795712 263
1769553632.486922979 259
1769553632.536823273 278
1769553632.586891413 271
1769553632.638134241 278
1769553632.686895609 267
1769553632.736788034 271
1769553632.786919355 292
1769553632.836783409 278
1769553632.886871338 286
1769553632.937895775 289
1769553632.986855984 271
1769553633.036736965 290
1769553633.086871624 287
1769553633.138887405 257
1769553633.186850071 266
1769553633.236759663 265
1769553633.286825180 272
1769553633.339121342 247
1769553633.386818886 253
1769553633.436723232 278
1769553633.486828089 272
1769553633.538086176 253
1769553633.586796522 268
1769553633.636737347 239
1769553633.686820507 279
1769553633.736652851 264
1769553633.786796570 267
1769553633.845194340 255
1769553633.919182301 270
1769553633.955112457 281
1769553633.986710310 283
1769553634.036600828 275
1769553634.086682796 287
1769553634.136751890 280
1769553634.191429615 298
1769553634.236774683 263
1769553634.286662817 283
1769553634.336766720 283
1769553634.386708021 274
1769553634.436792135 297
1769553634.486664772 278
1769553634.536858082 278
1769553634.592812300 267
1769553634.636719704 283
1769553634.686680555 279
1769553634.736737967 264
1769553634.786668777 274
1769553634.836718798 286
1769553634.886659861 283
1769553634.936739683 252
1769553634.986629009 278
1769553635.036724567 276
1769553635.086923599 283
