2469.725037 0.0000000 0.0000000 0.0000000 -0.0000000 -0.0000000 -0.0000000 1.0000000
2471.247509 -0.0203332 0.0008075 -0.0013511 -0.0078035 -0.0016371 -0.0000947 0.9999682
2471.349495 -0.0213190 0.0007577 -0.0014398 -0.0074340 -0.0014065 -0.0002166 0.9999714
2471.854879 -0.0269081 0.0020069 -0.0022405 -0.0200496 0.0061887 -0.0010357 0.9997793
2472.106039 -0.0310993 0.0027092 -0.0018704 -0.0267815 0.0094716 -0.0016329 0.9995951
2472.206050 -0.0326836 0.0031568 -0.0017082 -0.0294353 0.0102245 -0.0018758 0.9995127
2472.805794 -0.0402433 0.0025698 -0.0030673 -0.0314721 0.0041729 -0.0019988 0.9994940
2472.955937 -0.0411314 0.0023864 -0.0033420 -0.0292054 0.0020138 -0.0016137 0.9995701
2473.255651 -0.0459229 0.0009121 -0.0038798 -0.0146388 -0.0028362 -0.0004453 0.9998887
2473.355662 -0.0469914 -0.0003089 -0.0042410 -0.0023633 -0.0041764 0.0002716 0.9999884
2474.202182 -0.0556209 -0.0058215 -0.0079827 0.0643279 -0.0134853 0.0036271 0.9978311
2474.302014 -0.0578625 -0.0071595 -0.0092464 0.0708543 -0.0175791 0.0036021 0.9973252
2475.145394 -0.0645663 -0.0116607 -0.0121115 0.1230494 -0.0202403 0.0062758 0.9921743
2475.783953 -0.0722000 -0.0134213 -0.0149630 0.1453581 -0.0215686 0.0070646 0.9891188
2476.374393 -0.0795241 -0.0123228 -0.0152712 0.1285002 -0.0177456 0.0069581 0.9915263
2476.624369 -0.0819447 -0.0119676 -0.0153138 0.1294892 -0.0163579 0.0077709 0.9914155
2476.824350 -0.0852439 -0.0122707 -0.0164545 0.1349299 -0.0176484 0.0079671 0.9906659
2477.024331 -0.0888269 -0.0133922 -0.0167940 0.1373414 -0.0164227 0.0078175 0.9903568
2477.474287 -0.0901083 -0.0134809 -0.0169435 0.1417413 -0.0137353 0.0087070 0.9897702
2477.574277 -0.0931439 -0.0131175 -0.0174546 0.1380638 -0.0130833 0.0084032 0.9903013
2478.324205 -0.0995148 -0.0098719 -0.0157891 0.0874840 -0.0085126 0.0065449 0.9961081
2479.624079 -0.1097695 0.0005507 -0.0152295 -0.0338574 0.0072680 -0.0023525 0.9993975
2479.724069 -0.1095825 0.0007706 -0.0148906 -0.0390337 0.0078997 -0.0024148 0.9992037
2480.573987 -0.1121955 0.0093904 -0.0151314 -0.1041076 0.0169249 -0.0100631 0.9943711
2480.723972 -0.1103228 0.0102339 -0.0119618 -0.1104780 0.0164741 -0.0096791 0.9936949
