2469.725037 0.0000000 0.0000000 0.0000000 -0.0000000 -0.0000000 -0.0000000 1.0000000
2471.197514 -0.0201509 0.0010805 -0.0017882 -0.0080748 -0.0016566 -0.0004476 0.9999660
2471.349495 -0.0214353 0.0007530 -0.0022000 -0.0073379 -0.0012521 -0.0003337 0.9999723
2471.553643 -0.0234648 0.0012987 -0.0023916 -0.0119148 0.0045259 -0.0007769 0.9999185
2471.654562 -0.0244219 0.0015156 -0.0021211 -0.0129181 0.0043876 -0.0007114 0.9999067
2472.656085 -0.0388316 0.0025400 -0.0035175 -0.0305401 0.0057368 -0.0020679 0.9995149
2472.955937 -0.0415509 0.0024341 -0.0039789 -0.0291295 0.0023843 -0.0017961 0.9995712
2473.055789 -0.0435612 0.0023021 -0.0040691 -0.0273362 0.0010416 -0.0016671 0.9996244
2473.355662 -0.0473821 -0.0007213 -0.0050413 -0.0025048 -0.0037471 0.0000256 0.9999899
2473.504185 -0.0487486 -0.0023250 -0.0059002 0.0107182 -0.0058723 0.0007652 0.9999250
2473.852650 -0.0522293 -0.0046916 -0.0074207 0.0369251 -0.0084943 0.0024030 0.9992790
2475.145394 -0.0653242 -0.0122324 -0.0134329 0.1227716 -0.0196932 0.0059817 0.9922215
2475.438708 -0.0688217 -0.0134450 -0.0153884 0.1372261 -0.0230504 0.0065189 0.9902501
2476.524379 -0.0817160 -0.0114035 -0.0163643 0.1256597 -0.0145988 0.0072729 0.9919393
2476.624369 -0.0839516 -0.0129007 -0.0174261 0.1290625 -0.0154039 0.0073974 0.9914892
2476.674364 -0.0832304 -0.0133304 -0.0170021 0.1315170 -0.0165499 0.0078152 0.9911450
2476.824350 -0.0852605 -0.0135997 -0.0177752 0.1344428 -0.0172806 0.0081826 0.9907369
2477.024331 -0.0873322 -0.0136865 -0.0171003 0.1373353 -0.0164763 0.0081708 0.9903539
2477.174316 -0.0878932 -0.0135553 -0.0174768 0.1404004 -0.0161370 0.0085342 0.9899265
2477.624272 -0.0882070 -0.0131506 -0.0179455 0.1362604 -0.0142780 0.0087502 0.9905316
2478.824156 -0.1042343 -0.0045147 -0.0153607 0.0418636 0.0025766 0.0048033 0.9991085
2478.974142 -0.1077250 -0.0048336 -0.0168082 0.0274551 0.0065422 0.0030206 0.9995971
2480.124030 -0.1059744 0.0095488 -0.0158010 -0.0711756 0.0099703 -0.0048013 0.9974024
2480.473997 -0.1050102 0.0105897 -0.0135368 -0.0957258 0.0137029 -0.0075732 0.9952846
2480.623982 -0.1064041 0.0112446 -0.0130477 -0.1063291 0.0151755 -0.0099847 0.9941651
2481.123934 -0.1055780 0.0087617 -0.0145738 -0.1117135 0.0162713 -0.0095358 0.9935615
