2444.927438 0.0000000 0.0000000 0.0000000 -0.0000000 -0.0000000 -0.0000000 1.0000000
2449.526993 -0.0149682 0.0022855 0.0023889 -0.0233067 -0.0198915 -0.0013157 0.9995296
2449.576988 -0.0156599 0.0022834 0.0026943 -0.0227270 -0.0210086 -0.0014427 0.9995199
2449.726974 -0.0169760 0.0020289 0.0024000 -0.0230984 -0.0237558 -0.0015502 0.9994497
2450.026944 -0.0211716 0.0021238 0.0028879 -0.0197628 -0.0289040 -0.0039634 0.9993790
2450.576891 -0.0299845 0.0016824 0.0029213 -0.0157110 -0.0441198 -0.0150747 0.9987890
2451.576794 -0.0479429 0.0017275 0.0025654 -0.0107511 -0.0689063 -0.0360297 0.9969143
2452.426712 -0.0593617 0.0024175 0.0018604 -0.0048390 -0.0896230 -0.0454349 0.9949271
2452.676688 -0.0654795 0.0025531 0.0001726 -0.0026016 -0.0985784 -0.0480201 0.9939666
2452.726683 -0.0678752 0.0032892 -0.0003711 -0.0034491 -0.1020428 -0.0482513 0.9936031
2452.826673 -0.0723994 0.0038167 -0.0018102 -0.0037268 -0.1109866 -0.0509848 0.9925063
2453.776581 -0.0855985 0.0053364 -0.0029681 -0.0085973 -0.1347902 -0.0680377 0.9884982
2454.026557 -0.0882755 0.0064346 -0.0024656 -0.0085016 -0.1383222 -0.0741844 0.9875684
2454.926470 -0.0999315 0.0082153 -0.0044121 -0.0073175 -0.1592237 -0.0918692 0.9829315
2456.726296 -0.1286575 0.0157583 -0.0108063 -0.0145213 -0.1908350 -0.1320794 0.9725873
2457.126257 -0.1383092 0.0188328 -0.0138367 -0.0163281 -0.2019288 -0.1427824 0.9687989
2457.676204 -0.1502395 0.0226347 -0.0191206 -0.0159696 -0.2213899 -0.1586861 0.9620552
2457.876184 -0.1538534 0.0229281 -0.0228363 -0.0166807 -0.2286846 -0.1641178 0.9594219
2458.326141 -0.1623163 0.0249200 -0.0267736 -0.0086552 -0.2402423 -0.1718966 0.9553326
2458.676502 -0.1758494 0.0281106 -0.0378175 0.0163047 -0.2625752 -0.1796828 0.9478938
2459.287288 -0.1886062 0.0308325 -0.0476908 0.0595135 -0.2923162 -0.1821640 0.9369235
2459.438499 -0.1907062 0.0306300 -0.0493727 0.0688011 -0.2970631 -0.1815463 0.9349122
2459.594331 -0.1937546 0.0307690 -0.0520291 0.0792255 -0.3047155 -0.1822858 0.9314740
2459.796524 -0.1986756 0.0329561 -0.0554279 0.0920406 -0.3148244 -0.1838047 0.9266229
2460.147715 -0.2051286 0.0335171 -0.0607584 0.1163253 -0.3293149 -0.1811002 0.9193600
2460.550758 -0.2096151 0.0350748 -0.0652281 0.1312220 -0.3384288 -0.1806496 0.9141184
2461.352873 -0.2216053 0.0398802 -0.0766432 0.1611297 -0.3638486 -0.1810008 0.8993832
2461.752795 -0.2291151 0.0440709 -0.0837634 0.1751026 -0.3782818 -0.1837352 0.8902153
2464.790884 -0.2567765 0.0629274 -0.1150515 0.2001387 -0.4164284 -0.1731741 0.8697946
2465.133957 -0.2664332 0.0706773 -0.1247529 0.2065210 -0.4222628 -0.1730855 0.8654968
2465.625434 -0.2655995 0.0711290 -0.1263074 0.1872785 -0.4198562 -0.1829299 0.8690134
2465.975400 -0.2649093 0.0721572 -0.1278381 0.1724166 -0.4132195 -0.1899352 0.8737544
2466.075391 -0.2640054 0.0730676 -0.1284107 0.1673974 -0.4133862 -0.1924662 0.8740977
2466.375362 -0.2613133 0.0773249 -0.1328601 0.1447410 -0.4145150 -0.2026485 0.8753062
2466.675333 -0.2626166 0.0807041 -0.1328304 0.1198730 -0.4024231 -0.2172990 0.8811738
2469.575052 -0.2861382 0.1116594 -0.1555478 0.0343751 -0.3823216 -0.2657330 0.8843272
2469.725037 -0.2896464 0.1126898 -0.1550876 0.0315757 -0.3801198 -0.2673446 0.8848948
2470.995143 -0.2994030 0.1237605 -0.1681623 0.0227176 -0.3777644 -0.2724169 0.8846282
2471.502878 -0.2991940 0.1245042 -0.1699891 0.0242882 -0.3763943 -0.2708363 0.8856552
2471.854879 -0.3021978 0.1276514 -0.1737428 0.0162079 -0.3689187 -0.2758000 0.8874518
2472.656085 -0.3074542 0.1339666 -0.1813481 0.0072980 -0.3667081 -0.2803932 0.8870466
2473.454862 -0.3129312 0.1350239 -0.1899829 0.0364744 -0.3860090 -0.2642731 0.8830778
2473.653795 -0.3146077 0.1342959 -0.1920184 0.0509071 -0.3937973 -0.2569613 0.8810806
2475.390431 -0.3232867 0.1335266 -0.2127045 0.1396000 -0.4324235 -0.2106873 0.8655245
2476.574374 -0.3283757 0.1393403 -0.2210728 0.1378981 -0.4256436 -0.2101570 0.8692788
2477.074326 -0.3304409 0.1405601 -0.2249432 0.1459331 -0.4286118 -0.2051249 0.8677092
2477.374297 -0.3320689 0.1421815 -0.2253200 0.1508159 -0.4281753 -0.2028041 0.8676353
2477.524282 -0.3321664 0.1421606 -0.2273075 0.1479486 -0.4260485 -0.2042655 0.8688322
2477.674268 -0.3312910 0.1427608 -0.2280360 0.1423053 -0.4244952 -0.2069048 0.8699100
2478.074229 -0.3321714 0.1473638 -0.2297803 0.1205991 -0.4167448 -0.2186261 0.8740608
2478.474190 -0.3352901 0.1512183 -0.2307075 0.0935593 -0.4065275 -0.2325501 0.8785799
2478.724166 -0.3357809 0.1551716 -0.2333477 0.0753112 -0.3945038 -0.2436919 0.8827849
2478.974142 -0.3363229 0.1577391 -0.2330446 0.0568027 -0.3827119 -0.2543614 0.8863438
2480.074035 -0.3340482 0.1662176 -0.2308892 -0.0250864 -0.3520976 -0.2974011 0.8871023
2480.424001 -0.3327855 0.1688856 -0.2302516 -0.0449234 -0.3408284 -0.3082122 0.8870306
2480.723972 -0.3327203 0.1704648 -0.2295149 -0.0582413 -0.3346484 -0.3151410 0.8861741
2481.823866 -0.3332592 0.1717336 -0.2300229 -0.0587738 -0.3370010 -0.3149740 0.8853064
2481.923856 -0.3330081 0.1705602 -0.2292757 -0.0582834 -0.3380292 -0.3143454 0.8851703
