2469.725037 0.0000000 0.0000000 0.0000000 -0.0000000 -0.0000000 -0.0000000 1.0000000
2471.349495 -0.0213325 0.0000118 -0.0027308 -0.0075798 -0.0018131 -0.0002066 0.9999696
2471.451994 -0.0225252 -0.0002195 -0.0028573 -0.0087387 0.0005839 -0.0004410 0.9999616
2471.854879 -0.0278729 0.0005592 -0.0039120 -0.0205041 0.0059920 -0.0012186 0.9997711
2472.256203 -0.0343249 0.0013796 -0.0041296 -0.0314960 0.0095753 -0.0018625 0.9994563
2472.455927 -0.0376819 0.0014567 -0.0044509 -0.0304659 0.0072139 -0.0022041 0.9995074
2472.656085 -0.0392952 0.0009580 -0.0050451 -0.0310644 0.0050049 -0.0019907 0.9995029
2473.005933 -0.0435270 0.0007155 -0.0055019 -0.0274325 0.0004780 -0.0015692 0.9996223
2473.155503 -0.0460443 -0.0001323 -0.0063685 -0.0238923 -0.0015276 -0.0012679 0.9997126
2473.504185 -0.0499058 -0.0039864 -0.0082239 0.0103021 -0.0065871 0.0010292 0.9999247
2474.102764 -0.0557751 -0.0082626 -0.0110128 0.0559946 -0.0118090 0.0034529 0.9983553
2474.152601 -0.0562887 -0.0089172 -0.0110754 0.0576055 -0.0123404 0.0036720 0.9982564
2475.438708 -0.0710677 -0.0162783 -0.0186708 0.1367870 -0.0239742 0.0066341 0.9902881
2476.079045 -0.0783478 -0.0147110 -0.0206823 0.1364422 -0.0229482 0.0074040 0.9903545
2476.524379 -0.0830808 -0.0140631 -0.0204835 0.1251636 -0.0159842 0.0077516 0.9919771
2476.624369 -0.0842494 -0.0146337 -0.0204127 0.1289218 -0.0170373 0.0079453 0.9914766
2476.724360 -0.0847137 -0.0143481 -0.0211387 0.1319862 -0.0183165 0.0080751 0.9910494
2477.024331 -0.0900147 -0.0157029 -0.0213757 0.1369595 -0.0174570 0.0084386 0.9903869
2477.174316 -0.0893093 -0.0166163 -0.0207270 0.1397008 -0.0175619 0.0087392 0.9899995
2477.524282 -0.0901253 -0.0156169 -0.0215526 0.1391403 -0.0151328 0.0090573 0.9901156
2477.624272 -0.0932942 -0.0125550 -0.0255299 0.1366512 -0.0148338 0.0087959 0.9904691
2479.374103 -0.1111481 -0.0074788 -0.0252041 -0.0128381 0.0070520 -0.0006571 0.9998925
2480.723972 -0.1117697 -0.0076331 -0.0259983 -0.1169956 0.0146718 -0.0092133 0.9929814
2481.323914 -0.1134733 -0.0007127 -0.0236109 -0.1172267 0.0163386 -0.0102001 0.9929184
2481.723875 -0.1123750 -0.0012276 -0.0246831 -0.1153883 0.0130895 -0.0098188 0.9931857
