2469.725037 0.0000000 0.0000000 0.0000000 -0.0000000 -0.0000000 -0.0000000 1.0000000
2471.247509 -0.0204677 0.0007550 -0.0015047 -0.0078318 -0.0016129 -0.0002862 0.9999680
2471.349495 -0.0209108 0.0007532 -0.0019751 -0.0074060 -0.0016219 -0.0003205 0.9999712
2471.804883 -0.0259562 0.0011594 -0.0022258 -0.0175540 0.0051486 -0.0011227 0.9998320
2472.155896 -0.0318486 0.0020874 -0.0019939 -0.0293048 0.0110792 -0.0021385 0.9995068
2472.755937 -0.0387644 0.0021574 -0.0029153 -0.0312335 0.0039305 -0.0019801 0.9995025
2472.955937 -0.0406440 0.0023577 -0.0033113 -0.0292534 0.0017553 -0.0018335 0.9995688
2473.005933 -0.0420401 0.0016111 -0.0035368 -0.0272507 0.0006304 -0.0015935 0.9996272
2473.355662 -0.0465922 -0.0003753 -0.0044081 -0.0023997 -0.0043766 0.0001149 0.9999875
2474.102764 -0.0535651 -0.0061742 -0.0079472 0.0565022 -0.0117276 0.0031225 0.9983287
2474.202182 -0.0551618 -0.0066614 -0.0085013 0.0639660 -0.0137376 0.0035918 0.9978511
2476.029050 -0.0755680 -0.0134622 -0.0160030 0.1391208 -0.0233863 0.0069651 0.9899747
2476.325840 -0.0780281 -0.0125269 -0.0162361 0.1294132 -0.0189072 0.0069743 0.9913859
2476.624369 -0.0806746 -0.0123433 -0.0155063 0.1293640 -0.0169608 0.0075877 0.9914231
2476.724360 -0.0817730 -0.0119915 -0.0164253 0.1324528 -0.0181245 0.0078756 0.9909923
2476.824350 -0.0832793 -0.0125611 -0.0177072 0.1349152 -0.0185846 0.0080985 0.9906498
2477.024331 -0.0850757 -0.0128100 -0.0168761 0.1377511 -0.0179996 0.0083470 0.9902681
2477.174316 -0.0853997 -0.0128587 -0.0164958 0.1406780 -0.0176478 0.0083843 0.9898626
2477.574277 -0.0902518 -0.0130353 -0.0178733 0.1382443 -0.0143687 0.0084323 0.9902580
2478.774161 -0.1036953 -0.0055174 -0.0172191 0.0462175 0.0000000 0.0033136 0.9989259
2479.724069 -0.1074707 0.0028460 -0.0165035 -0.0384387 0.0068634 -0.0036860 0.9992306
2479.824059 -0.1067329 0.0030022 -0.0202250 -0.0491723 0.0078559 -0.0036803 0.9987527
2480.573987 -0.1050936 0.0119950 -0.0179768 -0.1030084 0.0139139 -0.0098624 0.9945343
2481.623885 -0.1064801 0.0110604 -0.0149812 -0.1112266 0.0135911 -0.0099921 0.9936519
2481.873861 -0.1052856 0.0109452 -0.0168217 -0.1096643 0.0108516 -0.0099005 0.9938601
