2444.927438 0.0000000 0.0000000 0.0000000 -0.0000000 -0.0000000 -0.0000000 1.0000000
2449.526993 -0.0155236 0.0027100 0.0026156 -0.0231624 -0.0197175 -0.0013653 0.9995363
2449.676978 -0.0169183 0.0025767 0.0028887 -0.0225685 -0.0232288 -0.0015976 0.9994741
2449.826964 -0.0185991 0.0023909 0.0029989 -0.0217041 -0.0255228 -0.0021619 0.9994363
2449.976949 -0.0206738 0.0025158 0.0027292 -0.0204390 -0.0279561 -0.0031663 0.9993952
2451.126838 -0.0393201 0.0017206 0.0030711 -0.0113771 -0.0571478 -0.0288269 0.9978846
2451.576794 -0.0485245 0.0023620 0.0031100 -0.0105263 -0.0689120 -0.0361264 0.9969128
2452.426712 -0.0602477 0.0020063 0.0016238 -0.0050346 -0.0895036 -0.0456400 0.9949275
2452.726683 -0.0685379 0.0035090 -0.0000051 -0.0033986 -0.1020601 -0.0484389 0.9935924
2452.826673 -0.0732096 0.0039811 -0.0019368 -0.0036309 -0.1109289 -0.0511765 0.9925032
2453.176639 -0.0794838 0.0048919 -0.0026629 -0.0093741 -0.1249201 -0.0596111 0.9903300
2453.976562 -0.0887929 0.0065932 -0.0023672 -0.0079179 -0.1375348 -0.0727904 0.9877869
2454.226538 -0.0919862 0.0074145 -0.0026328 -0.0089113 -0.1417407 -0.0775332 0.9868226
2456.326335 -0.1234585 0.0149375 -0.0081120 -0.0122706 -0.1856160 -0.1218621 0.9749594
2456.826286 -0.1324542 0.0181547 -0.0101422 -0.0155181 -0.1940970 -0.1342677 0.9716263
2457.126257 -0.1404181 0.0203384 -0.0124959 -0.0158697 -0.2017183 -0.1430891 0.9688051
2457.726199 -0.1536192 0.0249312 -0.0185283 -0.0159355 -0.2237495 -0.1597110 0.9613400
2458.076165 -0.1602419 0.0269678 -0.0221937 -0.0149188 -0.2317008 -0.1668408 0.9582570
2458.176155 -0.1603287 0.0266987 -0.0222616 -0.0107267 -0.2346162 -0.1700175 0.9570445
2458.526122 -0.1719205 0.0297865 -0.0293245 0.0059147 -0.2532836 -0.1772400 0.9509987
2458.576117 -0.1738890 0.0309017 -0.0299000 0.0086054 -0.2564746 -0.1776604 0.9500440
2459.594331 -0.1944539 0.0337160 -0.0477580 0.0798769 -0.3052952 -0.1817221 0.9313386
2459.947655 -0.2024257 0.0357098 -0.0544463 0.1040424 -0.3218679 -0.1826687 0.9231513
2460.048337 -0.2035939 0.0358668 -0.0551857 0.1098592 -0.3254469 -0.1817587 0.9214006
2460.398896 -0.2085015 0.0368987 -0.0600007 0.1278138 -0.3354828 -0.1805098 0.9157135
2460.651143 -0.2109742 0.0372521 -0.0619661 0.1358340 -0.3412156 -0.1796981 0.9125950
2461.952242 -0.2321801 0.0464562 -0.0810385 0.1824410 -0.3796599 -0.1808481 0.8887450
2463.850932 -0.2478308 0.0570118 -0.0991622 0.1950047 -0.4050471 -0.1756463 0.8758187
2464.345787 -0.2509866 0.0599048 -0.1046818 0.1975738 -0.4094747 -0.1743025 0.8734493
2465.875410 -0.2660590 0.0747797 -0.1250569 0.1790071 -0.4157148 -0.1873435 0.8718029
2465.975400 -0.2660502 0.0750251 -0.1254347 0.1732815 -0.4132846 -0.1900849 0.8735200
2466.425357 -0.2709466 0.0844979 -0.1315088 0.1431147 -0.4113570 -0.2059729 0.8762870
2466.675333 -0.2710051 0.0877512 -0.1305719 0.1215259 -0.4011755 -0.2180919 0.8813204
2468.175187 -0.2832754 0.1050752 -0.1435511 0.0694621 -0.3882385 -0.2480620 0.8848227
2468.425163 -0.2848240 0.1069316 -0.1458182 0.0603894 -0.3875637 -0.2527365 0.8844613
2468.875119 -0.2859186 0.1095786 -0.1464032 0.0502440 -0.3829253 -0.2581168 0.8855616
2469.325076 -0.2890282 0.1137369 -0.1513939 0.0400418 -0.3836873 -0.2630984 0.8842850
2469.625047 -0.2902510 0.1143208 -0.1544386 0.0336718 -0.3814798 -0.2663962 0.8845182
2470.025008 -0.2912841 0.1162021 -0.1563413 0.0268455 -0.3772511 -0.2698293 0.8855242
2471.147519 -0.2990789 0.1239554 -0.1671608 0.0236466 -0.3795491 -0.2709107 0.8843024
2471.502878 -0.3014372 0.1256760 -0.1697071 0.0243821 -0.3759044 -0.2711786 0.8857560
2471.854879 -0.3030716 0.1286381 -0.1726603 0.0162490 -0.3689809 -0.2756363 0.8874760
2472.805794 -0.3093623 0.1363800 -0.1814408 0.0064294 -0.3676045 -0.2806939 0.8865871
2473.205498 -0.3122303 0.1379583 -0.1859286 0.0145304 -0.3762304 -0.2755431 0.8844861
2473.454862 -0.3141736 0.1366518 -0.1889399 0.0366855 -0.3859920 -0.2640156 0.8831536
2474.352365 -0.3191225 0.1349471 -0.1995490 0.0906501 -0.4157004 -0.2357540 0.8737252
2474.897828 -0.3212578 0.1343428 -0.2046188 0.1210129 -0.4250266 -0.2203424 0.8695732
2475.438708 -0.3246704 0.1355316 -0.2099813 0.1449422 -0.4340834 -0.2074131 0.8646058
2476.724360 -0.3316411 0.1431117 -0.2208712 0.1415125 -0.4274428 -0.2084260 0.8682312
2476.824350 -0.3316063 0.1434090 -0.2216118 0.1436072 -0.4286632 -0.2071065 0.8676012
2476.924340 -0.3320524 0.1434792 -0.2223083 0.1451721 -0.4286729 -0.2059887 0.8676020
2477.074326 -0.3328699 0.1441891 -0.2227863 0.1467854 -0.4285137 -0.2052442 0.8675857
2477.674268 -0.3350154 0.1462526 -0.2267316 0.1429762 -0.4243354 -0.2072053 0.8698065
2478.474190 -0.3385337 0.1540228 -0.2297890 0.0942654 -0.4063132 -0.2330208 0.8784788
2478.674171 -0.3394160 0.1583430 -0.2315724 0.0785678 -0.3966934 -0.2424122 0.8818718
2478.824156 -0.3404923 0.1598124 -0.2315642 0.0684834 -0.3891786 -0.2482664 0.8844286
2479.174122 -0.3426571 0.1622786 -0.2306054 0.0407874 -0.3763929 -0.2636524 0.8872160
2480.074035 -0.3388234 0.1709914 -0.2274390 -0.0240312 -0.3520723 -0.2973545 0.8871572
2480.873958 -0.3364872 0.1723166 -0.2271636 -0.0611407 -0.3332475 -0.3168660 0.8858916
2481.123934 -0.3372069 0.1733738 -0.2271719 -0.0584901 -0.3330365 -0.3160509 0.8864409
2481.823866 -0.3366387 0.1733795 -0.2265727 -0.0589048 -0.3375326 -0.3148399 0.8851428
