2469.725037 0.0000000 0.0000000 0.0000000 -0.0000000 -0.0000000 -0.0000000 1.0000000
2471.247509 -0.0200110 -0.0006032 -0.0035901 -0.0082206 -0.0016638 -0.0001270 0.9999648
2471.349495 -0.0200987 -0.0009628 -0.0038306 -0.0079699 -0.0017575 -0.0001473 0.9999667
2471.502878 -0.0220772 -0.0007980 -0.0037981 -0.0098939 0.0017427 -0.0003188 0.9999495
2472.106039 -0.0305434 -0.0002951 -0.0050298 -0.0278367 0.0094505 -0.0017113 0.9995664
2472.206050 -0.0318212 -0.0003441 -0.0052248 -0.0306901 0.0100775 -0.0018495 0.9994764
2472.905942 -0.0399300 -0.0007979 -0.0068520 -0.0318931 0.0027817 -0.0018167 0.9994858
2472.955937 -0.0405663 -0.0007238 -0.0070643 -0.0302505 0.0020284 -0.0017555 0.9995388
2473.355662 -0.0455928 -0.0040726 -0.0086792 -0.0036292 -0.0044948 0.0003626 0.9999833
2474.102764 -0.0526428 -0.0094728 -0.0128912 0.0553795 -0.0117520 0.0036896 0.9983894
2474.352365 -0.0575518 -0.0111838 -0.0144772 0.0723995 -0.0192126 0.0039827 0.9971827
2475.145394 -0.0639759 -0.0160861 -0.0180676 0.1215426 -0.0203541 0.0063942 0.9923569
2475.438708 -0.0662613 -0.0173964 -0.0198898 0.1360386 -0.0241282 0.0069585 0.9903852
2476.424389 -0.0793527 -0.0152675 -0.0219183 0.1260591 -0.0171717 0.0075681 0.9918453
2476.524379 -0.0801265 -0.0149216 -0.0216334 0.1245902 -0.0154483 0.0077630 0.9920577
2476.824350 -0.0842072 -0.0158567 -0.0233190 0.1337774 -0.0179357 0.0084669 0.9908129
2476.974335 -0.0847656 -0.0163134 -0.0227118 0.1358335 -0.0175799 0.0087301 0.9905373
2477.074326 -0.0873603 -0.0166118 -0.0222287 0.1371497 -0.0164340 0.0089017 0.9903740
2477.324302 -0.0874491 -0.0156318 -0.0231775 0.1413140 -0.0158299 0.0089813 0.9897975
2477.574277 -0.0873744 -0.0157187 -0.0232078 0.1373464 -0.0147994 0.0091778 0.9903700
2480.473997 -0.1074385 -0.0064732 -0.0276544 -0.1019731 0.0144282 -0.0074545 0.9946546
2481.023943 -0.1045736 -0.0068764 -0.0243246 -0.1172865 0.0148797 -0.0098387 0.9929379
2481.573890 -0.1078716 -0.0039041 -0.0262407 -0.1173718 0.0149796 -0.0109899 0.9929143
2481.673880 -0.1063972 -0.0002127 -0.0256146 -0.1148892 0.0138194 -0.0113604 0.9932172
