2469.725037 0.0000000 0.0000000 0.0000000 -0.0000000 -0.0000000 -0.0000000 1.0000000
2471.197514 -0.0190743 0.0004913 -0.0021592 -0.0082784 -0.0020776 -0.0003243 0.9999635
2471.349495 -0.0199949 0.0003490 -0.0025118 -0.0075018 -0.0018153 -0.0001554 0.9999702
2471.502878 -0.0216332 0.0004197 -0.0024243 -0.0094736 0.0015933 -0.0002144 0.9999538
2472.356351 -0.0341701 0.0016933 -0.0032442 -0.0307237 0.0084825 -0.0021656 0.9994896
2472.755937 -0.0373552 0.0015458 -0.0038865 -0.0313499 0.0036683 -0.0016606 0.9995004
2472.955937 -0.0393198 0.0015471 -0.0045409 -0.0294251 0.0016062 -0.0015804 0.9995645
2473.255651 -0.0437974 -0.0002627 -0.0053491 -0.0150339 -0.0033256 -0.0004141 0.9998814
2473.405519 -0.0454958 -0.0018528 -0.0062313 0.0011976 -0.0050135 0.0004505 0.9999866
2473.504185 -0.0462439 -0.0027917 -0.0066308 0.0105560 -0.0067411 0.0010137 0.9999211
2474.152601 -0.0518903 -0.0068381 -0.0092815 0.0581131 -0.0126565 0.0036343 0.9982232
2475.145394 -0.0605135 -0.0117508 -0.0136246 0.1229776 -0.0213692 0.0065500 0.9921578
2475.438708 -0.0645032 -0.0128453 -0.0152961 0.1374815 -0.0245401 0.0066297 0.9901782
2475.832546 -0.0681842 -0.0118563 -0.0165983 0.1465299 -0.0223873 0.0074080 0.9889252
2476.374393 -0.0751561 -0.0119414 -0.0165214 0.1286418 -0.0189947 0.0071907 0.9914832
2476.674364 -0.0781438 -0.0124250 -0.0169690 0.1318313 -0.0182397 0.0082568 0.9910700
2476.824350 -0.0815494 -0.0130176 -0.0176910 0.1346277 -0.0185529 0.0081420 0.9906891
2476.974335 -0.0822806 -0.0124020 -0.0178363 0.1370498 -0.0182512 0.0086792 0.9903580
2477.174316 -0.0841870 -0.0129660 -0.0171975 0.1405560 -0.0174839 0.0085549 0.9898814
2477.574277 -0.0846548 -0.0122153 -0.0181930 0.1384159 -0.0154639 0.0089826 0.9902127
2479.574084 -0.1067631 -0.0016806 -0.0200055 -0.0309464 0.0066205 -0.0030374 0.9994946
2480.074035 -0.1059201 -0.0013605 -0.0224556 -0.0719461 0.0096242 -0.0062858 0.9973423
2480.673977 -0.1062793 -0.0012394 -0.0229727 -0.1132410 0.0153229 -0.0103079 0.9933959
2480.773967 -0.1063295 -0.0014796 -0.0227029 -0.1153227 0.0154819 -0.0104320 0.9931527
2480.973948 -0.1063324 -0.0012574 -0.0230942 -0.1162710 0.0157324 -0.0110404 0.9930316
