2444.927438 0.0000000 0.0000000 0.0000000 -0.0000000 -0.0000000 -0.0000000 1.0000000
2449.526993 -0.0148318 0.0019222 0.0018391 -0.0234019 -0.0198384 -0.0012849 0.9995285
2449.676978 -0.0164195 0.0017844 0.0021487 -0.0228381 -0.0231553 -0.0015322 0.9994698
2449.726974 -0.0167091 0.0016160 0.0019086 -0.0232168 -0.0237496 -0.0015865 0.9994471
2450.326915 -0.0246370 0.0014245 0.0023556 -0.0178965 -0.0366640 -0.0091687 0.9991253
2451.326819 -0.0419728 0.0012357 0.0023139 -0.0114453 -0.0623890 -0.0320892 0.9974703
2451.626790 -0.0482889 0.0015680 0.0021773 -0.0115534 -0.0707538 -0.0370890 0.9967371
2451.826770 -0.0517262 0.0017751 0.0020568 -0.0105335 -0.0759428 -0.0404546 0.9962355
2452.426712 -0.0585407 0.0017656 0.0013816 -0.0050907 -0.0897300 -0.0456229 0.9949076
2452.726683 -0.0662680 0.0023244 -0.0008640 -0.0037889 -0.1023987 -0.0483418 0.9935609
2454.426519 -0.0915246 0.0060735 -0.0039593 -0.0084996 -0.1464641 -0.0811595 0.9858444
2455.626402 -0.1126205 0.0108811 -0.0085197 -0.0100529 -0.1777059 -0.1094290 0.9779289
2456.226344 -0.1194528 0.0131291 -0.0094441 -0.0120365 -0.1848122 -0.1197435 0.9753774
2456.776291 -0.1278982 0.0157146 -0.0114005 -0.0159860 -0.1928278 -0.1325462 0.9721077
2457.426228 -0.1421510 0.0202358 -0.0164915 -0.0176371 -0.2137078 -0.1495696 0.9652185
2457.576214 -0.1459341 0.0218338 -0.0174428 -0.0166030 -0.2192051 -0.1549779 0.9631487
2457.826189 -0.1513969 0.0232144 -0.0213323 -0.0162894 -0.2277706 -0.1627294 0.9598825
2457.876184 -0.1524249 0.0233431 -0.0219941 -0.0164407 -0.2288924 -0.1648772 0.9592463
2458.126160 -0.1569162 0.0241968 -0.0249205 -0.0138180 -0.2331073 -0.1687839 0.9575918
2458.426131 -0.1654017 0.0266997 -0.0297051 0.0006828 -0.2465857 -0.1756335 0.9530729
2458.576117 -0.1692672 0.0286869 -0.0320053 0.0082502 -0.2570342 -0.1782574 0.9497840
2458.676502 -0.1733219 0.0289350 -0.0354260 0.0166982 -0.2633965 -0.1802702 0.9475474
2459.084542 -0.1820598 0.0309591 -0.0414090 0.0422362 -0.2838107 -0.1827849 0.9403496
2459.136493 -0.1835320 0.0313350 -0.0432979 0.0464643 -0.2858568 -0.1833945 0.9394112
2459.287288 -0.1858670 0.0318916 -0.0453611 0.0599367 -0.2932184 -0.1827645 0.9364976
2459.489521 -0.1884231 0.0313675 -0.0478721 0.0727676 -0.3008318 -0.1821747 0.9332832
2460.048337 -0.1998966 0.0339371 -0.0566748 0.1095669 -0.3259711 -0.1826851 0.9210668
2461.152497 -0.2148878 0.0388722 -0.0713452 0.1550954 -0.3583701 -0.1802158 0.9027949
2462.401704 -0.2328901 0.0463214 -0.0853776 0.1952447 -0.3902068 -0.1744492 0.8827149
2463.151691 -0.2386419 0.0489177 -0.0948510 0.1927280 -0.3988678 -0.1761698 0.8790476
2465.525819 -0.2603443 0.0715495 -0.1232910 0.1913770 -0.4235889 -0.1813677 0.8666332
2465.625434 -0.2596934 0.0728300 -0.1234169 0.1878944 -0.4214991 -0.1831331 0.8680418
2465.975400 -0.2597968 0.0731049 -0.1239052 0.1730186 -0.4148559 -0.1905837 0.8727182
2466.075391 -0.2589412 0.0745957 -0.1257555 0.1680090 -0.4147439 -0.1929253 0.8732356
2466.175381 -0.2583800 0.0747785 -0.1262994 0.1609766 -0.4176383 -0.1960091 0.8724937
2466.525347 -0.2562427 0.0772652 -0.1331808 0.1332786 -0.4108515 -0.2103557 0.8770339
2467.925211 -0.2713906 0.0955221 -0.1407170 0.0775242 -0.3849692 -0.2438827 0.8867412
2469.725037 -0.2834513 0.1109981 -0.1525126 0.0314716 -0.3818870 -0.2681976 0.8838789
2470.943687 -0.2907762 0.1198867 -0.1634704 0.0217468 -0.3799512 -0.2727042 0.8836269
2471.854879 -0.2955202 0.1254370 -0.1702028 0.0159661 -0.3708719 -0.2765982 0.8863930
2472.256203 -0.2988703 0.1295744 -0.1741300 0.0078027 -0.3644387 -0.2813979 0.8876593
2472.706080 -0.3012308 0.1321912 -0.1783143 0.0071620 -0.3696700 -0.2811340 0.8855826
2473.305508 -0.3055438 0.1338152 -0.1844607 0.0228646 -0.3820357 -0.2720204 0.8829104
2473.504185 -0.3066335 0.1327453 -0.1871897 0.0395536 -0.3901745 -0.2633824 0.8813791
2474.997107 -0.3148786 0.1307942 -0.2035449 0.1256008 -0.4276923 -0.2185585 0.8680645
2475.145394 -0.3146847 0.1298749 -0.2050764 0.1322977 -0.4299898 -0.2146230 0.8669158
2475.245739 -0.3149856 0.1302339 -0.2069215 0.1344795 -0.4337825 -0.2135432 0.8649551
2476.674364 -0.3221330 0.1370648 -0.2183210 0.1399853 -0.4295736 -0.2091140 0.8672612
2476.824350 -0.3219384 0.1377862 -0.2196512 0.1423986 -0.4310360 -0.2075333 0.8665221
2477.524282 -0.3251129 0.1403197 -0.2236844 0.1477350 -0.4283018 -0.2050594 0.8675728
2477.674268 -0.3254682 0.1420935 -0.2243540 0.1424612 -0.4264570 -0.2079361 0.8686782
2477.774258 -0.3250669 0.1424066 -0.2249963 0.1358774 -0.4234128 -0.2113886 0.8703871
2478.674171 -0.3286552 0.1525815 -0.2297802 0.0778679 -0.3989132 -0.2432002 0.8807148
2478.824156 -0.3298895 0.1542157 -0.2292626 0.0677513 -0.3914291 -0.2492238 0.8832217
2479.174122 -0.3296790 0.1571731 -0.2279311 0.0402330 -0.3792269 -0.2639588 0.8859425
2479.574084 -0.3300965 0.1617146 -0.2282291 0.0079938 -0.3680506 -0.2813545 0.8861797
2480.124030 -0.3282638 0.1636615 -0.2286302 -0.0281776 -0.3524817 -0.3001557 0.8859285
2480.374006 -0.3263527 0.1655717 -0.2259864 -0.0415999 -0.3455813 -0.3073218 0.8856615
2480.723972 -0.3262376 0.1678607 -0.2255253 -0.0582816 -0.3366088 -0.3167387 0.8848584
