2444.927438 0.0000000 0.0000000 0.0000000 -0.0000000 -0.0000000 -0.0000000 1.0000000
2449.526993 -0.0145784 0.0024751 0.0025577 -0.0232061 -0.0199258 -0.0012249 0.9995314
2449.576988 -0.0153792 0.0027179 0.0029245 -0.0225009 -0.0209957 -0.0014172 0.9995253
2450.076940 -0.0212954 0.0023955 0.0029969 -0.0196825 -0.0305493 -0.0042156 0.9993306
2450.576891 -0.0285563 0.0018775 0.0032744 -0.0156111 -0.0445855 -0.0149808 0.9987713
2451.326819 -0.0411832 0.0024105 0.0032503 -0.0109112 -0.0626553 -0.0321851 0.9974564
2451.926760 -0.0517479 0.0027870 0.0031371 -0.0102360 -0.0799486 -0.0410966 0.9958989
2452.426712 -0.0576689 0.0027933 0.0024580 -0.0046158 -0.0900130 -0.0455675 0.9948869
2452.676688 -0.0633265 0.0027786 0.0006184 -0.0024660 -0.0991165 -0.0479816 0.9939153
2452.826673 -0.0701274 0.0039306 -0.0015073 -0.0035860 -0.1115180 -0.0510159 0.9924456
2452.976659 -0.0740084 0.0048076 -0.0022335 -0.0070080 -0.1210686 -0.0557155 0.9910545
2454.076552 -0.0856669 0.0064194 -0.0018902 -0.0085507 -0.1401489 -0.0755364 0.9872079
2454.576504 -0.0918618 0.0075872 -0.0026241 -0.0083184 -0.1511808 -0.0828323 0.9849944
2456.176349 -0.1181450 0.0138503 -0.0078618 -0.0113682 -0.1847328 -0.1190362 0.9754871
2456.326335 -0.1173270 0.0150169 -0.0069893 -0.0119326 -0.1870680 -0.1210370 0.9747888
2457.376233 -0.1396521 0.0212181 -0.0140561 -0.0176194 -0.2123494 -0.1473610 0.9658582
2457.726199 -0.1471494 0.0237256 -0.0182642 -0.0159417 -0.2248765 -0.1594413 0.9611217
2457.826189 -0.1511836 0.0244719 -0.0196669 -0.0156978 -0.2276419 -0.1628873 0.9598961
2458.126160 -0.1513631 0.0240664 -0.0226834 -0.0134890 -0.2353610 -0.1672290 0.9573179
2458.326141 -0.1586769 0.0253447 -0.0268412 -0.0078038 -0.2404791 -0.1727333 0.9551294
2458.376136 -0.1608977 0.0269598 -0.0269573 -0.0024304 -0.2434853 -0.1752323 0.9539406
2458.728235 -0.1709851 0.0280964 -0.0359492 0.0178835 -0.2670625 -0.1795819 0.9466299
2458.929619 -0.1753272 0.0296553 -0.0388408 0.0302125 -0.2758955 -0.1823569 0.9432470
2459.084542 -0.1806487 0.0306756 -0.0426610 0.0426510 -0.2838099 -0.1826542 0.9403565
2459.187575 -0.1799625 0.0303863 -0.0437621 0.0510569 -0.2894374 -0.1827729 0.9381968
2459.287288 -0.1831377 0.0309661 -0.0453573 0.0601683 -0.2937997 -0.1822294 0.9364048
2459.695586 -0.1903524 0.0323480 -0.0505473 0.0861960 -0.3119324 -0.1831058 0.9282999
2460.550758 -0.2031949 0.0349812 -0.0620667 0.1318026 -0.3401833 -0.1805634 0.9134004
2460.651143 -0.2044097 0.0360129 -0.0620622 0.1362363 -0.3425045 -0.1797894 0.9120341
2461.802790 -0.2232429 0.0443180 -0.0806192 0.1779092 -0.3805963 -0.1831513 0.8887915
2462.152440 -0.2281379 0.0457329 -0.0841105 0.1896698 -0.3837517 -0.1776924 0.8861070
2462.401704 -0.2294415 0.0461363 -0.0844242 0.1957283 -0.3907428 -0.1736050 0.8825371
2464.840623 -0.2591862 0.0667100 -0.1170140 0.2022241 -0.4157790 -0.1745591 0.8693460
2465.875410 -0.2564606 0.0727509 -0.1237387 0.1792863 -0.4174190 -0.1869768 0.8710094
2465.925405 -0.2565446 0.0725781 -0.1235689 0.1767901 -0.4162849 -0.1884075 0.8717539
2465.975400 -0.2567094 0.0722708 -0.1232161 0.1733747 -0.4150246 -0.1898074 0.8727365
2466.375362 -0.2516574 0.0772029 -0.1280944 0.1459061 -0.4161873 -0.2026409 0.8743204
2466.675333 -0.2531735 0.0790936 -0.1307939 0.1203539 -0.4040296 -0.2172171 0.8803930
2467.925211 -0.2674122 0.0948403 -0.1382582 0.0780367 -0.3854592 -0.2428878 0.8867565
2469.175091 -0.2741740 0.1064080 -0.1480792 0.0433926 -0.3849779 -0.2614565 0.8840529
2469.675042 -0.2803034 0.1108526 -0.1499787 0.0332441 -0.3831064 -0.2667634 0.8837203
2470.381829 -0.2850432 0.1166324 -0.1559891 0.0236137 -0.3779538 -0.2719758 0.8846595
2470.839706 -0.2879284 0.1194258 -0.1604102 0.0228836 -0.3781443 -0.2725407 0.8844234
2471.400873 -0.2919669 0.1227351 -0.1653608 0.0256570 -0.3803892 -0.2708385 0.8839074
2471.754572 -0.2926688 0.1241788 -0.1673803 0.0202146 -0.3739749 -0.2737712 0.8858801
2472.805794 -0.2995024 0.1332411 -0.1769661 0.0070284 -0.3696366 -0.2808901 0.8856750
2473.205498 -0.3022020 0.1342283 -0.1814914 0.0149244 -0.3783846 -0.2758482 0.8834649
2473.355662 -0.3037319 0.1332176 -0.1834075 0.0294525 -0.3848651 -0.2684595 0.8825763
2475.145394 -0.3130013 0.1310542 -0.2031041 0.1333839 -0.4298082 -0.2136813 0.8670721
2475.979054 -0.3166665 0.1340564 -0.2130577 0.1481519 -0.4361644 -0.2052908 0.8635204
2476.474384 -0.3186287 0.1372475 -0.2134263 0.1363022 -0.4273337 -0.2112376 0.8684390
2477.024331 -0.3203977 0.1388810 -0.2195538 0.1460856 -0.4307743 -0.2054664 0.8665310
2477.524282 -0.3206837 0.1394902 -0.2216384 0.1483433 -0.4285000 -0.2039273 0.8676380
2478.074229 -0.3212902 0.1447236 -0.2258016 0.1211056 -0.4186335 -0.2187405 0.8730590
2478.474190 -0.3232606 0.1474849 -0.2257967 0.0937493 -0.4088503 -0.2322637 0.8775569
2478.824156 -0.3242505 0.1520304 -0.2288642 0.0678562 -0.3916791 -0.2478498 0.8834894
2479.524088 -0.3245380 0.1585913 -0.2280545 0.0130246 -0.3703193 -0.2772566 0.8864665
2479.824059 -0.3242190 0.1615845 -0.2276627 -0.0074558 -0.3611517 -0.2882207 0.8868160
2480.274016 -0.3244557 0.1649493 -0.2262981 -0.0359978 -0.3476444 -0.3040656 0.8862232
2480.773967 -0.3217614 0.1653432 -0.2254803 -0.0588820 -0.3363881 -0.3158831 0.8852084
2481.823866 -0.3218811 0.1662678 -0.2247803 -0.0589813 -0.3395592 -0.3153453 0.8841822
