2469.725037 0.0000000 0.0000000 0.0000000 -0.0000000 -0.0000000 -0.0000000 1.0000000
2471.400873 -0.0214078 0.0045289 0.0008833 -0.0063774 -0.0009739 0.0000298 0.9999792
2471.502878 -0.0228748 0.0047514 0.0010328 -0.0078748 0.0019565 -0.0000987 0.9999671
2471.654562 -0.0242707 0.0058843 0.0014193 -0.0112817 0.0042994 -0.0003515 0.9999271
2472.306356 -0.0350170 0.0075786 0.0021296 -0.0281302 0.0093708 -0.0016809 0.9995590
2472.805794 -0.0403499 0.0082251 0.0018080 -0.0293772 0.0043549 -0.0016453 0.9995576
2473.205498 -0.0455518 0.0078119 0.0014920 -0.0176027 -0.0019377 -0.0005330 0.9998431
2473.255651 -0.0463398 0.0067455 0.0014558 -0.0124511 -0.0024472 -0.0001970 0.9999195
2473.752897 -0.0530067 0.0002581 -0.0001649 0.0298429 -0.0073634 0.0017748 0.9995259
2473.852650 -0.0527862 0.0024925 -0.0000958 0.0395359 -0.0083408 0.0024143 0.9991804
2474.053085 -0.0531037 0.0048426 -0.0006964 0.0546395 -0.0101002 0.0034897 0.9984490
2474.102764 -0.0533548 0.0040972 -0.0015817 0.0604942 -0.0114035 0.0035873 0.9980969
2476.029050 -0.0790211 -0.0055200 -0.0065650 0.1419083 -0.0216852 0.0066339 0.9896200
2476.129395 -0.0797217 -0.0049477 -0.0070537 0.1373065 -0.0203863 0.0063455 0.9902985
2476.624369 -0.0833804 -0.0047885 -0.0061631 0.1320170 -0.0154419 0.0072368 0.9911007
2476.724360 -0.0835916 -0.0050152 -0.0067551 0.1348920 -0.0167875 0.0078202 0.9906873
2477.024331 -0.0861107 -0.0070396 -0.0069491 0.1396826 -0.0168082 0.0085334 0.9900169
2477.224311 -0.0860332 -0.0070955 -0.0069250 0.1440060 -0.0167673 0.0088481 0.9893952
2477.574277 -0.0879016 -0.0066867 -0.0085468 0.1403492 -0.0142568 0.0091335 0.9899573
2477.624272 -0.0872049 -0.0072278 -0.0075067 0.1384034 -0.0145447 0.0092617 0.9902259
2479.724069 -0.1043967 0.0095726 -0.0097996 -0.0359518 0.0070181 -0.0020168 0.9993269
2480.224021 -0.1052441 0.0152387 -0.0056893 -0.0785912 0.0113044 -0.0051118 0.9968297
2480.573987 -0.1031069 0.0201790 -0.0059585 -0.1001184 0.0143729 -0.0079653 0.9948398
2480.823963 -0.1027933 0.0195490 -0.0034766 -0.1093229 0.0146555 -0.0089381 0.9938581
