2469.725037 0.0000000 0.0000000 0.0000000 -0.0000000 -0.0000000 -0.0000000 1.0000000
2471.604231 -0.0239601 0.0015676 -0.0024056 -0.0141324 0.0046145 -0.0008312 0.9998892
2471.955580 -0.0289779 0.0021524 -0.0026537 -0.0227267 0.0056962 -0.0013621 0.9997246
2472.106039 -0.0322287 0.0027190 -0.0024101 -0.0267904 0.0094140 -0.0018099 0.9995951
2472.155896 -0.0329207 0.0029415 -0.0021923 -0.0289292 0.0109510 -0.0021313 0.9995192
2472.656085 -0.0397037 0.0025627 -0.0035662 -0.0305566 0.0052603 -0.0020939 0.9995170
2472.755937 -0.0409557 0.0023147 -0.0035049 -0.0311457 0.0042074 -0.0020146 0.9995040
2473.105646 -0.0454727 0.0024177 -0.0042902 -0.0251733 -0.0006710 -0.0015620 0.9996817
2473.355662 -0.0487732 -0.0004375 -0.0048827 -0.0023931 -0.0042206 -0.0000142 0.9999883
2473.953411 -0.0538572 -0.0032316 -0.0073390 0.0444525 -0.0098108 0.0025472 0.9989601
2474.102764 -0.0562033 -0.0063652 -0.0081646 0.0565498 -0.0114999 0.0033291 0.9983280
2475.930244 -0.0802248 -0.0140242 -0.0174198 0.1445887 -0.0224097 0.0072911 0.9892112
2476.374393 -0.0824908 -0.0130522 -0.0167460 0.1284024 -0.0178760 0.0069803 0.9915365
2476.524379 -0.0831929 -0.0118942 -0.0170174 0.1257416 -0.0155607 0.0076589 0.9919114
2476.724360 -0.0864547 -0.0129979 -0.0178644 0.1322397 -0.0175156 0.0077633 0.9910326
2476.824350 -0.0873497 -0.0137047 -0.0178697 0.1347152 -0.0182003 0.0081132 0.9906840
2477.024331 -0.0896669 -0.0138796 -0.0183137 0.1374912 -0.0173173 0.0083528 0.9903164
2477.474287 -0.0930380 -0.0144945 -0.0171719 0.1416296 -0.0140445 0.0084136 0.9897844
2477.574277 -0.0955397 -0.0146116 -0.0202604 0.1377948 -0.0136508 0.0083166 0.9903318
2479.174122 -0.1144066 -0.0039347 -0.0206119 0.0076216 0.0077889 -0.0000286 0.9999406
2479.524088 -0.1131624 -0.0023140 -0.0203044 -0.0246183 0.0067780 -0.0014413 0.9996729
2480.024040 -0.1135157 -0.0025795 -0.0204140 -0.0690610 0.0101088 -0.0058148 0.9975443
2480.424001 -0.1132275 0.0026337 -0.0183594 -0.0962287 0.0144624 -0.0081510 0.9952208
2481.723875 -0.1136671 0.0036510 -0.0198674 -0.1137108 0.0140741 -0.0088938 0.9933744
