2469.725037 0.0000000 0.0000000 0.0000000 -0.0000000 -0.0000000 -0.0000000 1.0000000
2471.197514 -0.0189128 0.0011949 -0.0013500 -0.0080107 -0.0019131 -0.0004144 0.9999660
2471.349495 -0.0196948 0.0010653 -0.0017664 -0.0072025 -0.0017046 -0.0001748 0.9999726
2471.502878 -0.0216936 0.0011320 -0.0014537 -0.0092042 0.0018290 -0.0003849 0.9999559
2472.106039 -0.0295665 0.0029319 -0.0012874 -0.0267072 0.0092950 -0.0017218 0.9995986
2472.306356 -0.0326892 0.0025652 -0.0023440 -0.0299515 0.0089431 -0.0021039 0.9995092
2472.755937 -0.0371152 0.0028021 -0.0023942 -0.0309415 0.0039325 -0.0018068 0.9995118
2472.955937 -0.0388544 0.0027379 -0.0027508 -0.0290000 0.0017500 -0.0015827 0.9995766
2473.355662 -0.0448720 0.0000409 -0.0036935 -0.0022345 -0.0042053 0.0001042 0.9999887
2473.504185 -0.0454930 -0.0014918 -0.0050263 0.0109906 -0.0065850 0.0009535 0.9999175
2474.947112 -0.0581348 -0.0096728 -0.0106550 0.1145389 -0.0211293 0.0057743 0.9931773
2476.325840 -0.0743745 -0.0103136 -0.0142965 0.1299967 -0.0189141 0.0070518 0.9913089
2476.524379 -0.0755556 -0.0097921 -0.0140182 0.1261668 -0.0160536 0.0074841 0.9918509
2476.624369 -0.0768575 -0.0103614 -0.0135452 0.1298779 -0.0169916 0.0075716 0.9913555
2476.824350 -0.0800279 -0.0119955 -0.0155054 0.1349776 -0.0183511 0.0082576 0.9906443
2477.174316 -0.0815075 -0.0125489 -0.0147829 0.1406720 -0.0175202 0.0086572 0.9898634
2477.424292 -0.0840001 -0.0125386 -0.0156237 0.1431175 -0.0150298 0.0085418 0.9895547
2477.524282 -0.0847128 -0.0121898 -0.0154580 0.1399571 -0.0142799 0.0086977 0.9900164
2477.624272 -0.0865839 -0.0123422 -0.0159815 0.1365225 -0.0142468 0.0082741 0.9905000
2480.074035 -0.1030328 0.0081901 -0.0117386 -0.0683344 0.0096522 -0.0050917 0.9976028
2480.124030 -0.1014068 0.0090978 -0.0132030 -0.0710162 0.0092577 -0.0044411 0.9974223
2481.623885 -0.1022180 0.0147216 -0.0100262 -0.1092915 0.0139787 -0.0090762 0.9938700
