2469.725037 0.0000000 0.0000000 0.0000000 -0.0000000 -0.0000000 -0.0000000 1.0000000
2471.247509 -0.0202178 0.0006470 -0.0022098 -0.0077972 -0.0016222 -0.0003163 0.9999682
2471.349495 -0.0209807 0.0003944 -0.0024969 -0.0074862 -0.0015271 -0.0003106 0.9999708
2471.654562 -0.0241474 0.0011128 -0.0028007 -0.0130149 0.0042093 -0.0008016 0.9999061
2471.854879 -0.0268732 0.0016067 -0.0032910 -0.0200872 0.0061681 -0.0011670 0.9997786
2472.155896 -0.0322147 0.0022582 -0.0027488 -0.0291574 0.0112493 -0.0022083 0.9995091
2472.256203 -0.0334484 0.0020305 -0.0033476 -0.0312700 0.0099938 -0.0019685 0.9994591
2472.755937 -0.0390045 0.0017939 -0.0042964 -0.0312423 0.0041522 -0.0020260 0.9995012
2473.355662 -0.0468812 -0.0010467 -0.0057592 -0.0025747 -0.0042008 0.0001371 0.9999878
2473.653795 -0.0500376 -0.0030719 -0.0072540 0.0246709 -0.0084192 0.0014301 0.9996592
2474.003090 -0.0526616 -0.0054758 -0.0084499 0.0488289 -0.0107257 0.0028795 0.9987454
2474.252177 -0.0564857 -0.0075399 -0.0098522 0.0660993 -0.0152847 0.0036225 0.9976894
2474.947112 -0.0622085 -0.0115544 -0.0129904 0.1140545 -0.0205709 0.0056598 0.9932454
2476.524379 -0.0797472 -0.0123520 -0.0173581 0.1254715 -0.0156118 0.0075606 0.9919456
2476.624369 -0.0814974 -0.0128586 -0.0167128 0.1291619 -0.0164836 0.0075145 0.9914581
2476.824350 -0.0833267 -0.0128478 -0.0184995 0.1348271 -0.0181415 0.0083747 0.9906677
2477.024331 -0.0841864 -0.0133131 -0.0188915 0.1375660 -0.0177203 0.0085759 0.9902970
2477.424292 -0.0877731 -0.0144281 -0.0194452 0.1426388 -0.0149086 0.0086453 0.9896248
2477.574277 -0.0907919 -0.0135532 -0.0189580 0.1379789 -0.0137991 0.0083026 0.9903042
2477.824253 -0.0920973 -0.0122142 -0.0179181 0.1216765 -0.0117376 0.0080860 0.9924675
2478.024234 -0.0926260 -0.0097625 -0.0149585 0.1096592 -0.0118578 0.0075123 0.9938701
2478.974142 -0.1055448 -0.0041025 -0.0145263 0.0277611 0.0055263 0.0023091 0.9995967
2479.724069 -0.1087923 0.0021615 -0.0156839 -0.0383204 0.0077205 -0.0036076 0.9992292
2479.924050 -0.1103687 0.0027264 -0.0173219 -0.0601734 0.0107595 -0.0048027 0.9981184
2480.074035 -0.1088947 0.0028595 -0.0152598 -0.0700992 0.0103653 -0.0062788 0.9974664
2480.274016 -0.1092777 0.0027653 -0.0157816 -0.0849718 0.0119306 -0.0070475 0.9962870
2480.723972 -0.1094219 0.0030279 -0.0153785 -0.1129824 0.0161244 -0.0112481 0.9934025
