2469.725037 0.0000000 0.0000000 0.0000000 -0.0000000 -0.0000000 -0.0000000 1.0000000
2470.787973 -0.0096086 0.0005645 -0.0009436 -0.0120618 0.0022469 -0.0006752 0.9999245
2470.891756 -0.0105469 0.0003811 -0.0010497 -0.0114189 -0.0003364 -0.0005719 0.9999346
2471.349495 -0.0148212 0.0001770 -0.0013609 -0.0076289 -0.0012280 -0.0003888 0.9999701
2471.654562 -0.0167730 0.0006901 -0.0014325 -0.0131529 0.0044798 -0.0007226 0.9999032
2472.055886 -0.0213010 0.0013101 -0.0014813 -0.0246934 0.0077516 -0.0016554 0.9996637
2472.505783 -0.0257072 0.0014398 -0.0021873 -0.0309030 0.0080292 -0.0022101 0.9994877
2472.706080 -0.0271511 0.0015229 -0.0024060 -0.0302771 0.0047616 -0.0021334 0.9995279
2473.255651 -0.0324413 0.0003507 -0.0032498 -0.0146971 -0.0019187 -0.0007133 0.9998899
2473.355662 -0.0326816 -0.0008264 -0.0034590 -0.0027194 -0.0035400 0.0000924 0.9999900
2474.102764 -0.0378344 -0.0049239 -0.0057943 0.0560417 -0.0105595 0.0031505 0.9983676
2474.997107 -0.0442972 -0.0085140 -0.0087455 0.1142902 -0.0189649 0.0053191 0.9932522
2476.524379 -0.0556034 -0.0081754 -0.0113356 0.1254321 -0.0146138 0.0074778 0.9919664
2476.624369 -0.0567275 -0.0090405 -0.0114091 0.1289583 -0.0154538 0.0076943 0.9914998
2476.824350 -0.0584742 -0.0098136 -0.0127231 0.1341172 -0.0169794 0.0081875 0.9907862
2477.024331 -0.0609760 -0.0099654 -0.0121568 0.1369727 -0.0156259 0.0082504 0.9904172
2477.324302 -0.0614121 -0.0103241 -0.0116887 0.1413826 -0.0143767 0.0087935 0.9898115
2477.624272 -0.0637313 -0.0103535 -0.0135318 0.1354912 -0.0124997 0.0086196 0.9906622
2479.724069 -0.0753118 0.0020056 -0.0108759 -0.0385436 0.0091307 -0.0033201 0.9992097
2479.824059 -0.0752408 0.0021760 -0.0125224 -0.0492399 0.0102610 -0.0029384 0.9987300
2480.024040 -0.0747076 0.0033679 -0.0094846 -0.0664812 0.0113149 -0.0049722 0.9977111
2481.123934 -0.0743937 0.0072786 -0.0101074 -0.1111333 0.0175484 -0.0097645 0.9936026
2481.223924 -0.0741631 0.0069158 -0.0101618 -0.1134120 0.0173598 -0.0092282 0.9933535
