2469.725037 0.0000000 0.0000000 0.0000000 -0.0000000 -0.0000000 -0.0000000 1.0000000
2471.247509 -0.0203894 0.0010651 -0.0014265 -0.0076760 -0.0016047 -0.0001422 0.9999692
2471.349495 -0.0214783 0.0009318 -0.0016956 -0.0073371 -0.0013734 -0.0002435 0.9999721
2471.804883 -0.0272208 0.0021976 -0.0018108 -0.0171346 0.0056607 -0.0010941 0.9998366
2472.055886 -0.0306005 0.0028798 -0.0020430 -0.0242941 0.0073525 -0.0014039 0.9996768
2472.356351 -0.0360180 0.0032660 -0.0021286 -0.0301750 0.0089884 -0.0022202 0.9995018
2472.755937 -0.0394209 0.0027151 -0.0026592 -0.0310012 0.0042354 -0.0017674 0.9995088
2472.955937 -0.0419098 0.0028058 -0.0031118 -0.0290298 0.0023142 -0.0017439 0.9995744
2473.005933 -0.0423432 0.0024198 -0.0030871 -0.0269095 0.0007983 -0.0014500 0.9996365
2473.355662 -0.0475346 0.0000129 -0.0041500 -0.0022380 -0.0039873 0.0002677 0.9999895
2474.202182 -0.0557688 -0.0062956 -0.0082435 0.0641240 -0.0133975 0.0037085 0.9978451
2474.252177 -0.0567660 -0.0065970 -0.0081291 0.0663638 -0.0152295 0.0037428 0.9976723
2475.095616 -0.0646986 -0.0112717 -0.0124440 0.1184628 -0.0191876 0.0055730 0.9927574
2475.145394 -0.0649157 -0.0117474 -0.0122122 0.1230163 -0.0202246 0.0060467 0.9921802
2476.524379 -0.0805945 -0.0107864 -0.0156055 0.1259588 -0.0153570 0.0074756 0.9918884
2476.624369 -0.0812142 -0.0116715 -0.0151655 0.1295739 -0.0166049 0.0076807 0.9914010
2476.824350 -0.0846283 -0.0133729 -0.0173688 0.1345970 -0.0179604 0.0081077 0.9907045
2476.924340 -0.0856381 -0.0126015 -0.0170330 0.1367308 -0.0174474 0.0085108 0.9904180
2477.274306 -0.0874711 -0.0129982 -0.0173750 0.1428744 -0.0164297 0.0089394 0.9895641
2477.624272 -0.0909277 -0.0123819 -0.0171456 0.1364980 -0.0140077 0.0082355 0.9905071
2478.174219 -0.0975534 -0.0064800 -0.0160185 0.1005957 -0.0106892 0.0066434 0.9948478
2479.924050 -0.1091183 0.0070365 -0.0121930 -0.0592870 0.0104895 -0.0047739 0.9981745
2480.074035 -0.1077252 0.0077993 -0.0129731 -0.0686403 0.0098957 -0.0052910 0.9975784
2480.324011 -0.1069273 0.0103694 -0.0126040 -0.0871933 0.0121628 -0.0072017 0.9960911
2480.573987 -0.1077614 0.0118409 -0.0123476 -0.1032640 0.0152236 -0.0094046 0.9944930
2480.723972 -0.1090528 0.0126205 -0.0094162 -0.1095787 0.0160403 -0.0095467 0.9938028
