2469.725037 0.0000000 0.0000000 0.0000000 -0.0000000 -0.0000000 -0.0000000 1.0000000
2471.604231 -0.0242533 0.0011846 -0.0023830 -0.0142488 0.0049911 -0.0008116 0.9998857
2471.804883 -0.0273039 0.0011312 -0.0026563 -0.0175392 0.0055200 -0.0011284 0.9998304
2472.155896 -0.0326836 0.0024477 -0.0021090 -0.0290993 0.0112124 -0.0020650 0.9995115
2472.406208 -0.0369533 0.0025767 -0.0025748 -0.0304996 0.0084476 -0.0021391 0.9994968
2473.055789 -0.0447304 0.0023115 -0.0037751 -0.0273997 0.0009763 -0.0015840 0.9996229
2473.105646 -0.0454975 0.0018693 -0.0042298 -0.0253514 -0.0002846 -0.0015663 0.9996774
2473.255651 -0.0477394 0.0007421 -0.0044643 -0.0146892 -0.0024345 -0.0007289 0.9998889
2473.355662 -0.0487287 -0.0008275 -0.0048401 -0.0025626 -0.0037967 0.0000729 0.9999895
2474.102764 -0.0564521 -0.0066037 -0.0077156 0.0563655 -0.0109375 0.0032521 0.9983450
2474.302014 -0.0601324 -0.0080795 -0.0097144 0.0705813 -0.0171140 0.0037146 0.9973523
2474.897828 -0.0649063 -0.0118504 -0.0125627 0.1087055 -0.0200357 0.0050120 0.9938594
2475.145394 -0.0678056 -0.0122850 -0.0129365 0.1230080 -0.0195948 0.0059154 0.9921946
2476.524379 -0.0839738 -0.0121393 -0.0162053 0.1255814 -0.0147603 0.0075220 0.9919450
2476.624369 -0.0856360 -0.0122338 -0.0157231 0.1294351 -0.0156282 0.0075111 0.9914363
2476.874345 -0.0889671 -0.0135882 -0.0172293 0.1356166 -0.0167549 0.0084825 0.9905834
2476.974335 -0.0887485 -0.0140334 -0.0171482 0.1365549 -0.0169031 0.0083068 0.9904535
2477.274306 -0.0914199 -0.0137848 -0.0175608 0.1425889 -0.0155472 0.0086407 0.9896222
2477.574277 -0.0949811 -0.0140009 -0.0174786 0.1379439 -0.0129794 0.0082211 0.9903209
2479.174122 -0.1110030 -0.0003808 -0.0172174 0.0087690 0.0075622 0.0033887 0.9999272
2479.274113 -0.1124913 -0.0000866 -0.0161855 -0.0015087 0.0095252 -0.0005942 0.9999533
2480.124030 -0.1130544 0.0091367 -0.0139048 -0.0711402 0.0114017 -0.0054112 0.9973865
2480.673977 -0.1131273 0.0128315 -0.0119492 -0.1078168 0.0167821 -0.0095975 0.9939829
2481.873861 -0.1125868 0.0131009 -0.0129686 -0.1087344 0.0131567 -0.0083748 0.9939485
