2469.725037 0.0000000 0.0000000 0.0000000 -0.0000000 -0.0000000 -0.0000000 1.0000000
2471.247509 -0.0194459 0.0007961 -0.0015629 -0.0077395 -0.0015008 -0.0001600 0.9999689
2471.349495 -0.0196867 0.0007423 -0.0020214 -0.0073509 -0.0015681 -0.0000345 0.9999717
2471.654562 -0.0234217 0.0011401 -0.0021711 -0.0130173 0.0044609 -0.0006651 0.9999051
2472.055886 -0.0291456 0.0022413 -0.0022946 -0.0244491 0.0075241 -0.0013890 0.9996718
2472.356351 -0.0341860 0.0023951 -0.0027687 -0.0304055 0.0090943 -0.0021625 0.9994940
2472.755937 -0.0411133 0.0012919 -0.0042410 -0.0313826 0.0059710 -0.0025213 0.9994864
2472.955937 -0.0399358 0.0022885 -0.0037186 -0.0291084 0.0025333 -0.0017693 0.9995715
2473.355662 -0.0417563 0.0009821 -0.0033989 -0.0017944 -0.0052178 0.0009252 0.9999844
2473.504185 -0.0469066 -0.0020854 -0.0053601 0.0107945 -0.0057006 0.0010508 0.9999250
2473.752897 -0.0492699 -0.0030913 -0.0065585 0.0288495 -0.0078707 0.0019791 0.9995509
2474.152601 -0.0529116 -0.0064193 -0.0080550 0.0580737 -0.0113091 0.0034781 0.9982422
2475.145394 -0.0611032 -0.0107990 -0.0119896 0.1231200 -0.0200972 0.0062669 0.9921685
2475.979054 -0.0726358 -0.0125385 -0.0154531 0.1412813 -0.0224096 0.0072031 0.9896896
2476.079045 -0.0727829 -0.0121144 -0.0158190 0.1367631 -0.0219781 0.0072106 0.9903337
2476.374393 -0.0750094 -0.0120007 -0.0155367 0.1283911 -0.0175979 0.0072356 0.9915411
2476.674364 -0.0780050 -0.0125323 -0.0162202 0.1316370 -0.0169246 0.0081678 0.9911199
2477.024331 -0.0825679 -0.0129612 -0.0173317 0.1374023 -0.0168314 0.0085688 0.9903352
2477.324302 -0.0847255 -0.0125856 -0.0165645 0.1420046 -0.0150433 0.0086712 0.9897137
2477.524282 -0.0852007 -0.0119018 -0.0173620 0.1397705 -0.0134998 0.0089431 0.9900515
2477.574277 -0.0857296 -0.0118577 -0.0174874 0.1383765 -0.0135868 0.0090830 0.9902449
2478.224214 -0.0938236 -0.0120067 -0.0219033 0.0951024 -0.0098630 0.0059336 0.9954010
2479.724069 -0.1041821 0.0000191 -0.0171509 -0.0391474 0.0082827 -0.0026914 0.9991955
2479.824059 -0.1047349 0.0004332 -0.0181041 -0.0499715 0.0095978 -0.0031257 0.9986997
2480.224021 -0.1039897 0.0051460 -0.0151086 -0.0818021 0.0121192 -0.0061624 0.9965559
2480.573987 -0.1043430 0.0041501 -0.0166919 -0.1058019 0.0162630 -0.0093889 0.9942099
2481.123934 -0.1020093 0.0085521 -0.0140145 -0.1117310 0.0167602 -0.0096578 0.9935502
