2469.725037 0.0000000 0.0000000 0.0000000 -0.0000000 -0.0000000 -0.0000000 1.0000000
2471.247509 -0.0208223 0.0010780 -0.0020181 -0.0076355 -0.0014347 -0.0001890 0.9999698
2471.349495 -0.0220759 0.0007124 -0.0023267 -0.0073434 -0.0011408 -0.0003941 0.9999723
2471.502878 -0.0233918 0.0007880 -0.0022260 -0.0093152 0.0021485 -0.0003840 0.9999543
2471.804883 -0.0273870 0.0013251 -0.0031665 -0.0173655 0.0057548 -0.0010767 0.9998321
2472.055886 -0.0312499 0.0021104 -0.0029751 -0.0245190 0.0076430 -0.0014878 0.9996691
2472.106039 -0.0319131 0.0022528 -0.0026738 -0.0268858 0.0097396 -0.0016858 0.9995897
2472.755937 -0.0402010 0.0021519 -0.0043222 -0.0310992 0.0045579 -0.0018619 0.9995042
2472.955937 -0.0422366 0.0016497 -0.0046680 -0.0293551 0.0024510 -0.0017242 0.9995646
2473.504185 -0.0500653 -0.0026848 -0.0066919 0.0106749 -0.0056007 0.0007986 0.9999270
2473.653795 -0.0518272 -0.0033846 -0.0076748 0.0245883 -0.0077912 0.0013742 0.9996664
2474.102764 -0.0551807 -0.0071264 -0.0097386 0.0562363 -0.0109601 0.0033309 0.9983518
2475.438708 -0.0707795 -0.0139899 -0.0147505 0.1371993 -0.0227865 0.0062496 0.9902616
2476.079045 -0.0787207 -0.0128515 -0.0168051 0.1367809 -0.0214653 0.0070434 0.9903437
2476.524379 -0.0824283 -0.0117735 -0.0164532 0.1256742 -0.0147168 0.0074646 0.9919344
2476.774355 -0.0856557 -0.0134664 -0.0177202 0.1335206 -0.0177201 0.0080277 0.9908551
2476.924340 -0.0906378 -0.0130934 -0.0168966 0.1366476 -0.0157203 0.0080824 0.9904620
2477.024331 -0.0907585 -0.0130344 -0.0171726 0.1376483 -0.0157801 0.0081729 0.9903218
2477.524282 -0.0909232 -0.0126607 -0.0176621 0.1398991 -0.0133329 0.0087066 0.9900377
2477.624272 -0.0910841 -0.0125278 -0.0178546 0.1365757 -0.0136277 0.0090872 0.9904942
2479.274113 -0.1030000 -0.0145853 -0.0314928 -0.0057891 0.0073410 0.0009596 0.9999558
2479.374103 -0.1048170 -0.0145680 -0.0339294 -0.0153004 0.0078112 0.0001222 0.9998524
2479.874055 -0.1085149 -0.0055510 -0.0264845 -0.0578225 0.0103891 -0.0035204 0.9982666
2480.623982 -0.1066060 0.0042064 -0.0206660 -0.1092584 0.0150461 -0.0081008 0.9938665
2481.123934 -0.1060765 0.0044869 -0.0198713 -0.1133562 0.0160652 -0.0081225 0.9933913
2481.773871 -0.1058358 0.0047072 -0.0194746 -0.1129521 0.0122524 -0.0079333 0.9934933
