2469.725037 0.0000000 0.0000000 0.0000000 -0.0000000 -0.0000000 -0.0000000 1.0000000
2471.349495 -0.0220396 0.0006891 -0.0027266 -0.0073557 -0.0014209 -0.0002725 0.9999719
2471.451994 -0.0231137 0.0015365 -0.0023716 -0.0080658 0.0009392 -0.0004997 0.9999669
2471.502878 -0.0232957 0.0007528 -0.0028413 -0.0092925 0.0017758 -0.0003944 0.9999552
2472.106039 -0.0326313 0.0020267 -0.0036378 -0.0269402 0.0096453 -0.0018257 0.9995888
2472.155896 -0.0346529 0.0027637 -0.0033330 -0.0289153 0.0117528 -0.0024382 0.9995098
2472.455927 -0.0369441 0.0023970 -0.0043608 -0.0301005 0.0071463 -0.0019896 0.9995193
2472.755937 -0.0412088 0.0020756 -0.0048875 -0.0311434 0.0044091 -0.0019489 0.9995033
2473.355662 -0.0489606 -0.0019219 -0.0069917 -0.0028310 -0.0040757 0.0001711 0.9999877
2474.102764 -0.0567769 -0.0077530 -0.0106775 0.0561205 -0.0111514 0.0034479 0.9983558
2474.202182 -0.0588148 -0.0083705 -0.0110176 0.0635742 -0.0130769 0.0037384 0.9978845
2474.451427 -0.0629340 -0.0100021 -0.0127928 0.0797103 -0.0212720 0.0040928 0.9965827
2475.438708 -0.0726199 -0.0163791 -0.0183880 0.1365861 -0.0230149 0.0063899 0.9903402
2476.079045 -0.0806212 -0.0138429 -0.0195660 0.1366425 -0.0217409 0.0071583 0.9903560
2476.524379 -0.0862802 -0.0141211 -0.0205378 0.1250479 -0.0146076 0.0072959 0.9920164
2476.674364 -0.0867446 -0.0151300 -0.0205817 0.1312168 -0.0167222 0.0080477 0.9911800
2476.924340 -0.0906831 -0.0142884 -0.0205769 0.1364099 -0.0166964 0.0083549 0.9904765
2477.024331 -0.0916563 -0.0145776 -0.0204952 0.1372384 -0.0163641 0.0083473 0.9903677
2477.524282 -0.0969542 -0.0157457 -0.0208495 0.1389020 -0.0124788 0.0083882 0.9901920
2477.624272 -0.0973572 -0.0152082 -0.0214998 0.1357123 -0.0128636 0.0083330 0.9906297
2479.274113 -0.1149551 -0.0035113 -0.0217762 -0.0024858 0.0094259 -0.0003324 0.9999524
2479.824059 -0.1169820 -0.0032871 -0.0253086 -0.0513594 0.0106936 -0.0028207 0.9986190
2480.473997 -0.1154508 -0.0029291 -0.0217690 -0.1010972 0.0156841 -0.0083867 0.9947176
2480.573987 -0.1136511 0.0038750 -0.0217244 -0.1059608 0.0159832 -0.0091153 0.9942001
2480.723972 -0.1141682 0.0035613 -0.0203886 -0.1129009 0.0164829 -0.0096751 0.9934224
